time,ax,ay,az,aT
0.005000,0.3599,0.3576,-1.8351,1.904
0.005000,0.2170,0.4224,-1.5449,1.616
0.006000,0.1958,0.4395,-1.1668,1.262
0.007000,0.2357,0.4248,-0.7486,0.892
0.016000,0.2937,0.4059,-0.4306,0.661
0.017000,0.2955,0.4057,-0.2570,0.564
0.024000,0.2819,0.4496,-0.1912,0.564
0.026000,0.2722,0.4426,-0.2137,0.562
0.034000,0.2427,0.3847,-0.3668,0.584
0.037000,0.2484,0.3173,-0.5309,0.667
0.042000,0.1913,0.2527,-0.6610,0.733
0.047000,0.1288,0.2128,-0.7288,0.770
0.052000,0.0775,0.1808,-0.7393,0.765
0.056000,0.0536,0.2167,-0.6693,0.706
0.061000,0.0433,0.2937,-0.5524,0.627
0.066000,0.0441,0.3876,-0.4959,0.631
0.078000,0.0303,0.5293,-0.3779,0.651
0.079000,0.0236,0.6755,-0.2536,0.722
0.081000,0.0578,0.8524,-0.0917,0.859
0.086000,0.1565,1.0312,0.1884,1.060
0.091000,0.3517,1.1376,0.4365,1.268
0.096000,0.6406,1.2695,0.6860,1.579
0.101000,0.9015,1.3959,0.9276,1.903
0.107000,1.1112,1.5046,1.2280,2.238
0.112000,1.2628,1.5622,1.4775,2.494
0.120000,1.2633,1.5066,1.4643,2.452
0.122000,1.2011,1.3049,1.2254,2.156
0.126000,1.3439,1.0108,0.9190,1.916
0.133000,1.0246,0.8849,0.9362,1.646
0.136000,0.6746,0.9793,0.7439,1.403
0.151000,0.7693,0.9099,0.1454,1.200
0.153000,0.8088,0.7352,-0.1836,1.108
0.153000,0.7615,0.5628,-0.0206,0.947
0.157000,0.6621,0.3853,0.1720,0.785
0.161000,0.4164,0.1502,0.5707,0.722
0.168000,0.0803,-0.0326,1.0890,1.092
0.182000,-0.2203,-0.1183,1.6768,1.695
0.183000,-0.4157,-0.2080,2.2624,2.310
0.184000,-0.4530,-0.3481,2.7774,2.836
0.186000,-0.3974,-0.4942,3.0389,3.104
0.192000,-0.1984,-0.6061,2.8528,2.923
0.196000,-0.0058,-0.6675,2.3950,2.486
0.200000,0.4471,-0.5927,1.8669,2.009
0.207000,1.0125,-0.3300,1.3330,1.706
0.213000,1.4582,0.0302,0.7859,1.657
0.216000,1.6310,0.3719,0.2420,1.690
0.220000,1.5265,0.6363,-0.2321,1.670
0.225000,1.5403,0.5453,-0.5155,1.713
0.230000,1.9042,0.0100,-0.4687,1.961
0.235000,1.0404,0.2673,-0.3698,1.136
0.251000,-0.0224,0.4961,-0.3452,0.605
0.252000,-0.5675,0.6391,-0.6303,1.062
0.252000,-0.5894,0.7897,-0.9281,1.354
0.257000,-0.4295,0.9098,-1.2457,1.601
0.260000,-0.3290,0.7591,-1.4122,1.637
0.265000,-0.3932,0.4579,-1.4829,1.601
0.270000,-0.3558,0.2410,-1.6348,1.690
0.276000,-0.3049,0.0813,-1.6461,1.676
0.280000,-0.3134,0.0403,-1.5367,1.569
0.285000,-0.3860,0.0129,-1.2764,1.334
0.290000,-0.5681,0.0148,-0.9801,1.133
0.298000,-0.6971,0.0214,-0.7289,1.009
0.299000,-0.8043,-0.0911,-0.4506,0.926
0.306000,-0.8797,-0.3054,-0.1851,0.949
0.310000,-0.8515,-0.4972,0.1131,0.993
0.315000,-0.7113,-0.6597,0.4987,1.091
0.319000,-0.6528,-0.8080,0.7019,1.254
0.325000,-0.6317,-0.9925,0.7024,1.370
0.332000,-0.7966,-1.1656,0.5874,1.529
0.334000,-1.1306,-1.2967,0.2689,1.741
0.340000,-1.3705,-1.3450,-0.0161,1.920
0.345000,-1.4547,-1.3562,-0.0174,1.989
0.349000,-1.3169,-1.3164,-0.0101,1.862
0.354000,-1.0504,-1.1709,0.0678,1.574
0.360000,-0.7255,-0.9753,0.2614,1.243
0.369000,-0.4667,-0.7853,0.4199,1.005
0.372000,-0.3332,-0.5934,0.4553,0.819
0.383000,-0.2393,-0.4737,0.3513,0.636
0.387000,-0.3284,-0.4181,0.1613,0.556
0.388000,-0.4585,-0.3283,0.0282,0.565
0.391000,-0.4812,-0.1443,-0.0371,0.504
0.397000,-0.3232,0.1388,-0.2712,0.444
0.399000,-0.2493,0.3359,-0.6726,0.792
0.405000,-0.3119,0.4634,-1.1183,1.250
0.414000,-0.4621,0.5896,-1.5628,1.733
0.415000,-0.6587,0.6798,-1.8756,2.101
0.419000,-0.8180,0.6494,-2.0145,2.269
0.423000,-1.0339,0.5869,-1.9645,2.296
0.429000,-1.3737,0.4322,-1.5858,2.142
0.434000,-1.6681,0.2369,-1.0894,2.006
0.440000,-1.8059,0.0562,-0.7667,1.963
0.444000,-1.8647,-0.0372,-0.3454,1.897
0.448000,-1.8846,-0.1291,-0.0457,1.890
0.454000,-2.2058,-0.4478,1.2390,2.569
0.458000,-3.3427,-0.9443,5.4783,6.487
0.463000,-3.1350,-0.5582,3.1669,4.491
0.469000,-2.2137,-0.0709,0.1963,2.223
0.473000,-2.0408,0.1240,-0.0563,2.045
0.480000,-2.5222,0.1035,-0.0030,2.524
0.484000,-3.0087,-0.1435,-0.4670,3.048
0.499000,-3.2994,-0.7827,-1.2756,3.623
0.500000,-3.3830,-1.4733,-2.0342,4.213
0.501000,-3.0615,-1.0201,-2.7128,4.216
0.504000,-3.3934,-1.4742,-3.7115,5.241
0.508000,-3.8087,-2.8476,-4.4682,6.525
0.515000,-1.5638,-1.5646,-4.1363,4.691
0.518000,0.8038,0.5560,-4.5248,4.629
0.523000,2.3561,2.8246,-4.2258,5.602
0.528000,3.8354,5.0463,-2.4741,6.804
0.533000,4.9683,6.5621,-0.3973,8.240
0.539000,5.5562,7.0825,0.6924,9.028
0.543000,5.8044,6.7010,0.6855,8.892
0.550000,6.2385,6.0005,-0.0794,8.656
0.553000,6.5282,5.2776,-0.8906,8.442
0.558000,6.4045,4.6532,-1.2626,8.016
0.563000,6.0848,4.2772,-1.1972,7.533
0.568000,5.9407,4.0977,-1.0556,7.294
0.582000,5.7631,3.9821,-0.9305,7.067
0.583000,5.3047,3.8070,-0.5143,6.550
0.584000,5.0356,3.7791,-0.4063,6.309
0.588000,4.0651,3.3249,-0.0947,5.253
0.593000,3.2611,2.9020,0.2505,4.373
0.597000,2.3640,2.4037,0.4078,3.396
0.603000,1.4354,1.9368,0.5090,2.464
0.609000,0.3656,1.4407,0.6259,1.613
0.613000,-0.5344,1.0715,0.6180,1.347
0.617000,-0.7642,1.1443,0.2420,1.397
0.623000,-1.5836,0.9722,0.0525,1.859
0.627000,-2.6997,0.5691,0.1580,2.764
0.632000,-3.3698,0.2990,2.1316,3.999
0.637000,-2.8706,1.0004,4.8748,5.745
0.642000,-3.3244,0.4429,3.4842,4.836
0.647000,-3.7793,-1.0381,2.6106,4.709
0.652000,-2.3577,-1.1676,0.6690,2.715
0.657000,-0.7966,-0.7429,-1.6198,1.952
0.662000,0.2413,-0.2083,-2.9373,2.955
0.667000,0.7503,0.4576,-3.7166,3.819
0.682000,0.6736,0.8610,-3.9928,4.140
0.684000,0.3413,1.0852,-4.3116,4.459
0.684000,0.1629,1.3120,-4.8493,5.026
0.687000,0.1365,1.5614,-5.2121,5.443
0.692000,0.0285,1.7689,-5.1339,5.430
0.697000,-0.0378,1.9644,-5.0315,5.402
0.702000,0.2262,2.0945,-5.1722,5.585
0.715000,0.6802,2.1688,-5.5649,6.011
0.716000,1.1244,2.2450,-5.8037,6.324
0.717000,1.3919,2.2729,-5.6264,6.226
0.724000,1.3601,2.3336,-5.4732,6.103
0.726000,1.2708,2.3719,-5.5395,6.159
0.732000,1.2650,2.4309,-5.8441,6.455
0.736000,1.0200,2.2842,-6.1888,6.675
0.741000,0.3680,1.9534,-6.2358,6.545
0.746000,-0.1254,1.5119,-5.9533,6.144
0.751000,-0.6252,0.9564,-5.4236,5.543
0.756000,-0.9180,0.3972,-4.7536,4.858
0.761000,-1.2833,-0.0450,-3.9670,4.170
0.766000,-1.5937,-0.3144,-3.1700,3.562
0.772000,-1.7146,-0.3263,-2.4351,2.996
0.776000,-1.8151,-0.1347,-1.8736,2.612
0.781000,-1.3532,0.2072,-1.8233,2.280
0.786000,-0.8471,0.6617,-2.1964,2.445
0.798000,-0.0823,1.0699,-2.8989,3.091
0.799000,0.5827,1.3383,-3.4145,3.713
0.801000,0.8307,1.5423,-3.5176,3.930
0.808000,1.1574,1.7159,-3.3500,3.938
0.813000,1.3511,1.8998,-3.2369,3.989
0.816000,1.3448,1.9316,-3.1255,3.913
0.822000,1.3736,1.9955,-2.9511,3.818
0.829000,1.4908,1.9552,-2.6515,3.616
0.831000,1.5470,1.7658,-1.8357,2.980
0.836000,1.5157,1.4436,-0.0647,2.094
0.841000,1.5500,1.0333,0.6704,1.980
0.849000,1.5974,0.6380,-1.0484,2.014
0.851000,1.9723,0.4694,-2.5031,3.221
0.856000,1.9317,0.4792,-2.1499,2.930
0.861000,1.4465,0.4885,-1.1681,1.922
0.866000,0.9530,0.4030,-0.6046,1.198
0.870000,0.7071,0.2184,-0.9193,1.180
0.876000,0.6987,0.0907,-1.3866,1.555
0.880000,0.7333,0.1135,-1.5499,1.718
0.885000,0.5388,0.2215,-1.5437,1.650
0.892000,0.3169,0.3454,-1.6310,1.697
0.898000,0.3936,0.4166,-1.7997,1.889
0.900000,0.6629,0.5560,-2.0118,2.190
0.919000,1.4590,0.5524,-2.3561,2.826
0.921000,1.5622,0.6084,-2.5842,3.080
0.922000,2.1440,0.5597,-2.8976,3.648
0.923000,2.2417,0.5143,-2.7989,3.623
0.927000,2.0869,0.4736,-2.5446,3.325
0.930000,1.6972,0.2254,-2.0464,2.668
0.935000,0.7589,-0.0355,-1.3087,1.513
0.940000,0.7048,-0.3880,-0.6867,1.058
0.945000,1.1669,-0.7481,-0.2823,1.415
0.949000,1.5657,-1.0802,-0.3094,1.927
0.956000,1.8194,-1.5132,-0.5187,2.423
0.960000,1.3324,-1.8932,-0.4848,2.365
0.965000,0.9568,-2.2053,-0.4594,2.447
0.969000,1.1293,-2.5322,-0.4479,2.809
0.975000,1.0464,-2.7393,-0.4816,2.972
0.980000,1.5550,-3.0191,-0.8101,3.491
0.984000,1.6008,-3.0696,-1.0248,3.610
0.990000,1.7727,-2.9912,-1.1994,3.678
0.995000,2.0692,-2.9398,-1.2572,3.808
0.999000,2.1785,-2.8874,-1.2313,3.821
1.008000,2.4664,-2.9682,-1.0872,4.009
1.010000,2.7070,-3.2448,-1.0166,4.346
1.018000,2.7186,-3.4633,-1.1169,4.542
1.019000,2.6889,-3.3944,-1.1694,4.486
1.031000,2.8636,-3.3482,-1.3941,4.621
1.032000,2.9540,-3.5718,-1.9630,5.034
1.035000,2.8959,-3.9963,-2.3671,5.474
1.041000,2.6953,-4.4625,-2.3400,5.714
1.044000,2.4303,-4.7882,-2.1425,5.781
1.049000,2.2532,-4.9690,-2.0128,5.815
1.054000,2.5061,-5.0790,-1.8683,5.964
1.059000,2.8962,-5.1291,-1.7898,6.156
1.064000,3.0807,-5.2141,-1.6570,6.279
1.068000,3.0506,-5.3487,-1.3913,6.313
1.073000,3.0114,-5.5439,-1.1191,6.407
1.078000,3.1185,-5.6358,-0.7851,6.489
1.083000,3.3967,-5.5937,-0.3332,6.553
1.090000,3.5285,-5.5886,0.0219,6.609
1.093000,3.4018,-5.6699,0.0966,6.613
1.098000,3.2295,-5.8227,0.1121,6.659
1.104000,3.2305,-5.9775,0.0647,6.795
1.111000,3.3217,-6.0879,-0.0871,6.936
1.115000,3.3573,-6.1302,-0.2809,6.995
1.122000,3.3131,-6.1839,-0.3250,7.023
1.125000,3.2505,-6.2578,-0.3382,7.060
1.133000,3.2054,-6.4228,-0.2414,7.182
1.135000,3.2774,-6.4829,-0.0676,7.265
1.145000,3.3378,-6.5960,0.0916,7.393
1.147000,3.5146,-6.5927,0.1677,7.473
1.149000,3.8782,-6.5037,0.3891,7.582
1.154000,4.2231,-6.2300,0.7930,7.568
1.159000,4.3259,-6.0313,1.1482,7.511
1.163000,4.2529,-5.9878,1.3558,7.469
1.168000,3.9966,-6.1571,1.5258,7.497
1.173000,3.6496,-6.3486,1.6598,7.509
1.178000,3.4540,-6.4234,1.9092,7.539
1.183000,3.3406,-6.3939,2.1081,7.516
1.191000,3.2819,-6.3407,2.2963,7.500
1.193000,3.2492,-6.2994,2.6936,7.583
1.198000,3.0856,-6.3394,3.1734,7.732
1.203000,2.8733,-6.3118,3.5643,7.797
1.210000,2.7970,-6.2126,3.8241,7.813
1.216000,2.7814,-6.0578,3.9139,7.730
1.218000,2.7162,-5.8391,4.0589,7.612
1.231000,2.7063,-5.5746,4.2155,7.495
1.233000,2.6694,-5.3020,4.3359,7.351
1.233000,2.6218,-5.0536,4.4583,7.231
1.238000,2.4580,-4.8013,4.5834,7.078
1.243000,2.2804,-4.5440,4.6963,6.921
1.248000,2.2082,-4.2754,4.7565,6.766
1.253000,2.1693,-3.9940,4.7686,6.588
1.257000,2.0967,-3.7130,4.8084,6.427
1.263000,2.1146,-3.3354,4.9221,6.311
1.267000,2.2965,-2.8943,5.0422,6.251
1.273000,2.4245,-2.4847,5.3110,6.345
1.277000,2.3839,-2.0294,5.5476,6.370
1.283000,2.2902,-1.6388,5.6618,6.323
1.288000,2.2224,-1.2873,5.6334,6.191
1.292000,2.2116,-1.0043,5.5543,6.062
1.297000,2.1288,-0.7281,5.4543,5.900
1.302000,1.9406,-0.4493,5.2166,5.584
1.307000,1.6782,-0.2664,5.0209,5.301
1.312000,1.4496,-0.2028,4.9760,5.187
1.317000,1.4630,-0.1229,4.9732,5.185
1.336000,1.6084,0.1028,4.8893,5.148
1.338000,1.5578,0.3728,4.7242,4.988
1.339000,1.4688,0.6481,4.6029,4.875
1.340000,1.4395,0.9137,4.6090,4.914
1.342000,1.4406,1.1592,4.5943,4.952
1.347000,1.5606,1.4212,4.5789,5.042
1.352000,1.8394,1.6698,4.6818,5.300
1.358000,2.1662,1.9972,4.9760,5.783
1.362000,2.3546,2.3699,5.1744,6.159
1.367000,2.4379,2.6746,5.2771,6.399
1.374000,2.4899,2.9440,5.2660,6.527
1.379000,2.5350,3.0864,5.1525,6.519
1.385000,2.5539,3.1690,5.1400,6.556
1.392000,2.5821,3.3035,5.1471,6.639
1.393000,2.5528,3.4786,5.1960,6.754
1.396000,2.5661,3.6220,5.2479,6.873
1.402000,2.5936,3.7868,5.3349,7.038
1.410000,2.5868,3.9200,5.4522,7.196
1.412000,2.5193,3.9875,5.6327,7.347
1.416000,2.4011,3.9904,5.7214,7.377
1.422000,2.3399,4.0769,5.7584,7.433
1.429000,2.3546,4.1489,5.7739,7.490
1.431000,2.3953,4.2861,5.7570,7.566
1.436000,2.3805,4.4543,5.7945,7.687
1.446000,2.3057,4.5466,5.7688,7.698
1.448000,2.2619,4.5963,5.6739,7.644
1.451000,2.2371,4.6206,5.5674,7.573
1.459000,2.2815,4.6746,5.3850,7.487
1.461000,2.2083,4.7797,5.2041,7.403
1.466000,1.9629,4.7996,5.0638,7.248
1.472000,1.8611,4.7683,4.9310,7.107
1.476000,1.8481,4.6867,4.7250,6.907
1.482000,1.8952,4.6197,4.6518,6.824
1.486000,1.8661,4.5746,4.5669,6.728
1.490000,1.6059,4.5638,4.2233,6.422
1.496000,1.3025,4.5079,3.7785,6.025
1.501000,1.1265,4.4510,3.3634,5.692
1.505000,1.3573,4.4077,3.3341,5.691
1.511000,1.8168,4.3649,3.4139,5.832
1.515000,2.1558,4.4172,3.4400,5.999
1.520000,2.5865,4.6155,3.6234,6.413
1.525000,2.9424,4.8812,3.8069,6.854
1.531000,3.0580,5.0674,4.0579,7.176
1.535000,3.0296,5.0361,4.3017,7.283
1.540000,2.8934,4.7925,4.4922,7.178
1.549000,2.8918,4.4867,4.5218,6.996
1.550000,2.8290,4.1672,4.4892,6.747
1.567000,2.7081,3.9232,4.5033,6.558
1.568000,2.5850,3.7296,4.5696,6.440
1.568000,2.5057,3.5846,4.7029,6.422
1.570000,2.5945,3.6247,4.7931,6.545
1.580000,2.9016,3.6825,4.8114,6.718
1.582000,3.3114,3.7550,4.8314,6.958
1.585000,3.6539,3.8298,4.8310,7.166
1.590000,3.9596,3.8202,4.8669,7.346
1.595000,4.3503,3.8668,4.9711,7.654
1.600000,4.7707,3.9332,5.0828,8.004
1.607000,5.2608,4.0260,5.0584,8.335
1.610000,5.6599,4.0056,4.9802,8.537
1.615000,5.8893,3.9034,4.8588,8.575
1.619000,5.9208,3.7748,4.6764,8.436
1.626000,5.8862,3.5958,4.4724,8.221
1.632000,6.0106,3.4555,4.3217,8.170
1.635000,6.1476,3.2342,4.1779,8.106
1.642000,6.1897,2.9749,4.0407,7.968
1.652000,6.1324,2.7328,3.9917,7.811
1.653000,6.0954,2.4887,3.9204,7.663
1.659000,6.1076,2.2786,3.8205,7.556
1.660000,6.1163,2.0927,3.5156,7.359
1.665000,6.2167,1.9427,2.9268,7.141
1.669000,6.3547,1.8321,2.2127,6.974
1.675000,6.2973,1.8226,1.5881,6.745
1.679000,6.0371,1.8180,1.1619,6.411
1.684000,5.7706,1.7444,0.9818,6.108
1.689000,5.4819,1.5696,1.1369,5.814
1.694000,5.1650,1.2922,1.6937,5.587
1.699000,4.7688,0.9689,2.4414,5.444
1.706000,4.2855,0.6706,3.1401,5.355
1.709000,4.1991,0.5246,3.6056,5.560
1.714000,4.2822,0.5356,3.9325,5.839
1.719000,4.3809,0.6831,4.1967,6.105
1.725000,4.4180,0.9108,4.2601,6.205
1.729000,4.4118,1.1698,4.1767,6.187
1.734000,4.4645,1.2984,4.0061,6.137
1.740000,4.4272,1.3276,3.7906,5.978
1.743000,4.2972,1.3282,3.4709,5.681
1.749000,4.1389,1.2192,3.0679,5.294
1.755000,4.0309,1.0606,2.7057,4.969
1.760000,3.9539,0.8376,2.3270,4.664
1.763000,3.7977,0.5365,1.9714,4.312
1.769000,3.5031,0.2487,1.6305,3.872
1.783000,3.2183,-0.0809,1.2588,3.457
1.784000,3.0155,-0.4870,0.9197,3.190
1.785000,2.8974,-0.8439,0.7045,3.099
1.790000,2.7089,-1.1493,0.5410,2.992
1.794000,2.5697,-1.3793,0.4882,2.957
1.798000,2.4876,-1.5832,0.4691,2.986
1.803000,2.5081,-1.8968,0.3782,3.167
1.809000,2.6695,-2.1640,0.4961,3.472
1.814000,2.7654,-2.4100,0.8059,3.756
1.818000,2.7343,-2.4956,1.2223,3.899
1.823000,2.6659,-2.5586,1.5927,4.024
1.829000,2.5456,-2.6170,1.8133,4.076
1.833000,2.4510,-2.7173,1.8972,4.122
1.841000,2.3791,-2.7264,1.9470,4.109
1.845000,2.3088,-2.6300,1.9214,3.992
1.848000,2.2231,-2.4284,1.7796,3.743
1.853000,2.1863,-2.2639,1.5962,3.529
1.858000,2.1480,-2.0956,1.3186,3.278
1.863000,2.0508,-1.9948,0.9695,3.021
1.868000,1.8681,-1.9288,0.7271,2.782
1.877000,1.7029,-1.9184,0.6107,2.637
1.879000,1.5363,-1.9628,0.5559,2.554
1.884000,1.3559,-2.0078,0.6343,2.504
1.896000,1.2031,-2.0476,0.8300,2.516
1.897000,1.0227,-2.0834,0.9891,2.523
1.897000,0.8821,-2.1164,1.1029,2.544
1.903000,0.7643,-2.1167,1.1716,2.537
1.909000,0.6285,-2.1748,1.1506,2.539
1.913000,0.4673,-2.2169,1.1488,2.540
1.918000,0.3977,-2.2640,1.1528,2.572
1.924000,0.4097,-2.3077,1.1972,2.632
1.928000,0.3073,-2.4139,1.2584,2.740
1.933000,0.1263,-2.5546,1.3057,2.872
1.938000,-0.0849,-2.6783,1.4679,3.055
1.943000,-0.3404,-2.8299,1.6555,3.296
1.947000,-0.5351,-2.9050,1.7440,3.430
1.953000,-0.6831,-2.9701,1.7755,3.527
1.959000,-0.7700,-3.0346,1.6942,3.560
1.964000,-0.9276,-3.0782,1.5268,3.559
1.969000,-1.0410,-3.1242,1.2851,3.535
1.977000,-1.1584,-3.2048,1.0395,3.563
1.979000,-1.2653,-3.2930,0.8460,3.628
1.983000,-1.3929,-3.3759,0.7696,3.732
1.988000,-1.4957,-3.4444,0.7649,3.832
1.992000,-1.5952,-3.5393,0.7622,3.956
1.997000,-1.6841,-3.6619,0.7746,4.104
2.002000,-1.8293,-3.8275,0.7235,4.303
2.007000,-1.9949,-3.9949,0.7688,4.531
2.012000,-2.1855,-4.0942,0.7165,4.696
2.017000,-2.3413,-4.2016,0.7704,4.871
2.022000,-2.3645,-4.3409,0.8203,5.011
2.027000,-2.4035,-4.4129,0.9477,5.114
2.033000,-2.4966,-4.5344,1.0084,5.274
2.038000,-2.6076,-4.6379,1.0210,5.418
2.042000,-2.7464,-4.8605,1.0964,5.689
2.048000,-3.0727,-5.1071,1.1524,6.071
2.052000,-3.3833,-5.3038,1.2108,6.406
2.057000,-3.6064,-5.4517,1.3410,6.673
2.062000,-3.7733,-5.5524,1.3919,6.856
2.066000,-3.6858,-5.6163,1.4697,6.877
2.072000,-3.4615,-5.6434,1.5852,6.808
2.077000,-3.3110,-5.5518,1.5946,6.658
2.082000,-3.3059,-5.4495,1.6022,6.572
2.086000,-3.3981,-5.5127,1.6356,6.679
2.091000,-3.6139,-5.6106,1.5602,6.854
2.098000,-3.8933,-5.6702,1.4191,7.023
2.101000,-4.0905,-5.7438,1.3253,7.175
2.113000,-4.1747,-5.8099,1.1605,7.248
2.115000,-4.2346,-5.7799,1.0016,7.235
2.116000,-4.2846,-5.7709,0.8722,7.240
2.122000,-4.3056,-5.7695,0.7719,7.240
2.127000,-4.2570,-5.7801,0.6349,7.207
2.131000,-4.3015,-5.8726,0.4591,7.294
2.136000,-4.4009,-6.0875,0.2876,7.517
2.141000,-4.5789,-6.3188,0.1802,7.805
2.147000,-4.7709,-6.5205,0.1228,8.080
2.162000,-4.9029,-6.8137,0.1532,8.396
2.164000,-5.0229,-7.0327,0.1492,8.644
2.165000,-5.0185,-7.2371,0.1947,8.809
2.166000,-5.0144,-7.3958,0.1869,8.937
2.171000,-5.0511,-7.5352,0.2194,9.074
2.175000,-5.1119,-7.6887,0.2735,9.237
2.180000,-5.1465,-7.8748,0.2660,9.411
2.186000,-5.1980,-8.0502,0.4700,9.594
2.191000,-5.2521,-8.1234,0.7181,9.700
2.197000,-5.2849,-8.1592,0.8767,9.761
2.201000,-5.1600,-8.1930,1.0159,9.736
2.210000,-4.8920,-8.1294,1.0984,9.551
2.211000,-4.5863,-7.9643,1.2924,9.281
2.215000,-4.2357,-7.7221,1.5334,8.940
2.220000,-3.8568,-7.5000,1.6702,8.597
2.230000,-3.4568,-7.3628,1.6501,8.300
2.231000,-3.0954,-7.2947,1.5230,8.069
2.235000,-2.8012,-7.3063,1.3704,7.944
2.240000,-2.6075,-7.3802,1.1542,7.912
2.245000,-2.4711,-7.4433,0.9850,7.904
2.251000,-2.3703,-7.5662,0.7814,7.967
2.256000,-2.3243,-7.7583,0.5321,8.116
2.259000,-2.1678,-7.9066,0.4358,8.210
2.265000,-1.7934,-8.0597,0.3602,8.265
2.270000,-1.3495,-8.1632,0.2788,8.279
2.275000,-1.2401,-8.2650,0.1073,8.358
2.280000,-1.2803,-8.2436,0.0343,8.343
2.285000,-1.1088,-8.0163,0.0270,8.093
2.291000,-0.9719,-7.7768,-0.1235,7.838
2.295000,-0.8960,-7.4813,-0.2286,7.538
2.301000,-0.8355,-7.1532,-0.2305,7.206
2.305000,-0.6707,-6.7882,-0.0171,6.821
2.314000,-0.3969,-6.4428,0.3399,6.464
2.315000,-0.2104,-6.0608,0.9143,6.133
2.321000,-0.1229,-5.6575,1.4971,5.853
2.325000,-0.1053,-5.2886,2.0037,5.656
2.333000,-0.0045,-4.9614,2.3264,5.480
2.334000,0.2033,-4.6331,2.5470,5.291
2.341000,0.4315,-4.2766,2.5203,4.983
2.344000,0.6231,-3.9458,2.3556,4.637
2.350000,0.7322,-3.6522,2.2654,4.360
2.357000,0.9074,-3.4278,2.0837,4.113
2.361000,1.1243,-3.3168,1.8928,3.981
2.365000,1.3612,-3.3528,1.7339,4.013
2.369000,1.5149,-3.3855,1.5884,4.035
2.375000,1.6747,-3.3177,1.4579,3.992
2.381000,1.8615,-3.2632,1.2065,3.946
2.384000,2.0519,-3.1847,0.8987,3.894
2.390000,2.2576,-3.0972,0.5606,3.873
2.394000,2.4830,-2.9633,0.2562,3.875
2.399000,2.6235,-2.6981,-0.1105,3.765
2.410000,2.6762,-2.4704,-0.4028,3.664
2.411000,2.6911,-2.1854,-0.6471,3.527
2.419000,2.6114,-1.8896,-0.8771,3.341
2.421000,2.5705,-1.6515,-1.0546,3.232
2.440000,2.6142,-1.4267,-1.1865,3.206
2.443000,2.6535,-1.2302,-1.1995,3.161
2.443000,2.6834,-1.0247,-1.0970,3.075
2.444000,2.7520,-0.7588,-0.9204,2.999
2.446000,2.7944,-0.5078,-0.7355,2.934
2.448000,2.7265,-0.3009,-0.5837,2.804
2.454000,2.6348,-0.0464,-0.3957,2.665
2.459000,2.4351,0.1446,-0.2598,2.453
2.464000,2.2215,0.2569,-0.1402,2.241
2.468000,2.0031,0.3429,-0.0535,2.033
2.474000,1.8302,0.3735,-0.0928,1.870
2.478000,1.7101,0.5340,0.1397,1.797
2.483000,1.7119,0.8214,0.3580,1.932
2.491000,1.5559,0.9632,0.3734,1.868
2.493000,1.3805,1.0596,0.2798,1.763
2.498000,1.2838,1.1584,0.1325,1.734
2.503000,1.2543,1.2991,-0.0969,1.808
2.509000,1.2031,1.5001,-0.3529,1.955
2.513000,1.1134,1.6537,-0.4672,2.048
2.518000,0.8916,1.7407,-0.4470,2.006
2.527000,0.6415,1.8553,-0.3516,1.994
2.529000,0.4325,1.9140,-0.3437,1.992
2.533000,0.3480,2.0098,-0.3276,2.066
2.547000,0.3092,2.0740,-0.2670,2.114
2.549000,0.2945,2.0585,-0.2674,2.097
2.549000,0.2206,2.0861,-0.2371,2.111
2.553000,0.4435,2.3307,0.0412,2.373
2.559000,0.6273,2.4636,0.1407,2.546
2.563000,0.6693,2.5662,0.2742,2.666
2.568000,0.6620,2.6567,0.3818,2.764
2.574000,0.5706,2.5951,0.3891,2.685
2.578000,0.5618,2.5028,0.3732,2.592
2.582000,0.5835,2.3759,0.4181,2.482
2.590000,0.5184,2.2742,0.4856,2.383
2.594000,0.4654,2.1769,0.4942,2.280
2.597000,0.5107,2.0699,0.4967,2.189
2.602000,0.6876,1.9725,0.5054,2.149
2.609000,0.8237,1.9273,0.5058,2.156
2.613000,0.9291,1.8943,0.4551,2.158
2.617000,0.7859,1.7417,0.3129,1.936
2.625000,0.9287,1.7073,0.4025,1.985
2.628000,1.1754,1.7695,0.6228,2.214
2.633000,1.3554,1.8436,0.7002,2.393
2.637000,1.5976,1.9628,0.7691,2.645
2.650000,1.9089,2.0431,0.8103,2.911
2.652000,2.0690,2.0293,0.8856,3.030
2.652000,2.2917,2.0155,1.0220,3.219
2.659000,2.5241,1.9730,1.1210,3.394
2.662000,2.7279,1.9901,1.1948,3.582
2.667000,3.2599,2.1987,1.6164,4.251
2.674000,3.7545,2.4774,1.9122,4.888
2.678000,4.1613,2.6750,2.0988,5.374
2.682000,4.4317,2.9011,2.2790,5.766
2.687000,4.7568,3.1003,2.2926,6.123
2.691000,5.2586,3.3133,2.3202,6.634
2.697000,5.3527,3.4561,2.4214,6.816
2.701000,4.7936,3.3327,2.6121,6.396
2.709000,4.1120,3.1362,2.8556,5.908
2.713000,3.7959,2.8958,2.9068,5.590
2.716000,3.9459,2.7959,2.8257,5.601
2.727000,4.3051,2.7191,2.6362,5.734
2.728000,4.6869,2.7634,2.3180,5.914
2.733000,4.9907,2.8759,2.1302,6.141
2.736000,5.1468,2.8913,1.9725,6.224
2.742000,5.2557,2.8286,1.8500,6.249
2.746000,5.2533,2.6478,1.7894,6.149
2.751000,5.0919,2.3776,1.6446,5.855
2.758000,5.0045,2.1073,1.6239,5.668
2.762000,5.0605,1.9592,1.7156,5.691
2.766000,5.1834,1.9427,1.9316,5.863
2.773000,5.2943,2.0315,2.1873,6.078
2.777000,5.3145,2.1826,2.2957,6.187
2.781000,5.4832,2.4101,2.5774,6.521
2.786000,5.8669,2.7138,2.9593,7.109
2.791000,6.3013,2.9800,3.1272,7.640
2.796000,6.6782,3.2609,3.1557,8.074
2.801000,7.0279,3.5701,3.1239,8.479
2.808000,7.2684,3.7085,2.9130,8.664
2.811000,7.3925,3.7478,2.6120,8.690
2.817000,7.5104,3.6619,2.3031,8.667
2.820000,7.5356,3.5752,1.9775,8.572
2.826000,7.5093,3.4063,1.7459,8.429
2.831000,7.3288,3.1294,1.5130,8.111
2.844000,7.0976,2.8788,1.3460,7.777
2.846000,6.8929,2.6096,1.1568,7.461
2.849000,6.7728,2.3941,1.1272,7.271
2.852000,6.7371,2.1795,1.1439,7.173
2.877000,6.6547,1.9759,1.0540,7.021
2.879000,6.6333,1.7475,0.9629,6.927
2.880000,6.6609,1.5277,0.9878,6.905
2.881000,6.6639,1.3098,1.1312,6.885
2.881000,6.6635,1.1151,1.3756,6.895
2.884000,6.6743,0.9867,1.6079,6.936
2.886000,6.6799,0.8985,1.9281,7.010
2.892000,6.6755,0.7931,2.2350,7.084
2.896000,6.5775,0.7447,2.4209,7.048
2.901000,6.4749,0.7583,2.5575,7.003
2.907000,6.3503,0.8929,2.7568,6.980
2.910000,6.1705,1.1153,3.0279,6.963
2.915000,6.0887,1.3725,3.3102,7.065
2.923000,6.0206,1.6881,3.5460,7.188
2.924000,5.8635,1.9304,3.7063,7.200
2.933000,5.7028,2.1395,3.7026,7.128
2.935000,5.6009,2.2079,3.5501,6.989
2.941000,5.5215,2.2308,3.3475,6.831
2.944000,5.4164,2.1819,3.0717,6.598
2.949000,5.2905,2.0851,2.8288,6.351
2.957000,5.1775,1.9358,2.4858,6.061
2.959000,4.9859,1.7479,2.1462,5.703
2.964000,4.8290,1.5054,1.7922,5.366
2.969000,4.6201,1.2700,1.4526,5.007
2.984000,4.4625,0.9538,1.2116,4.721
2.986000,4.4093,0.6816,1.0557,4.585
2.986000,4.3545,0.4505,0.9441,4.478
2.992000,4.2418,0.2089,0.8698,4.335
2.994000,4.1686,-0.0296,0.7561,4.237
2.999000,4.1711,-0.2170,0.6604,4.229
3.006000,4.1660,-0.4245,0.5758,4.227
3.009000,4.0810,-0.6907,0.5525,4.176
3.014000,4.0006,-0.9363,0.6333,4.157
3.019000,3.8990,-1.0839,0.7745,4.120
3.024000,3.8260,-1.2253,0.9327,4.124
3.029000,3.8153,-1.2885,1.1098,4.177
3.034000,3.7044,-1.2662,1.2524,4.110
3.041000,3.6074,-1.2364,1.4006,4.063
3.044000,3.5418,-1.2484,1.6521,4.103
3.050000,3.3751,-1.2243,1.9251,4.074
3.054000,3.1272,-1.1519,2.0923,3.935
3.063000,2.8152,-1.1288,2.2391,3.770
3.064000,2.5054,-1.0938,2.2339,3.530
3.069000,2.3036,-1.0943,2.1053,3.307
3.073000,2.0592,-1.1012,2.0454,3.104
3.079000,1.5687,-1.2320,2.1572,2.938
3.084000,1.0465,-1.4226,2.2774,2.882
3.090000,0.6287,-1.4699,2.2718,2.778
3.093000,0.3634,-1.4952,2.1888,2.676
3.098000,-0.0003,-1.6200,2.0891,2.644
3.104000,-0.3647,-1.8563,2.0597,2.797
3.109000,-0.6287,-1.9375,2.1172,2.938
3.114000,-0.8043,-1.8109,2.0558,2.855
3.118000,-0.9117,-1.5811,1.9547,2.674
3.123000,-0.9363,-1.4366,1.9173,2.572
3.129000,-0.8910,-1.3429,1.9025,2.493
3.133000,-0.7544,-1.3097,1.7594,2.319
3.139000,-0.6415,-1.2700,1.5242,2.085
3.146000,-0.5863,-1.3378,1.3101,1.962
3.148000,-0.6628,-1.4649,1.1671,1.987
3.153000,-0.8586,-1.5263,0.9733,2.004
3.160000,-1.1022,-1.5852,0.8634,2.115
3.165000,-1.3140,-1.7073,0.9205,2.343
3.168000,-1.4130,-1.7978,0.9267,2.467
3.185000,-1.4110,-2.0258,0.8651,2.616
3.186000,-1.6091,-3.0240,0.9649,3.559
3.188000,-1.8468,-2.8857,0.9630,3.559
3.193000,-2.0880,-2.1836,1.0628,3.203
3.195000,-2.0657,-2.0943,1.4239,3.268
3.199000,-1.7413,-2.2670,1.3890,3.178
3.203000,-1.4335,-2.5868,1.0725,3.146
3.208000,-1.3095,-3.1730,0.5948,3.484
3.213000,-1.6445,-3.6324,-0.3908,4.006
3.217000,-2.4467,-3.8238,-0.6725,4.589
3.223000,-3.0841,-3.8980,-0.2869,4.979
3.228000,-3.4227,-3.8609,0.3003,5.168
3.232000,-3.6014,-3.8768,0.7699,5.347
3.240000,-3.8072,-4.0042,1.0298,5.620
3.243000,-3.9083,-4.1678,1.2887,5.857
3.247000,-4.0339,-4.3238,1.5582,6.115
3.253000,-4.1126,-4.4136,1.8091,6.298
3.257000,-4.1251,-4.5031,1.9064,6.398
3.263000,-4.0766,-4.5982,1.9053,6.434
3.267000,-4.0507,-4.6531,1.8682,6.446
3.273000,-4.0953,-4.6695,1.9000,6.495
3.277000,-4.1533,-4.7098,1.9466,6.574
3.282000,-4.2701,-4.7009,2.0294,6.667
3.287000,-4.3999,-4.7549,2.3536,6.893
3.292000,-4.4690,-5.0133,3.9016,7.767
3.297000,-3.6334,-5.0947,5.7999,8.532
3.302000,-3.5663,-5.0172,4.1653,7.432
3.307000,-4.9430,-4.9059,1.6435,7.156
3.312000,-5.6044,-4.8120,1.5627,7.550
3.317000,-5.3459,-4.7808,1.7766,7.389
3.323000,-4.8644,-4.7299,1.6148,6.974
3.327000,-4.7488,-4.8499,1.1904,6.891
3.332000,-4.9029,-5.1645,0.8250,7.169
3.337000,-4.9819,-5.4863,0.5660,7.432
3.342000,-4.8882,-5.6964,0.2437,7.510
3.346000,-4.7413,-5.8877,-0.1752,7.561
3.352000,-4.7685,-6.1719,-0.4696,7.814
3.359000,-4.9720,-6.4871,-0.5198,8.190
3.361000,-5.2223,-6.8034,-0.4634,8.589
3.367000,-5.5554,-6.9622,-0.4215,8.917
3.376000,-5.8087,-7.0877,-0.3872,9.172
3.377000,-6.0611,-7.1940,-0.3299,9.413
3.382000,-6.2435,-7.2515,-0.2645,9.573
3.386000,-6.2936,-7.2479,-0.1214,9.600
3.391000,-6.3576,-7.2260,0.1585,9.626
3.396000,-6.3471,-7.2383,0.3410,9.633
3.402000,-6.3147,-7.3037,0.4853,9.667
3.407000,-6.1697,-7.3672,0.6468,9.631
3.411000,-5.9791,-7.4428,0.8308,9.583
3.416000,-5.6952,-7.4450,1.0421,9.431
3.420000,-5.3322,-7.3643,1.3266,9.188
3.426000,-4.9789,-7.2901,1.5359,8.961
3.431000,-4.5707,-7.2397,1.6893,8.727
3.435000,-4.2126,-7.2324,1.7992,8.561
3.441000,-3.8498,-7.2114,1.8278,8.377
3.447000,-3.5036,-7.2657,1.8836,8.283
3.451000,-3.1643,-7.3711,1.8927,8.242
3.457000,-2.9157,-7.5805,1.8411,8.328
3.461000,-2.6807,-7.8355,1.9394,8.505
3.466000,-2.5408,-7.9492,2.0601,8.596
3.471000,-2.4050,-7.9410,2.0320,8.542
3.477000,-2.2898,-7.8659,1.9268,8.416
3.481000,-2.1498,-7.7601,1.7922,8.249
3.486000,-2.0232,-7.6770,1.6405,8.107
3.519000,-1.9575,-7.5749,1.5896,7.984
3.521000,-1.9695,-7.4689,1.5940,7.887
3.522000,-1.9845,-7.3174,1.6227,7.753
3.523000,-1.9594,-7.1041,1.6275,7.547
3.523000,-1.8895,-6.7504,1.6916,7.211
3.524000,-1.8344,-6.3344,1.7550,6.824
3.524000,-1.7341,-5.8737,1.8197,6.389
3.528000,-1.6224,-5.4314,1.8848,5.974
3.530000,-1.4584,-4.9924,1.9285,5.547
3.536000,-1.2590,-4.5487,1.9339,5.101
3.542000,-1.0289,-4.2383,1.9274,4.768
3.546000,-0.7060,-3.9042,1.9982,4.442
3.550000,-0.3574,-3.5956,2.1014,4.180
3.557000,0.0147,-3.3450,2.1967,4.002
3.560000,0.4053,-3.1223,2.2343,3.861
3.565000,0.8140,-2.9673,2.2363,3.804
3.570000,1.1887,-2.8333,2.1937,3.775
3.576000,1.5980,-2.7631,2.1260,3.835
3.580000,2.0349,-2.7752,2.0719,4.017
3.585000,2.4088,-2.8233,2.0647,4.247
3.592000,2.7815,-2.8627,2.0610,4.492
3.600000,3.0932,-2.8795,2.0270,4.687
3.601000,3.4272,-2.7619,1.9411,4.811
3.629000,3.7142,-2.6249,1.7649,4.879
3.631000,3.8965,-2.4783,1.4678,4.846
3.632000,3.9888,-2.3625,1.1434,4.775
3.632000,3.9903,-2.2814,0.9234,4.688
3.632000,3.9524,-2.1062,0.7412,4.540
3.633000,3.8905,-1.9399,0.5869,4.387
3.635000,3.7742,-1.7668,0.5420,4.202
3.640000,3.7449,-1.5956,0.5584,4.109
3.645000,3.6538,-1.4031,0.5491,3.952
3.649000,3.5605,-1.1800,0.6642,3.809
3.655000,3.3985,-0.9825,0.7622,3.619
3.660000,3.2462,-0.7973,0.8920,3.460
3.666000,3.1063,-0.4773,1.0415,3.311
3.669000,2.9642,-0.1166,1.1929,3.197
3.677000,2.8840,0.2299,1.3390,3.188
3.679000,2.7366,0.6122,1.4721,3.167
3.685000,2.7057,0.9440,1.6852,3.324
3.706000,2.6431,1.2519,1.8490,3.460
3.706000,2.5844,1.5619,1.9541,3.597
3.707000,2.5624,1.7969,2.0361,3.734
3.707000,2.5923,2.0586,2.0711,3.905
3.709000,2.5748,2.2929,2.0906,4.032
3.715000,2.5679,2.4696,2.0565,4.114
3.725000,2.5639,2.6670,2.0000,4.206
3.726000,2.5096,2.8678,1.9983,4.303
3.730000,2.4105,2.9795,1.9580,4.304
3.734000,2.3908,3.0569,1.8294,4.290
3.740000,2.4238,3.1285,1.6997,4.307
3.744000,2.4286,3.2260,1.6047,4.345
3.749000,2.3689,3.3249,1.5405,4.363
3.755000,2.2283,3.3875,1.4514,4.307
3.759000,1.9782,3.3848,1.3188,4.136
3.764000,1.6809,3.3291,1.1482,3.902
3.768000,1.2991,3.2286,0.9303,3.602
3.774000,1.0222,3.1508,0.8141,3.411
3.778000,0.7881,3.0838,0.6229,3.243
3.784000,0.6071,3.0165,0.4808,3.114
3.794000,0.4767,2.8748,0.3264,2.932
3.795000,0.4404,2.7144,0.2190,2.759
3.799000,0.4815,2.6356,0.1804,2.685
3.803000,0.5740,2.4598,0.1265,2.529
3.827000,0.6030,2.3350,0.1046,2.414
3.829000,0.6403,2.1682,0.1142,2.264
3.829000,0.6858,2.0977,0.0237,2.207
3.830000,0.8118,2.1313,-0.0495,2.281
3.830000,0.9242,2.2704,-0.0716,2.452
3.833000,1.0544,2.4411,-0.0308,2.659
3.840000,1.1829,2.5616,-0.0510,2.822
3.843000,1.3810,2.6698,-0.0224,3.006
3.848000,1.6228,2.7232,-0.0001,3.170
3.853000,1.9961,2.7644,0.0591,3.410
3.858000,2.4118,2.8478,0.1408,3.734
3.863000,2.8506,2.9448,0.1940,4.103
3.868000,3.1920,2.9948,0.1639,4.380
3.876000,3.5225,2.9550,0.1651,4.601
3.878000,3.7434,2.9016,0.1807,4.740
3.883000,3.9168,2.8152,0.2295,4.829
3.896000,4.0642,2.7703,0.2558,4.925
3.899000,4.1788,2.7477,0.2472,5.007
3.899000,4.2677,2.7164,0.1796,5.062
3.903000,4.3048,2.6812,0.0842,5.072
3.908000,4.3667,2.6353,-0.0005,5.100
3.913000,4.4917,2.6406,-0.1194,5.212
3.918000,4.6730,2.6329,-0.2630,5.370
3.927000,4.8742,2.6383,-0.3497,5.553
3.929000,5.0380,2.5613,-0.5324,5.677
3.936000,5.1932,2.4353,-0.7105,5.780
3.939000,5.3826,2.2627,-0.9004,5.908
3.942000,5.5153,2.1010,-1.0950,6.003
3.948000,5.5797,1.9695,-1.3156,6.062
3.952000,5.5877,1.9087,-1.4563,6.082
3.958000,5.6329,1.8613,-1.5890,6.142
3.962000,5.7391,1.8658,-1.7325,6.279
3.967000,5.8107,1.9602,-1.7909,6.389
3.973000,5.9360,2.0368,-1.8575,6.545
3.977000,6.0191,2.0931,-1.9509,6.665
3.982000,6.1509,2.1769,-2.0206,6.830
3.987000,6.3405,2.2568,-2.1020,7.051
3.997000,6.5279,2.2897,-2.0417,7.213
3.999000,6.7201,2.2827,-2.0459,7.386
4.006000,6.8497,2.2906,-1.9710,7.487
4.032000,6.9575,2.1865,-1.8819,7.532
4.034000,7.0673,2.0160,-1.9028,7.592
4.034000,7.1841,1.7913,-1.8495,7.632
4.035000,7.3125,1.5457,-1.8156,7.691
4.036000,7.4145,1.3082,-1.7464,7.729
4.036000,7.4375,1.0500,-1.6041,7.681
4.037000,7.4317,0.7948,-1.4226,7.608
4.045000,7.4047,0.5646,-1.2909,7.538
4.047000,7.3472,0.3689,-1.1253,7.442
4.052000,7.3095,0.2389,-0.9573,7.376
4.058000,7.2799,0.1603,-0.8235,7.328
4.062000,7.3228,0.1304,-0.8023,7.368
4.066000,7.3089,0.0941,-0.7363,7.347
4.072000,7.2599,0.1352,-0.6349,7.289
4.076000,7.1540,0.1720,-0.6317,7.184
4.081000,6.9246,0.2573,-0.6261,6.958
4.086000,6.6723,0.3192,-0.6199,6.709
4.091000,6.3833,0.3965,-0.5511,6.419
4.096000,6.1177,0.5109,-0.5227,6.161
4.100000,5.8706,0.6765,-0.4840,5.929
4.110000,5.6303,0.8625,-0.4260,5.712
4.112000,5.4091,1.0117,-0.3581,5.515
4.120000,5.2447,1.2648,-0.2374,5.400
4.122000,5.1110,1.5237,-0.1383,5.335
4.134000,4.9546,1.7518,-0.0225,5.255
4.136000,4.8403,1.9471,0.0385,5.217
4.137000,4.7465,2.0616,0.1046,5.176
4.147000,4.6678,2.1114,0.1997,5.127
4.148000,4.5757,2.0563,0.2546,5.023
4.151000,4.4394,1.9371,0.3071,4.853
4.157000,4.3540,1.7796,0.3405,4.716
4.161000,4.2700,1.5749,0.3071,4.562
4.166000,4.1891,1.2984,0.2865,4.395
4.170000,4.0520,1.0295,0.3095,4.192
4.176000,3.9168,0.6660,0.2876,3.983
4.180000,3.7949,0.2910,0.2829,3.817
4.186000,3.6773,-0.0446,0.2644,3.687
4.192000,3.6148,-0.3763,0.2964,3.646
4.196000,3.4613,-0.6515,0.3214,3.537
4.200000,3.2430,-0.8754,0.2916,3.372
4.215000,3.0370,-1.0381,0.2383,3.218
4.216000,2.7814,-1.1728,0.1956,3.025
4.217000,2.5509,-1.2788,0.1519,2.858
4.220000,2.3425,-1.3402,0.1079,2.701
4.225000,2.0636,-1.4041,0.0592,2.497
4.231000,1.8581,-1.4916,0.0201,2.383
4.235000,1.6990,-1.5173,-0.0353,2.278
4.240000,1.4843,-1.5352,-0.0454,2.136
4.245000,1.2827,-1.5150,0.0167,1.985
4.250000,1.1448,-1.4589,0.0257,1.855
4.257000,1.0252,-1.3952,0.0319,1.732
4.260000,0.8947,-1.3461,0.1238,1.621
4.265000,0.7129,-1.3472,0.1286,1.530
4.270000,0.5662,-1.2712,0.1751,1.403
4.276000,0.4014,-1.1647,0.2469,1.256
4.280000,0.2522,-1.1060,0.3436,1.185
4.285000,0.1500,-1.0111,0.4529,1.118
4.290000,0.0248,-0.9213,0.5322,1.064
4.295000,-0.0273,-0.9079,0.6763,1.132
4.300000,-0.0667,-0.8233,0.7993,1.149
4.311000,-0.0765,-0.7845,0.9322,1.221
4.313000,-0.0616,-0.8295,1.0358,1.328
4.315000,-0.1344,-0.8820,1.1747,1.475
4.320000,-0.2021,-0.8876,1.3654,1.641
4.345000,-0.3196,-0.8915,1.4326,1.717
4.347000,-0.4174,-0.8651,1.5030,1.784
4.347000,-0.5026,-0.8269,1.5833,1.856
4.348000,-0.5566,-0.8211,1.5830,1.868
4.348000,-0.6630,-0.8282,1.6071,1.926
4.350000,-0.7139,-0.8333,1.5644,1.911
4.354000,-0.7601,-0.9095,1.5631,1.962
4.360000,-0.8134,-0.9893,1.5986,2.048
4.364000,-0.8880,-1.0675,1.6248,2.137
4.369000,-0.9747,-1.1502,1.6160,2.210
4.375000,-1.0779,-1.2575,1.6580,2.344
4.380000,-1.2145,-1.3572,1.6915,2.486
4.385000,-1.3174,-1.4701,1.7118,2.613
4.390000,-1.5011,-1.5766,1.7142,2.771
4.395000,-1.6604,-1.7039,1.7953,2.980
4.402000,-1.8381,-1.8465,1.8574,3.200
4.410000,-2.0339,-2.0492,1.9312,3.474
4.412000,-2.1236,-2.2312,1.9957,3.670
4.413000,-2.2337,-2.4009,2.0770,3.882
4.419000,-2.3693,-2.5545,2.1729,4.106
4.436000,-2.4822,-2.6818,2.2422,4.287
4.437000,-2.6082,-2.7701,2.2255,4.408
4.438000,-2.6925,-2.8803,2.2022,4.516
4.446000,-2.7709,-2.9881,2.2366,4.649
4.447000,-2.8839,-3.1072,2.2401,4.795
4.449000,-3.0103,-3.2960,2.2867,5.015
4.454000,-3.1881,-3.4215,2.3666,5.241
4.459000,-3.3121,-3.6043,2.4290,5.465
4.463000,-3.4208,-3.7477,2.4209,5.622
4.468000,-3.5044,-3.8869,2.4567,5.781
4.475000,-3.5658,-3.9919,2.4957,5.906
4.479000,-3.6861,-4.1363,2.6019,6.121
4.484000,-3.8296,-4.3171,2.6479,6.349
4.490000,-3.9436,-4.4272,2.6773,6.505
4.494000,-4.0162,-4.5234,2.6849,6.618
4.499000,-4.0833,-4.6482,2.7022,6.751
4.504000,-4.1426,-4.8002,2.7271,6.902
4.508000,-4.1843,-4.9754,2.7141,7.045
4.513000,-4.2254,-5.1342,2.6372,7.153
4.519000,-4.2324,-5.3215,2.5013,7.245
4.528000,-4.2196,-5.4941,2.3403,7.312
4.530000,-4.1966,-5.7242,2.2334,7.441
4.533000,-4.1253,-5.9731,2.1401,7.568
4.559000,-4.1014,-6.2117,1.9788,7.702
4.561000,-4.0315,-6.4646,1.7904,7.826
4.561000,-4.0425,-6.6617,1.6707,7.969
4.562000,-4.1511,-6.8850,1.5481,8.187
4.562000,-4.2326,-7.0907,1.5136,8.395
4.565000,-4.3422,-7.1966,1.5622,8.549
4.568000,-4.4464,-7.2605,1.7057,8.683
4.573000,-4.5380,-7.3701,1.7688,8.834
4.577000,-4.6243,-7.4100,1.8593,8.930
4.583000,-4.7315,-7.5023,1.9556,9.083
4.588000,-4.7664,-7.5002,2.0744,9.125
4.593000,-4.7960,-7.4133,2.1271,9.082
4.597000,-4.7629,-7.2680,2.0949,8.939
4.602000,-4.7269,-7.1718,1.9949,8.818
4.608000,-4.6353,-7.1442,1.8518,8.715
4.613000,-4.4307,-7.1178,1.7546,8.566
4.617000,-4.1706,-7.1938,1.6488,8.477
4.625000,-3.8479,-7.2858,1.5367,8.382
4.628000,-3.5343,-7.3656,1.4086,8.290
4.632000,-3.0698,-7.3258,1.2189,8.036
4.637000,-2.6339,-7.2345,1.0012,7.764
4.652000,-2.3056,-7.1479,0.9112,7.566
4.654000,-2.1135,-7.0186,0.9006,7.385
4.655000,-1.9211,-6.9471,0.9259,7.267
4.661000,-1.8195,-6.9746,0.9846,7.275
4.664000,-1.7079,-7.0167,1.1123,7.307
4.667000,-1.6869,-7.0759,1.2442,7.380
4.673000,-1.7325,-7.0707,1.3843,7.410
4.677000,-1.8732,-7.0104,1.5035,7.410
4.682000,-2.0920,-6.9252,1.6565,7.422
4.687000,-2.3841,-6.7295,1.8788,7.382
4.692000,-2.6416,-6.4937,2.0696,7.310
4.697000,-2.8093,-6.1775,2.2841,7.160
4.702000,-2.9421,-5.8683,2.5338,7.037
4.707000,-2.9946,-5.4687,2.7400,6.810
4.712000,-3.0288,-5.1056,2.9535,6.631
4.717000,-3.0254,-4.7255,3.0928,6.407
4.723000,-2.9388,-4.3937,3.2257,6.192
4.727000,-2.7402,-4.0481,3.2501,5.870
4.732000,-2.4775,-3.7848,3.2436,5.566
4.736000,-2.0740,-3.5817,3.1778,5.218
4.742000,-1.5823,-3.4325,3.0054,4.829
4.746000,-0.9477,-3.2542,2.7801,4.384
4.751000,-0.3788,-3.0725,2.4860,3.970
4.760000,0.1652,-2.9230,2.1849,3.653
4.761000,0.6267,-2.8358,1.9440,3.495
4.766000,1.0293,-2.7397,1.5262,3.301
4.771000,1.3777,-2.7263,1.1376,3.260
4.786000,1.6411,-2.7396,0.7446,3.279
4.788000,1.8360,-2.8114,0.3113,3.372
4.789000,1.9144,-2.8443,-0.0213,3.429
4.791000,1.9654,-2.7485,-0.3974,3.402
4.796000,1.9599,-2.6588,-0.7598,3.389
4.801000,1.9335,-2.4947,-1.0704,3.333
4.807000,1.8797,-2.3146,-1.3579,3.276
4.811000,1.7958,-2.1287,-1.6507,3.237
4.816000,1.7221,-1.9519,-1.8226,3.178
4.820000,1.6497,-1.7136,-1.9579,3.081
4.826000,1.5876,-1.5079,-2.0645,3.009
4.830000,1.5331,-1.2827,-2.1473,2.934
4.836000,1.4725,-1.0439,-2.1497,2.807
4.841000,1.4263,-0.8168,-2.1104,2.675
4.846000,1.4144,-0.5168,-2.0658,2.556
4.851000,1.4050,-0.2043,-1.9204,2.388
4.876000,1.3930,0.0625,-1.7411,2.231
4.877000,1.3644,0.2987,-1.5593,2.093
4.878000,1.2782,0.5350,-1.3527,1.936
4.878000,1.2562,0.7519,-1.1857,1.884
4.878000,1.2249,0.9696,-0.9532,1.830
4.880000,1.2241,1.1893,-0.7093,1.848
4.885000,1.2830,1.3785,-0.4542,1.937
4.892000,1.3104,1.6396,-0.2161,2.110
4.896000,1.3439,1.8568,-0.0044,2.292
4.900000,1.3385,2.0381,0.1928,2.446
4.909000,1.3011,2.2691,0.2540,2.628
4.911000,1.1834,2.4084,0.3067,2.701
4.916000,1.0653,2.4929,0.3339,2.731
4.921000,0.9127,2.6011,0.3002,2.773
4.925000,0.7671,2.6693,0.1552,2.782
4.931000,0.6712,2.7118,-0.0050,2.794
4.935000,0.5100,2.6829,-0.2112,2.739
4.940000,0.4420,2.6888,-0.3679,2.750
4.946000,0.3762,2.6481,-0.5944,2.740
4.950000,0.3339,2.6204,-0.7594,2.749
4.961000,0.3085,2.5898,-0.8822,2.753
4.963000,0.3186,2.5271,-0.9845,2.731
4.965000,0.3433,2.4807,-1.0782,2.727
4.971000,0.3153,2.4481,-1.1151,2.709
5.000000,0.2874,2.4173,-1.0473,2.650
5.001000,0.3486,2.2862,-0.9944,2.517
5.002000,0.4343,2.2534,-0.8989,2.465
5.002000,0.6185,2.2133,-0.7396,2.414
5.003000,0.8871,2.2502,-0.6029,2.493
5.003000,1.1842,2.2771,-0.4674,2.609
5.009000,1.4909,2.2990,-0.3858,2.767
5.010000,1.7348,2.3343,-0.2722,2.921
5.016000,1.9014,2.2991,-0.1987,2.990
5.019000,2.0773,2.2896,-0.0862,3.093
5.025000,2.1425,2.2934,0.0268,3.139
5.030000,2.1928,2.2962,0.1328,3.178
5.034000,2.3030,2.3585,0.2626,3.307
5.039000,2.4054,2.3744,0.3895,3.402
5.050000,2.6203,2.2275,0.4675,3.471
5.051000,2.6576,2.2641,0.4770,3.524
5.054000,2.8170,2.2433,0.5112,3.637
5.060000,2.9902,2.2768,0.4980,3.791
5.065000,3.1317,2.3383,0.5283,3.944
5.069000,3.2719,2.4177,0.5065,4.100
5.076000,3.3493,2.4986,0.5072,4.209
5.079000,3.4447,2.5232,0.5832,4.310
5.084000,3.5059,2.5207,0.6435,4.366
5.113000,3.6188,2.5365,0.6952,4.474
5.115000,3.7475,2.5057,0.6430,4.554
5.115000,3.8945,2.4169,0.5950,4.622
5.116000,4.0646,2.3249,0.5274,4.712
5.116000,4.2484,2.2373,0.5384,4.832
5.117000,4.4289,2.1226,0.4390,4.931
5.119000,4.5869,1.9714,0.3252,5.003
5.124000,4.7153,1.8602,0.2569,5.075
5.129000,4.8286,1.7412,0.1914,5.137
5.134000,4.9793,1.5786,0.1474,5.226
5.141000,5.0531,1.4779,0.0345,5.265
5.144000,5.1172,1.4489,-0.0329,5.318
5.148000,5.2096,1.4530,-0.1190,5.410
5.153000,5.3592,1.4544,-0.2045,5.557
5.158000,5.5060,1.5200,-0.1719,5.715
5.163000,5.6499,1.5611,-0.2580,5.867
5.168000,5.8316,1.6113,-0.3525,6.060
5.175000,6.0673,1.7036,-0.4048,6.315
5.179000,6.3092,1.7663,-0.4461,6.567
5.183000,6.5399,1.7775,-0.4667,6.793
5.206000,6.7379,1.7013,-0.4877,6.966
5.209000,6.9270,1.6119,-0.5332,7.132
5.209000,7.1336,1.5020,-0.5433,7.310
5.210000,7.3545,1.3523,-0.4465,7.491
5.210000,7.4943,1.2058,-0.3674,7.600
5.213000,7.6845,1.0338,-0.3037,7.760
5.218000,7.8056,0.8557,-0.1430,7.854
5.226000,8.0060,0.7861,0.0135,8.044
5.228000,8.1584,0.6958,0.1513,8.189
5.233000,8.2368,0.5823,0.3154,8.263
5.239000,8.2961,0.5317,0.4289,8.324
5.244000,8.2718,0.4889,0.5346,8.303
5.248000,8.2575,0.4423,0.5967,8.291
5.254000,8.2555,0.4205,0.6485,8.292
5.258000,8.2445,0.4356,0.6734,8.283
5.262000,8.2435,0.5161,0.6711,8.287
5.267000,8.1474,0.6285,0.7064,8.202
5.272000,8.0136,0.7345,0.7720,8.084
5.277000,7.9067,0.9415,0.9586,8.020
5.282000,7.7357,1.2401,1.1509,7.919
5.287000,7.5341,1.5821,1.3673,7.819
5.295000,7.2731,1.9625,1.6173,7.705
5.297000,7.0841,2.3645,1.8526,7.695
5.302000,6.9166,2.7137,2.0707,7.713
5.315000,6.7705,3.0724,2.2357,7.764
5.316000,6.6858,3.3440,2.3074,7.823
5.317000,6.6431,3.5047,2.3553,7.872
5.324000,6.5800,3.5400,2.3511,7.833
5.327000,6.5630,3.4733,2.2781,7.767
5.332000,6.4345,3.2356,2.2251,7.538
5.336000,6.2733,2.8770,2.1561,7.231
5.342000,6.0609,2.4480,2.0378,6.847
5.346000,5.8627,2.0189,1.8054,6.458
5.351000,5.6472,1.6678,1.5409,6.087
5.357000,5.4293,1.3641,1.2735,5.741
5.362000,5.1501,1.0388,1.0061,5.349
5.366000,4.8688,0.7176,0.7776,4.982
5.373000,4.5386,0.4322,0.5503,4.592
5.377000,4.1938,0.1739,0.3082,4.209
5.382000,3.9106,-0.0674,0.1162,3.913
5.388000,3.5898,-0.3145,-0.1444,3.606
5.393000,3.3051,-0.5368,-0.3729,3.369
5.398000,2.9686,-0.7457,-0.5831,3.116
5.403000,2.6074,-0.8591,-0.8510,2.874
5.412000,2.2999,-0.9566,-1.0306,2.696
5.414000,1.9966,-0.9992,-1.1840,2.527
5.421000,1.7195,-1.0054,-1.3565,2.410
5.423000,1.4201,-1.0237,-1.4836,2.295
5.457000,1.1474,-0.9811,-1.5345,2.153
5.459000,0.9101,-0.9001,-1.5475,2.008
5.461000,0.7397,-0.8136,-1.5709,1.917
5.462000,0.5886,-0.7164,-1.4901,1.755
5.462000,0.5277,-0.6070,-1.3677,1.587
5.463000,0.4902,-0.5141,-1.1589,1.359
5.464000,0.5022,-0.3894,-0.9626,1.153
5.464000,0.5225,-0.2962,-0.6763,0.905
5.466000,0.6157,-0.2341,-0.4089,0.775
5.470000,0.6255,-0.1660,-0.1198,0.658
5.476000,0.6476,-0.1418,0.1665,0.684
5.482000,0.6224,-0.0754,0.4109,0.750
5.486000,0.5348,-0.0779,0.6711,0.862
5.493000,0.4664,-0.1010,0.8770,0.998
5.496000,0.3936,-0.1513,1.1070,1.185
5.500000,0.2823,-0.2226,1.2920,1.341
5.519000,0.1689,-0.2613,1.4621,1.495
5.520000,0.0169,-0.3474,1.5267,1.566
5.521000,-0.1446,-0.4276,1.5889,1.652
5.521000,-0.3056,-0.4681,1.7013,1.791
5.527000,-0.4500,-0.5607,1.8095,1.947
5.531000,-0.6108,-0.6594,1.8561,2.062
5.536000,-0.7566,-0.7614,1.9035,2.185
5.540000,-0.9287,-0.8771,1.8900,2.281
5.546000,-1.1165,-1.0363,1.8856,2.424
5.550000,-1.2990,-1.2019,1.8453,2.557
5.556000,-1.4304,-1.3778,1.8391,2.707
5.560000,-1.5772,-1.5131,1.8238,2.847
5.566000,-1.7947,-1.7043,1.7426,3.027
5.570000,-1.9248,-1.9008,1.6891,3.189
5.576000,-2.0127,-2.0658,1.6274,3.312
5.580000,-2.1568,-2.2674,1.5674,3.500
5.585000,-2.2801,-2.5089,1.5544,3.730
5.590000,-2.3924,-2.7579,1.5547,3.968
5.595000,-2.5153,-2.9396,1.5990,4.186
5.600000,-2.5791,-3.0843,1.6553,4.348
5.606000,-2.6968,-3.2316,1.7429,4.556
5.610000,-2.8467,-3.3666,1.7708,4.751
5.615000,-2.9829,-3.4572,1.8655,4.933
5.620000,-3.0986,-3.4951,1.9081,5.046
5.626000,-3.2319,-3.5746,1.9791,5.210
5.630000,-3.3639,-3.6491,2.0552,5.372
5.635000,-3.5088,-3.7823,2.1835,5.602
5.659000,-3.5924,-3.9134,2.3060,5.791
5.661000,-3.5386,-4.0173,2.4107,5.871
5.661000,-3.5462,-4.1007,2.4227,5.938
5.662000,-3.5982,-4.1894,2.4758,6.052
5.662000,-3.6424,-4.2751,2.4719,6.136
5.665000,-3.6860,-4.4268,2.4633,6.265
5.669000,-3.7145,-4.5480,2.4023,6.345
5.675000,-3.7544,-4.7257,2.3568,6.479
5.680000,-3.8172,-4.9515,2.4295,6.708
5.685000,-3.7980,-5.2286,2.4220,6.901
5.689000,-3.7374,-5.5248,2.4709,7.113
5.695000,-3.6353,-5.8467,2.4370,7.303
5.699000,-3.5302,-6.1492,2.4807,7.512
5.704000,-3.4965,-6.4470,2.5038,7.750
5.710000,-3.5363,-6.7060,2.4824,7.977
5.714000,-3.6233,-6.8806,2.4162,8.143
5.719000,-3.7480,-7.0683,2.4290,8.361
5.727000,-3.9177,-7.1884,2.3388,8.514
5.730000,-4.1250,-7.2021,2.3110,8.616
5.735000,-4.3533,-7.1330,2.2976,8.667
5.762000,-4.5952,-7.0219,2.3417,8.712
5.764000,-4.8222,-6.9663,2.3642,8.796
5.765000,-5.0268,-6.9418,2.3969,8.900
5.765000,-5.1350,-6.9050,2.5188,8.966
5.766000,-5.0679,-6.9460,2.6368,8.993
5.766000,-4.8304,-6.9883,2.6984,8.914
5.769000,-4.5114,-7.0369,2.6799,8.778
5.775000,-4.2015,-7.0059,2.6393,8.585
5.779000,-3.9347,-6.9442,2.5453,8.378
5.784000,-3.7658,-6.8859,2.4602,8.225
5.792000,-3.6373,-6.8815,2.3150,8.121
5.795000,-3.6353,-6.8879,2.1144,8.070
5.798000,-3.6855,-6.9435,1.9373,8.096
5.803000,-3.7257,-7.0240,1.8025,8.153
5.810000,-3.6673,-7.0575,1.6573,8.124
5.814000,-3.5177,-7.0797,1.5832,8.062
5.818000,-3.3174,-7.0694,1.5539,7.962
5.837000,-3.1240,-6.9859,1.5139,7.801
5.839000,-2.9877,-6.9254,1.4684,7.684
5.839000,-2.8820,-6.8500,1.3841,7.559
5.839000,-2.7399,-6.7761,1.3020,7.424
5.843000,-2.6188,-6.6631,1.2482,7.267
5.848000,-2.6670,-6.4852,1.1912,7.113
5.853000,-2.8413,-6.2404,1.2261,6.966
5.858000,-3.0721,-5.9303,1.2946,6.803
5.863000,-3.2853,-5.6009,1.3299,6.628
5.868000,-3.3683,-5.1699,1.3821,6.323
5.875000,-3.3137,-4.7037,1.6016,5.972
5.878000,-3.1839,-4.1989,1.8744,5.593
5.883000,-2.9696,-3.7130,2.0952,5.196
5.887000,-2.6993,-3.3568,2.2168,4.844
5.894000,-2.4736,-3.0555,2.2873,4.548
5.898000,-2.1751,-2.8818,2.2861,4.273
5.903000,-1.8997,-2.7763,2.1776,4.007
5.910000,-1.6042,-2.7241,2.0121,3.747
5.913000,-1.3319,-2.7859,1.8045,3.576
5.918000,-1.0708,-2.7974,1.5023,3.351
5.929000,-0.7491,-2.8559,1.1945,3.185
5.930000,-0.5319,-3.0193,0.9124,3.199
5.933000,-0.4001,-3.1876,0.5918,3.267
5.937000,-0.2983,-3.3694,0.2947,3.395
5.968000,-0.2099,-3.4791,-0.0285,3.486
5.971000,-0.0702,-3.5862,-0.3103,3.600
5.972000,0.0637,-3.6707,-0.6271,3.724
5.972000,0.1772,-3.7186,-0.8784,3.825
5.973000,0.2678,-3.7808,-1.1046,3.948
5.974000,0.3335,-3.7726,-1.3325,4.015
5.975000,0.3285,-3.7143,-1.5883,4.053
5.983000,0.3011,-3.6359,-1.7770,4.058
5.984000,0.1699,-3.4877,-1.9201,3.985
5.987000,0.0663,-3.2678,-1.9417,3.802
5.993000,-0.0237,-2.9777,-1.8931,3.529
5.997000,-0.1388,-2.6879,-1.8009,3.238
6.003000,-0.2905,-2.3590,-1.6850,2.914
6.007000,-0.3808,-2.0562,-1.4450,2.542
6.013000,-0.3863,-1.7057,-1.2006,2.121
6.018000,-0.3758,-1.4047,-1.0096,1.770
6.023000,-0.3810,-1.1279,-0.8316,1.452
6.026000,-0.2723,-0.8386,-0.5639,1.047
6.033000,-0.1315,-0.5759,-0.3339,0.679
6.037000,-0.0570,-0.3496,-0.0508,0.358
6.043000,0.0417,-0.0864,0.1130,0.148
6.050000,0.1196,0.1714,0.2700,0.341
6.051000,0.1976,0.4943,0.4181,0.677
6.062000,0.2090,0.7323,0.5333,0.930
6.063000,0.2589,0.9710,0.5471,1.144
6.067000,0.2870,1.1715,0.6515,1.371
6.094000,0.3538,1.3157,0.7125,1.537
6.096000,0.4013,1.4339,0.7210,1.654
6.096000,0.4938,1.5475,0.7924,1.807
6.096000,0.5338,1.6237,0.8617,1.914
6.097000,0.5684,1.7335,0.8501,2.013
6.099000,0.6079,1.8730,0.8414,2.141
6.102000,0.5513,1.9220,0.7830,2.147
6.107000,0.4944,1.9357,0.6773,2.110
6.111000,0.4474,1.9508,0.5314,2.071
6.116000,0.3933,1.9480,0.3625,2.020
6.122000,0.3870,1.9989,0.1324,2.040
6.126000,0.4005,2.0087,-0.0558,2.049
6.131000,0.4211,2.0390,-0.2570,2.098
6.136000,0.5023,2.0953,-0.4589,2.203
6.145000,0.6365,2.0744,-0.6544,2.266
6.147000,0.7825,2.0575,-0.8766,2.369
6.151000,0.9771,2.0187,-0.9677,2.443
6.172000,1.1525,1.9555,-1.0593,2.505
6.173000,1.2919,1.8961,-1.1227,2.554
6.174000,1.4463,1.8150,-1.0887,2.563
6.174000,1.6316,1.7570,-1.0178,2.605
6.176000,1.8843,1.7753,-0.9603,2.761
6.181000,2.1010,1.7690,-0.7776,2.854
6.185000,2.3076,1.7998,-0.5229,2.973
6.190000,2.4929,1.8755,-0.2490,3.130
6.196000,2.6636,1.9646,-0.0159,3.310
6.200000,2.8000,2.0308,0.1786,3.464
6.208000,2.9819,2.0412,0.3846,3.634
6.210000,3.1296,2.1318,0.5350,3.824
6.216000,3.3514,2.1905,0.6465,4.056
6.222000,3.5629,2.2147,0.7000,4.253
6.226000,3.7542,2.2350,0.7936,4.441
6.231000,3.9113,2.2400,0.7211,4.565
6.235000,4.2395,2.2986,0.7555,4.881
6.243000,4.6066,2.3147,0.7936,5.216
6.245000,4.8669,2.3340,0.7731,5.453
6.253000,5.0148,2.2771,0.7565,5.559
6.280000,5.1134,2.2018,0.7606,5.619
6.282000,5.1530,2.1514,0.7116,5.629
6.282000,5.1910,2.0275,0.6955,5.616
6.283000,5.2188,1.8719,0.7410,5.594
6.283000,5.2987,1.7469,0.7404,5.628
6.284000,5.4138,1.6380,0.6481,5.693
6.285000,5.5791,1.5793,0.5625,5.825
6.291000,5.7654,1.5297,0.4597,5.983
6.295000,5.9849,1.5684,0.4161,6.201
6.300000,6.1892,1.6684,0.2978,6.417
6.307000,6.3859,1.7320,0.1934,6.619
6.309000,6.5792,1.9024,0.1436,6.850
6.315000,6.7711,2.0952,0.1007,7.089
6.319000,6.9114,2.2747,-0.0068,7.276
6.325000,7.0214,2.5149,-0.0546,7.458
6.331000,7.2514,2.7124,-0.1333,7.743
6.335000,7.4912,2.8269,-0.2069,8.010
6.342000,7.6830,2.8747,-0.3133,8.209
6.345000,7.8884,2.8842,-0.3617,8.407
6.349000,8.0861,2.8509,-0.3665,8.582
6.354000,8.2945,2.7743,-0.3804,8.754
6.379000,8.5133,2.6855,-0.3747,8.935
6.381000,8.7019,2.5031,-0.3925,9.063
6.381000,8.8289,2.3419,-0.3003,9.139
6.382000,8.9350,2.1946,-0.2299,9.203
6.382000,9.0012,2.0350,-0.2487,9.232
6.385000,9.0083,1.8630,-0.2370,9.202
6.391000,8.9419,1.6811,-0.2406,9.102
6.394000,8.7907,1.5133,-0.2593,8.924
6.401000,8.5335,1.3480,-0.3194,8.645
6.405000,8.2495,1.1828,-0.4091,8.344
6.409000,7.9179,1.1233,-0.4612,8.010
6.414000,7.5798,1.1077,-0.5114,7.677
6.419000,7.2330,1.1310,-0.5598,7.342
6.424000,6.9331,1.1746,-0.5317,7.052
6.429000,6.6440,1.2430,-0.4993,6.778
6.433000,6.3804,1.3820,-0.4550,6.544
6.439000,6.1282,1.6012,-0.3176,6.342
6.444000,5.9012,1.8330,-0.1688,6.182
6.449000,5.6851,2.0967,-0.0565,6.060
6.454000,5.4467,2.3541,0.0478,5.934
6.459000,5.2521,2.6357,0.1611,5.879
6.464000,5.1067,2.8604,0.1781,5.856
6.469000,4.9595,2.9920,0.2281,5.797
6.477000,4.8775,3.0185,0.1821,5.739
6.479000,4.7701,3.0143,0.1052,5.644
6.484000,4.6677,2.9502,-0.0765,5.522
6.518000,4.6185,2.7740,-0.2667,5.394
6.519000,4.5502,2.5258,-0.5322,5.231
6.520000,4.4297,2.2513,-0.7934,5.032
6.521000,4.2815,1.9583,-1.0258,4.819
6.525000,4.1553,1.6366,-1.2244,4.631
6.526000,3.9897,1.2868,-1.3793,4.413
6.526000,3.8522,0.9405,-1.5091,4.243
6.528000,3.7377,0.5880,-1.5754,4.099
6.528000,3.6325,0.2486,-1.6497,3.997
6.533000,3.4893,-0.1126,-1.6794,3.874
6.540000,3.3846,-0.4457,-1.6645,3.798
6.543000,3.2227,-0.7388,-1.6241,3.684
6.552000,3.0736,-1.0320,-1.5892,3.611
6.553000,2.9017,-1.1983,-1.5432,3.498
6.562000,2.7650,-1.3208,-1.5221,3.422
6.565000,2.6679,-1.4003,-1.4251,3.333
6.568000,2.5819,-1.4959,-1.2357,3.230
6.596000,2.5504,-1.5236,-1.0671,3.157
6.598000,2.5489,-1.4700,-0.8093,3.052
6.599000,2.5729,-1.4182,-0.5569,2.990
6.599000,2.5620,-1.3378,-0.2984,2.906
6.599000,2.5994,-1.1961,-0.0268,2.862
6.600000,2.6277,-1.0792,0.1874,2.847
6.603000,2.6635,-0.9323,0.3942,2.849
6.610000,2.6008,-0.8041,0.6655,2.802
6.613000,2.5092,-0.6899,0.9427,2.768
6.618000,2.3620,-0.6018,1.0987,2.674
6.624000,2.1980,-0.5275,1.3508,2.633
6.633000,1.9760,-0.4892,1.5867,2.581
6.634000,1.7801,-0.4459,1.7846,2.560
6.638000,1.5938,-0.4495,1.9582,2.564
6.644000,1.4358,-0.3957,2.1127,2.585
6.647000,1.3062,-0.4324,2.2218,2.613
6.652000,1.2031,-0.4466,2.2876,2.623
6.658000,1.0420,-0.4634,2.3276,2.592
6.664000,0.8497,-0.4870,2.3031,2.503
6.666000,0.6553,-0.5576,2.2981,2.454
6.676000,0.5015,-0.6614,2.2772,2.424
6.677000,0.2829,-0.7437,2.1787,2.319
6.682000,0.1077,-0.8328,2.0819,2.245
6.687000,-0.0862,-0.9307,2.0088,2.216
6.709000,-0.3006,-1.0202,1.9402,2.213
6.710000,-0.4884,-1.1478,1.8576,2.238
6.711000,-0.6919,-1.2982,1.7134,2.258
6.711000,-0.8487,-1.4708,1.6632,2.377
6.716000,-1.0429,-1.6070,1.6215,2.510
6.717000,-1.2285,-1.7796,1.5518,2.662
6.724000,-1.3626,-1.9027,1.4807,2.769
6.728000,-1.4981,-2.0754,1.4683,2.951
6.732000,-1.6609,-2.2155,1.4617,3.131
6.737000,-1.7863,-2.3587,1.5117,3.323
6.742000,-1.8573,-2.5400,1.5054,3.488
6.747000,-2.0012,-2.7178,1.5440,3.711
6.751000,-2.1290,-2.9535,1.6270,3.988
6.757000,-2.2932,-3.2293,1.7137,4.316
6.762000,-2.4126,-3.4791,1.8852,4.634
6.766000,-2.5661,-3.7211,2.0855,4.978
6.777000,-2.7727,-3.8565,2.2057,5.237
6.779000,-2.9467,-3.9916,2.3317,5.482
6.782000,-3.1215,-4.0684,2.3627,5.646
6.786000,-3.2851,-4.1791,2.4179,5.840
6.812000,-3.5213,-4.2988,2.4811,6.086
6.814000,-3.7439,-4.3589,2.5518,6.287
6.815000,-3.9029,-4.4777,2.6041,6.486
6.815000,-4.0341,-4.5801,2.6234,6.643
6.816000,-4.1135,-4.6559,2.6910,6.771
6.819000,-4.2493,-4.7494,2.7424,6.938
6.822000,-4.4267,-4.8331,2.7605,7.112
6.826000,-4.5696,-4.9438,2.7361,7.267
6.832000,-4.7207,-5.0185,2.7078,7.403
6.836000,-4.8466,-5.0972,2.6903,7.531
6.842000,-4.8829,-5.1879,2.6957,7.617
6.846000,-4.9251,-5.2709,2.6694,7.692
6.850000,-4.9830,-5.4435,2.6472,7.840
6.858000,-5.0804,-5.6586,2.6460,8.052
6.862000,-5.1267,-5.8343,2.6104,8.194
6.866000,-5.1313,-5.9700,2.5330,8.270
6.871000,-5.1569,-6.0953,2.4615,8.355
6.876000,-5.1866,-6.2645,2.3432,8.464
6.881000,-5.2636,-6.4804,2.2450,8.645
6.885000,-5.3807,-6.6823,2.1426,8.843
6.896000,-5.5164,-6.8556,2.0670,9.039
6.898000,-5.6015,-7.0147,2.0775,9.214
6.901000,-5.7723,-7.1183,2.0661,9.395
6.940000,-5.8783,-7.1641,2.0921,9.500
6.942000,-6.0343,-7.1588,2.1675,9.610
6.942000,-6.1636,-7.1424,2.2279,9.694
6.943000,-6.2663,-7.0527,2.2591,9.701
6.944000,-6.3255,-6.9375,2.3023,9.667
6.945000,-6.2647,-6.8468,2.2720,9.554
6.946000,-6.1005,-6.7254,2.2006,9.343
6.947000,-5.8999,-6.6577,2.1337,9.148
6.948000,-5.6295,-6.6270,2.0003,8.922
6.950000,-5.3108,-6.5859,1.8152,8.653
6.957000,-4.9414,-6.5657,1.6457,8.381
6.961000,-4.6002,-6.5408,1.5209,8.140
6.965000,-4.2801,-6.5353,1.3518,7.928
6.970000,-3.9762,-6.6076,1.1033,7.790
6.975000,-3.6837,-6.6711,0.8873,7.672
6.980000,-3.3836,-6.6641,0.7086,7.507
6.985000,-3.0830,-6.6754,0.5141,7.371
6.995000,-2.7725,-6.6913,0.3347,7.251
6.997000,-2.5046,-6.8077,0.0151,7.254
7.000000,-2.3103,-7.0001,-0.2078,7.374
7.022000,-2.0388,-7.1347,-0.3744,7.430
7.024000,-1.9055,-7.1907,-0.3947,7.449
7.024000,-1.9293,-7.1938,-0.3941,7.458
7.025000,-2.1199,-7.0841,-0.3619,7.403
7.027000,-2.3813,-6.8931,-0.3276,7.300
7.030000,-2.5626,-6.5596,-0.2295,7.046
7.034000,-2.6182,-6.0262,-0.0768,6.571
7.040000,-2.4454,-5.4586,0.0473,5.981
7.045000,-2.0822,-4.8013,0.2540,5.240
7.052000,-1.6583,-4.2144,0.4296,4.549
7.054000,-1.2691,-3.7216,0.6681,3.988
7.060000,-0.9268,-3.3336,0.8741,3.569
7.064000,-0.5792,-3.0613,1.0193,3.278
7.069000,-0.3047,-2.9012,1.0941,3.116
7.076000,-0.0200,-2.7917,1.1846,3.033
7.080000,0.2245,-2.7649,1.2332,3.036
7.085000,0.4314,-2.7789,1.2110,3.062
7.094000,0.5551,-2.8276,1.1134,3.089
7.095000,0.6725,-2.9287,1.0720,3.190
7.099000,0.7501,-3.0802,0.9074,3.298
7.125000,0.8740,-3.3083,0.7706,3.508
7.126000,0.9994,-3.5301,0.6618,3.728
7.126000,1.1857,-3.7034,0.5572,3.928
7.127000,1.3880,-3.8246,0.4543,4.094
7.128000,1.5463,-3.8848,0.3200,4.193
7.128000,1.7251,-3.9563,0.0658,4.317
7.134000,1.8701,-3.9014,-0.0441,4.327
7.138000,2.1005,-3.8315,-0.1389,4.372
7.144000,2.3186,-3.6096,-0.1947,4.295
7.148000,2.5407,-3.2989,-0.2164,4.170
7.154000,2.7354,-2.9528,-0.1855,4.029
7.159000,2.7755,-2.6488,-0.1168,3.838
7.163000,2.7453,-2.3261,-0.0400,3.598
7.169000,2.7229,-1.9934,0.0538,3.375
7.174000,2.7134,-1.6113,0.2331,3.164
7.178000,2.7114,-1.2214,0.3508,2.994
7.183000,2.6878,-0.7885,0.4276,2.834
7.189000,2.6712,-0.3983,0.5180,2.750
7.193000,2.5488,-0.0466,0.5616,2.610
7.197000,2.4158,0.2876,0.6251,2.512
7.202000,2.2846,0.6077,0.7129,2.469
7.209000,2.1641,0.9291,0.7580,2.474
7.213000,2.0809,1.2076,0.8464,2.550
7.218000,1.9748,1.4855,0.8683,2.619
7.247000,1.7883,1.7386,0.8983,2.651
7.249000,1.6535,1.8960,0.8719,2.663
7.249000,1.4649,2.0221,0.8519,2.638
7.250000,1.3397,2.1144,0.8506,2.644
7.250000,1.2377,2.2121,0.7415,2.641
7.251000,1.1205,2.3242,0.6026,2.650
7.252000,0.9741,2.4203,0.4673,2.650
7.258000,0.7939,2.4834,0.3509,2.631
7.262000,0.5796,2.5276,0.2066,2.601
7.267000,0.4063,2.5302,0.1041,2.565
7.274000,0.2524,2.5102,-0.0085,2.523
7.278000,0.1232,2.4686,-0.0907,2.473
7.283000,0.0213,2.4914,-0.1734,2.498
7.288000,-0.0132,2.4874,-0.2806,2.503
7.292000,-0.0491,2.5123,-0.4507,2.553
7.297000,-0.0247,2.4556,-0.5375,2.514
7.302000,-0.0309,2.4104,-0.6793,2.504
7.307000,0.0094,2.3871,-0.7925,2.515
7.312000,0.0697,2.3448,-0.8719,2.503
7.317000,0.2501,2.2784,-0.9894,2.497
7.335000,0.5031,2.2577,-1.0781,2.552
7.335000,0.7610,2.2749,-1.0612,2.623
7.336000,0.9427,2.2776,-1.0375,2.674
7.343000,1.0813,2.2508,-0.9905,2.686
7.345000,1.2076,2.2614,-0.9445,2.732
7.347000,1.3103,2.2072,-0.8588,2.707
7.352000,1.3606,2.2649,-0.6929,2.731
7.356000,1.4705,2.2907,-0.5907,2.785
7.361000,1.6025,2.3356,-0.4565,2.869
7.366000,1.7681,2.4064,-0.3312,3.004
7.372000,1.9096,2.5075,-0.1408,3.155
7.376000,2.0658,2.5797,0.0473,3.305
7.381000,2.2457,2.5914,0.2139,3.436
7.386000,2.4710,2.6674,0.2916,3.648
7.391000,2.7030,2.7378,0.3808,3.866
7.396000,2.9099,2.8786,0.4764,4.121
7.401000,3.0491,2.9465,0.6262,4.286
7.408000,3.1683,2.9988,0.7343,4.424
7.411000,3.3173,3.0690,0.6955,4.572
7.416000,3.4031,3.1212,0.7084,4.672
7.425000,3.4804,3.1432,0.6892,4.740
7.427000,3.5712,3.1451,0.6713,4.806
7.431000,3.6562,3.0910,0.6213,4.828
7.436000,3.8286,3.0287,0.5702,4.915
7.462000,4.1054,2.9706,0.4919,5.091
7.463000,4.4000,2.9210,0.3961,5.296
7.464000,4.7071,2.8174,0.3020,5.494
7.464000,4.9123,2.7127,0.2552,5.617
7.465000,5.0272,2.5302,0.2938,5.636
7.466000,5.1215,2.3969,0.2238,5.659
7.470000,5.1981,2.3323,0.2009,5.701
7.477000,5.2855,2.3289,0.1678,5.778
7.481000,5.4055,2.3678,0.1198,5.903
7.485000,5.4528,2.4632,0.0114,5.983
7.491000,5.5564,2.5504,-0.1185,6.115
7.495000,5.7021,2.6509,-0.2215,6.292
7.500000,5.8106,2.7621,-0.3308,6.442
7.506000,5.9301,2.8508,-0.3720,6.590
7.510000,6.1677,2.9214,-0.4240,6.838
7.515000,6.4153,2.9761,-0.4843,7.089
7.520000,6.6585,2.9573,-0.5433,7.306
7.525000,6.9494,2.9080,-0.5676,7.555
7.530000,7.2229,2.8397,-0.5571,7.781
7.535000,7.3904,2.7501,-0.5245,7.903
7.542000,7.5786,2.6270,-0.4962,8.036
7.545000,7.7251,2.5350,-0.5056,8.146
7.550000,7.8706,2.3878,-0.4741,8.239
7.577000,7.9719,2.1856,-0.4501,8.278
7.578000,8.0122,1.9760,-0.4408,8.264
7.579000,8.0441,1.7640,-0.4248,8.246
7.579000,7.9986,1.5806,-0.4762,8.167
7.580000,7.8230,1.3349,-0.5306,7.954
7.580000,7.6401,1.1829,-0.6048,7.755
7.585000,7.4187,0.9809,-0.6654,7.513
7.589000,7.1976,0.7795,-0.7863,7.282
7.595000,6.9656,0.6582,-0.8476,7.048
7.600000,6.7108,0.5522,-0.8733,6.790
7.606000,6.4598,0.6006,-0.8538,6.544
7.613000,6.2487,0.6814,-0.8252,6.340
7.615000,6.0270,0.8539,-0.7755,6.136
7.620000,5.7757,1.0800,-0.6158,5.908
7.625000,5.5381,1.3334,-0.3897,5.710
7.630000,5.2778,1.5921,-0.2047,5.516
7.635000,5.0335,1.8635,-0.0727,5.368
7.647000,4.8071,2.1496,0.0113,5.266
7.648000,4.6251,2.3167,0.0958,5.174
7.649000,4.4687,2.4176,0.1403,5.083
7.654000,4.3971,2.4064,0.1140,5.014
7.687000,4.3526,2.3312,0.0436,4.938
7.688000,4.3191,2.1729,-0.0540,4.835
7.689000,4.2718,1.9241,-0.1998,4.689
7.690000,4.2353,1.6329,-0.3601,4.553
7.690000,4.1182,1.2894,-0.5132,4.346
7.691000,4.0048,0.9394,-0.6544,4.165
7.691000,3.9267,0.5716,-0.7736,4.043
7.694000,3.7616,0.2069,-0.8087,3.853
7.699000,3.6299,-0.1706,-0.8266,3.727
7.705000,3.5106,-0.5054,-0.8128,3.639
7.709000,3.3794,-0.8146,-0.7983,3.567
7.714000,3.2828,-1.1021,-0.7499,3.543
7.720000,3.1914,-1.3350,-0.6292,3.516
7.724000,3.0628,-1.5438,-0.5345,3.471
7.729000,3.0028,-1.6443,-0.4183,3.449
7.733000,2.8910,-1.6924,-0.3071,3.364
7.741000,2.7757,-1.7067,-0.2105,3.265
7.743000,2.6094,-1.6416,-0.0982,3.084
7.748000,2.4727,-1.5123,-0.0151,2.899
7.753000,2.3424,-1.3466,0.0954,2.704
7.768000,2.2657,-1.1719,0.2192,2.560
7.769000,2.2041,-0.9999,0.3722,2.449
7.770000,2.1650,-0.7826,0.4916,2.354
7.776000,2.1046,-0.6143,0.6375,2.283
7.778000,2.0825,-0.4616,0.7521,2.262
7.783000,1.9984,-0.3193,0.9491,2.235
7.789000,1.8563,-0.1576,1.0849,2.156
7.793000,1.7524,-0.0832,1.1900,2.120
7.798000,1.6000,0.0057,1.2361,2.022
7.803000,1.4495,0.0904,1.3736,1.999
7.809000,1.3274,0.1686,1.4802,1.995
7.813000,1.1446,0.2348,1.5275,1.923
7.818000,1.0093,0.1986,1.6736,1.964
7.824000,0.9001,0.1082,1.7246,1.948
7.828000,0.7639,0.0729,1.7143,1.878
7.833000,0.5916,-0.0071,1.7120,1.811
7.840000,0.3927,-0.1037,1.7040,1.752
7.844000,0.1506,-0.1758,1.6949,1.711
7.847000,-0.0597,-0.2919,1.5991,1.627
7.853000,-0.2604,-0.3573,1.5679,1.629
7.858000,-0.4414,-0.4957,1.4746,1.617
7.863000,-0.5713,-0.6301,1.4367,1.670
7.867000,-0.7246,-0.7660,1.3303,1.698
7.875000,-0.8791,-0.9262,1.3138,1.832
7.878000,-0.9993,-1.0758,1.3824,2.017
7.882000,-1.0899,-1.2094,1.4112,2.155
7.887000,-1.2315,-1.3785,1.4550,2.352
7.902000,-1.3391,-1.5470,1.4788,2.525
7.903000,-1.4118,-1.6891,1.5151,2.672
7.904000,-1.4980,-1.8419,1.5359,2.828
7.908000,-1.6117,-2.0286,1.5697,3.029
7.912000,-1.6858,-2.2108,1.6379,3.227
7.917000,-1.6703,-2.3765,1.7329,3.382
7.923000,-1.7064,-2.5211,1.8281,3.551
7.932000,-1.7940,-2.7064,1.9351,3.780
7.937000,-1.9334,-2.8881,1.9943,4.007
7.939000,-2.0812,-2.9957,2.0508,4.185
7.943000,-2.2179,-3.1340,2.1669,4.409
7.948000,-2.3680,-3.2657,2.2972,4.642
7.952000,-2.4759,-3.3584,2.3742,4.801
7.961000,-2.6570,-3.4084,2.4675,4.977
7.963000,-2.7985,-3.5420,2.5430,5.181
7.967000,-2.9555,-3.6959,2.5813,5.391
8.002000,-3.0876,-3.7995,2.6902,5.586
8.003000,-3.3141,-3.9207,2.7418,5.820
8.003000,-3.5491,-3.9737,2.7962,6.017
8.004000,-3.7614,-4.0205,2.8960,6.221
8.007000,-3.9392,-4.0256,2.9338,6.351
8.007000,-4.0633,-4.0882,2.9021,6.453
8.008000,-4.1459,-4.1781,2.8492,6.539
8.009000,-4.2204,-4.3329,2.7824,6.658
8.011000,-4.2581,-4.4970,2.7951,6.795
8.016000,-4.3381,-4.6831,2.8201,6.979
8.022000,-4.3984,-4.8381,2.7659,7.100
8.028000,-4.4795,-4.9496,2.7453,7.218
8.031000,-4.4787,-5.0639,2.6604,7.265
8.036000,-4.5514,-5.2612,2.5522,7.410
8.042000,-4.6379,-5.4753,2.5237,7.606
8.046000,-4.6136,-5.6769,2.4817,7.725
8.058000,-4.5793,-5.9160,2.4284,7.865
8.059000,-4.5804,-6.1467,2.3138,8.007
8.062000,-4.5954,-6.3291,2.2957,8.151
8.098000,-4.6768,-6.4485,2.2931,8.289
8.099000,-4.8341,-6.5096,2.3253,8.435
8.099000,-5.0458,-6.5907,2.3466,8.626
8.100000,-5.2613,-6.6363,2.4050,8.804
8.100000,-5.4377,-6.6840,2.4984,8.971
8.101000,-5.5416,-6.6931,2.5882,9.067
8.101000,-5.5969,-6.7016,2.7055,9.141
8.103000,-5.6492,-6.6851,2.8073,9.192
8.106000,-5.7176,-6.5649,2.8336,9.155
8.111000,-5.7925,-6.5036,2.8062,9.150
8.115000,-5.8764,-6.4075,2.8377,9.145
8.121000,-5.8496,-6.3220,2.8368,9.068
8.126000,-5.6858,-6.2950,2.7513,8.918
8.131000,-5.4547,-6.2545,2.6672,8.717
8.135000,-5.0798,-6.2370,2.4651,8.413
8.141000,-4.7526,-6.2240,2.2769,8.155
8.146000,-4.4968,-6.2373,2.1215,7.977
8.151000,-4.2360,-6.2390,1.8699,7.770
8.157000,-4.0154,-6.2224,1.6926,7.597
8.161000,-3.8326,-6.2351,1.4720,7.465
8.165000,-3.6205,-6.1821,1.2329,7.270
8.173000,-3.3694,-6.1872,1.0160,7.118
8.176000,-3.0672,-6.2557,0.8028,7.013
8.180000,-2.7930,-6.3210,0.5529,6.933
8.186000,-2.5945,-6.4496,0.4096,6.964
8.196000,-2.4764,-6.5292,0.2311,6.987
8.197000,-2.4410,-6.5410,0.0696,6.982
8.201000,-2.5695,-6.5056,-0.0279,6.995
8.205000,-2.7396,-6.3230,-0.1504,6.893
8.243000,-2.8601,-6.0757,-0.2122,6.719
8.246000,-2.8664,-5.7325,-0.2227,6.413
8.247000,-2.7321,-5.3799,-0.2509,6.039
8.247000,-2.4187,-4.9908,-0.1794,5.549
8.248000,-1.9719,-4.5831,-0.1608,4.992
8.248000,-1.4637,-4.1798,-0.1825,4.432
8.249000,-0.9300,-3.8213,-0.1941,3.938
8.249000,-0.3758,-3.5115,-0.1524,3.535
8.250000,0.1292,-3.3163,-0.2894,3.331
8.257000,0.5946,-3.1874,-0.4257,3.270
8.264000,1.0465,-3.0761,-0.5703,3.299
8.266000,1.5472,-2.9291,-0.7374,3.394
8.270000,1.9862,-2.8267,-0.8405,3.556
8.275000,2.3488,-2.8036,-0.9176,3.771
8.280000,2.5781,-2.8130,-0.9903,3.942
8.285000,2.7311,-2.8657,-1.0507,4.096
8.292000,2.8730,-2.9244,-1.0416,4.230
8.294000,3.0037,-2.8962,-1.0006,4.291
8.299000,3.1588,-2.8487,-1.0212,4.374
8.304000,3.2957,-2.8020,-0.9382,4.426
8.324000,3.4429,-2.7114,-0.9312,4.480
8.325000,3.6143,-2.5248,-0.8996,4.500
8.325000,3.6715,-2.3303,-0.8176,4.425
8.326000,3.6788,-2.0903,-0.8528,4.316
8.329000,3.6549,-1.7816,-0.7636,4.137
8.334000,3.5884,-1.4392,-0.6458,3.920
8.339000,3.5095,-1.1339,-0.5267,3.726
8.345000,3.3493,-0.9026,-0.3950,3.491
8.349000,3.2464,-0.6213,-0.2635,3.316
8.354000,3.1475,-0.3361,-0.1261,3.168
8.359000,3.0456,-0.0461,0.0380,3.046
8.364000,2.9546,0.2503,0.1513,2.969
8.369000,2.8453,0.5695,0.2808,2.915
8.374000,2.7251,0.8138,0.4279,2.876
8.379000,2.5981,1.1116,0.5353,2.876
8.384000,2.4409,1.3729,0.6101,2.866
8.395000,2.2723,1.5685,0.6883,2.846
8.397000,2.1016,1.7604,0.6813,2.825
8.400000,1.9053,1.8776,0.7187,2.770
8.447000,1.6904,1.9437,0.7143,2.673
8.449000,1.4309,2.0140,0.6428,2.553
8.449000,1.1654,2.0556,0.6098,2.440
8.449000,0.9465,2.1044,0.5108,2.363
8.450000,0.7006,2.1250,0.4611,2.285
8.450000,0.4444,2.1031,0.3586,2.179
8.451000,0.2019,2.0484,0.2496,2.073
8.451000,-0.0190,1.9975,0.1414,2.003
8.452000,-0.2258,1.9744,-0.0131,1.987
8.452000,-0.4110,1.8977,-0.1127,1.945
8.453000,-0.5934,1.8255,-0.2460,1.935
8.458000,-0.7804,1.6788,-0.3170,1.878
8.463000,-0.9236,1.5610,-0.3760,1.852
8.468000,-1.0280,1.5152,-0.4303,1.881
8.474000,-1.1198,1.4840,-0.4797,1.920
8.478000,-1.2085,1.4268,-0.4695,1.928
8.483000,-1.2988,1.3678,-0.4763,1.945
8.492000,-1.3668,1.3213,-0.4380,1.951
8.496000,-1.3522,1.2809,-0.4215,1.910
8.498000,-1.3366,1.2223,-0.4415,1.864
8.503000,-1.3485,1.2200,-0.4527,1.874
8.521000,-1.2852,1.2283,-0.4386,1.831
8.523000,-1.2186,1.1920,-0.4305,1.758
8.524000,-1.1437,1.1211,-0.4069,1.652
8.524000,-1.0224,1.0634,-0.3564,1.518
8.528000,-0.8476,1.0209,-0.2624,1.353
8.533000,-0.6479,1.0276,-0.1634,1.226
8.537000,-0.5028,0.9989,0.0480,1.119
8.542000,-0.4333,1.0237,0.2759,1.145
8.548000,-0.3294,1.0183,0.4701,1.169
8.553000,-0.2416,1.0567,0.6590,1.269
8.557000,-0.1095,1.1321,0.8354,1.411
8.562000,0.0713,1.2131,1.0061,1.578
8.567000,0.2957,1.2779,1.1927,1.773
8.573000,0.4992,1.3648,1.3308,1.971
8.578000,0.6958,1.4161,1.4079,2.115
8.582000,0.9266,1.5038,1.4147,2.263
8.588000,1.1598,1.5962,1.4110,2.426
8.595000,1.3981,1.6458,1.4230,2.586
8.598000,1.5600,1.7098,1.3960,2.703
8.602000,1.7244,1.7713,1.4060,2.844
8.611000,1.8791,1.8778,1.3934,3.000
8.615000,2.0436,1.9294,1.3676,3.126
8.617000,2.2032,2.0023,1.2733,3.238
8.653000,2.3867,2.0390,1.1564,3.345
8.655000,2.6088,2.1046,0.9931,3.496
8.657000,2.9025,2.1627,0.8171,3.711
8.657000,3.1958,2.2442,0.6954,3.966
8.658000,3.5553,2.3201,0.5494,4.281
8.658000,3.9280,2.3827,0.4557,4.617
8.659000,4.2541,2.4442,0.3377,4.918
8.659000,4.5997,2.5348,0.2744,5.259
8.661000,4.8934,2.5520,0.2059,5.523
8.667000,5.1205,2.5744,0.1488,5.733
8.673000,5.3236,2.6207,0.0840,5.934
8.679000,5.4935,2.6268,-0.0054,6.089
8.682000,5.6874,2.6641,-0.0859,6.281
8.688000,5.7973,2.7300,-0.1668,6.410
8.692000,5.9286,2.8198,-0.3058,6.572
8.697000,6.0953,2.9044,-0.4522,6.767
8.702000,6.2300,3.0099,-0.5263,6.939
8.711000,6.3757,3.0715,-0.6674,7.108
8.715000,6.5010,3.0364,-0.8009,7.220
8.716000,6.6847,2.9764,-0.9268,7.376
8.757000,6.8761,2.7860,-1.0711,7.496
8.758000,7.0297,2.5178,-1.2406,7.569
8.759000,7.0882,2.1241,-1.3755,7.526
8.759000,7.1354,1.7343,-1.4376,7.483
8.760000,7.1381,1.3006,-1.4964,7.408
8.760000,7.0915,0.9163,-1.5213,7.310
8.760000,6.9412,0.4839,-1.4982,7.118
8.761000,6.7379,0.1063,-1.4847,6.900
8.761000,6.4987,-0.1396,-1.4734,6.665
8.766000,6.2626,-0.3084,-1.3738,6.419
8.772000,5.9508,-0.4505,-1.3084,6.110
8.778000,5.6689,-0.6036,-1.2866,5.844
8.781000,5.3386,-0.7075,-1.2842,5.536
8.785000,5.0483,-0.7433,-1.2249,5.248
8.791000,4.7245,-0.7201,-1.1515,4.916
8.796000,4.3646,-0.6236,-1.0623,4.535
8.800000,3.9860,-0.4800,-0.9643,4.129
8.807000,3.6314,-0.2845,-0.8150,3.733
8.812000,3.3037,-0.0894,-0.7219,3.383
8.816000,3.0173,0.1507,-0.5843,3.077
8.821000,2.8011,0.3595,-0.5214,2.872
8.827000,2.6425,0.5582,-0.4854,2.744
8.831000,2.5586,0.7326,-0.5068,2.709
8.837000,2.5557,0.8772,-0.4586,2.741
8.847000,2.4879,0.9253,-0.4556,2.693
8.848000,2.4964,0.9605,-0.5546,2.732
8.850000,2.4706,0.9560,-0.6311,2.723
8.890000,2.4370,0.9501,-0.7275,2.715
8.891000,2.4482,0.9168,-0.8121,2.737
8.891000,2.3961,0.8050,-0.9016,2.684
8.892000,2.3602,0.6562,-1.0145,2.652
8.892000,2.3399,0.4984,-1.0767,2.624
8.893000,2.3164,0.3223,-1.1715,2.616
8.893000,2.2805,0.1140,-1.2320,2.595
8.893000,2.2436,-0.1103,-1.2986,2.595
8.895000,2.1918,-0.3526,-1.3020,2.574
8.900000,2.1877,-0.5815,-1.3115,2.616
8.905000,2.1614,-0.8525,-1.2843,2.655
8.911000,2.1207,-1.0955,-1.1965,2.670
8.915000,2.1249,-1.2729,-1.0528,2.691
8.920000,2.1338,-1.4898,-0.9255,2.762
8.925000,2.1404,-1.6020,-0.7602,2.779
8.930000,2.1609,-1.7350,-0.6427,2.845
8.935000,2.2099,-1.8049,-0.5567,2.907
8.948000,2.1917,-1.9526,-0.4521,2.970
8.949000,2.1731,-2.0857,-0.3431,3.032
8.949000,2.1711,-2.2297,-0.2475,3.122
8.956000,2.1758,-2.3736,-0.1675,3.224
8.959000,2.1011,-2.5100,-0.0633,3.274
8.965000,2.0073,-2.6527,0.0551,3.327
8.969000,1.8674,-2.7527,0.1591,3.330
8.974000,1.7394,-2.8550,0.2479,3.352
8.979000,1.5660,-2.9757,0.4192,3.389
8.984000,1.4090,-3.1015,0.5770,3.455
8.990000,1.3024,-3.1499,0.7374,3.487
8.994000,1.1765,-3.2655,0.8742,3.579
8.999000,1.0313,-3.3881,1.0229,3.686
9.005000,0.9007,-3.4621,1.2188,3.779
9.009000,0.7101,-3.5030,1.3498,3.821
9.015000,0.5028,-3.6060,1.4846,3.932
9.019000,0.2937,-3.7080,1.5373,4.025
9.026000,0.0823,-3.8126,1.5770,4.127
9.029000,-0.1287,-3.9117,1.6473,4.246
9.034000,-0.3460,-4.0238,1.6999,4.382
9.073000,-0.5126,-4.2050,1.7374,4.579
9.074000,-0.7501,-4.4156,1.7785,4.819
9.074000,-0.9344,-4.6160,1.8036,5.043
9.075000,-1.1131,-4.7623,1.7619,5.198
9.075000,-1.3720,-4.8756,1.6464,5.326
9.076000,-1.6132,-4.9612,1.4569,5.416
9.076000,-1.8943,-5.0559,1.1384,5.518
9.077000,-2.1978,-5.2155,0.8110,5.717
9.079000,-2.4929,-5.3829,0.5086,5.954
9.083000,-2.7795,-5.5252,0.3071,6.193
9.089000,-3.0955,-5.7245,0.0347,6.508
9.096000,-3.4146,-5.9243,-0.2535,6.843
9.098000,-3.7533,-6.0735,-0.5117,7.158
9.104000,-4.0969,-6.2113,-0.6631,7.470
9.109000,-4.4360,-6.3389,-0.8400,7.782
9.114000,-4.7751,-6.3955,-1.0799,8.054
9.120000,-5.0712,-6.5219,-1.2007,8.348
9.125000,-5.3433,-6.6076,-1.3122,8.598
9.129000,-5.6294,-6.7087,-1.3824,8.866
9.135000,-5.9226,-6.8423,-1.4399,9.163
9.140000,-6.1728,-6.9274,-1.5398,9.405
9.143000,-6.4323,-6.9937,-1.6287,9.641
9.149000,-6.6439,-7.0292,-1.6462,9.811
9.153000,-6.8460,-7.0545,-1.6826,9.973
9.161000,-7.0315,-7.0273,-1.7354,10.091
9.166000,-7.1909,-7.0257,-1.7919,10.212
9.168000,-7.3126,-7.0235,-1.8155,10.300
9.216000,-7.4109,-7.0252,-1.8131,10.371
9.217000,-7.4431,-7.0183,-1.7840,10.385
9.218000,-7.5410,-7.0347,-1.7648,10.463
9.218000,-7.6160,-6.9785,-1.7521,10.477
9.219000,-7.6588,-6.9354,-1.6809,10.468
9.220000,-7.6912,-6.8822,-1.6087,10.445
9.220000,-7.6893,-6.8709,-1.5270,10.424
9.221000,-7.6845,-6.8280,-1.4263,10.378
9.222000,-7.6387,-6.7750,-1.3012,10.293
9.222000,-7.5185,-6.7836,-1.2017,10.198
9.224000,-7.4270,-6.7968,-1.0732,10.125
9.227000,-7.2948,-6.8075,-0.9560,10.023
9.233000,-7.1603,-6.8540,-0.8261,9.946
9.237000,-7.0163,-6.8504,-0.7080,9.831
9.242000,-6.8773,-6.8594,-0.6089,9.732
9.247000,-6.8077,-6.8881,-0.5507,9.700
9.252000,-6.7285,-6.9242,-0.4592,9.666
9.272000,-6.6898,-6.9392,-0.4068,9.647
9.273000,-6.6460,-6.8778,-0.3842,9.572
9.274000,-6.5995,-6.8187,-0.3992,9.498
9.275000,-6.4951,-6.8174,-0.4020,9.425
9.277000,-6.3495,-6.7560,-0.4095,9.281
9.282000,-6.1603,-6.7496,-0.5009,9.152
9.290000,-5.9300,-6.6649,-0.6170,8.942
9.294000,-5.6870,-6.6208,-0.6829,8.755
9.297000,-5.4840,-6.5536,-0.8118,8.584
9.303000,-5.3089,-6.5378,-0.9469,8.475
9.307000,-5.1161,-6.4771,-1.1215,8.330
9.313000,-4.9415,-6.4320,-1.2422,8.206
9.318000,-4.7683,-6.4097,-1.3472,8.102
9.323000,-4.5151,-6.3893,-1.4510,7.957
9.332000,-4.3086,-6.4035,-1.5721,7.877
9.334000,-4.0842,-6.4340,-1.6340,7.794
9.337000,-3.7942,-6.4573,-1.6465,7.668
9.342000,-3.5030,-6.4848,-1.5973,7.542
9.346000,-3.2201,-6.5772,-1.5059,7.476
9.353000,-2.8741,-6.6541,-1.3776,7.378
9.359000,-2.6848,-6.7771,-1.3146,7.407
9.362000,-2.5158,-6.8842,-1.2453,7.435
9.366000,-2.2570,-6.9978,-1.1291,7.439
9.393000,-2.0138,-7.0865,-0.9995,7.435
9.393000,-1.8218,-7.2887,-0.8799,7.564
9.394000,-1.6453,-7.4881,-0.7736,7.706
9.394000,-1.5249,-7.7396,-0.5989,7.911
9.394000,-1.4079,-7.9884,-0.3298,8.118
9.396000,-1.2820,-8.2024,-0.0447,8.302
9.402000,-1.1165,-8.3900,0.2915,8.469
9.407000,-0.9754,-8.5813,0.6867,8.664
9.412000,-0.8040,-8.7169,1.1090,8.824
9.417000,-0.6668,-8.7854,1.5581,8.947
9.422000,-0.5110,-8.8484,2.0041,9.087
9.426000,-0.3652,-8.8728,2.3842,9.195
9.431000,-0.1845,-8.8165,2.6336,9.203
9.436000,0.0006,-8.8029,2.9280,9.277
9.441000,0.2161,-8.7874,3.1952,9.353
9.446000,0.4139,-8.8184,3.4662,9.484
9.451000,0.6758,-8.8661,3.7341,9.644
9.456000,0.9124,-8.8988,3.9862,9.793
9.461000,1.1794,-8.9513,4.2040,9.959
9.466000,1.3973,-9.0364,4.4372,10.164
9.470000,1.5585,-9.0256,4.7403,10.313
9.476000,1.7021,-9.0066,5.0519,10.466
9.480000,1.8732,-8.8865,5.4385,10.586
9.486000,2.0450,-8.7495,5.8894,10.743
9.523000,2.2040,-8.5302,6.3124,10.838
9.524000,2.3563,-8.1722,6.7633,10.866
9.525000,2.4813,-7.8039,7.1633,10.880
9.525000,2.5926,-7.3301,7.5236,10.819
9.526000,2.6756,-6.8157,7.7403,10.655
9.526000,2.7285,-6.2456,7.9556,10.476
9.527000,2.8009,-5.6157,8.1641,10.297
9.529000,2.8828,-4.9910,8.2788,10.088
9.530000,2.9844,-4.3418,8.3845,9.902
9.535000,3.1832,-3.7196,8.4438,9.760
9.542000,3.3196,-3.1308,8.4792,9.629
9.549000,3.5171,-2.6575,8.4713,9.550
9.550000,3.6888,-2.2546,8.5411,9.573
9.557000,3.8039,-1.8017,8.5620,9.541
9.560000,3.9455,-1.3256,8.6215,9.574
9.567000,4.1102,-0.8293,8.6233,9.589
9.571000,4.2600,-0.4388,8.5603,9.572
9.576000,4.3796,-0.1262,8.4652,9.532
9.580000,4.4979,0.2146,8.3932,9.525
9.586000,4.6263,0.5139,8.1808,9.412
9.592000,4.7282,0.7378,7.8711,9.212
9.595000,4.8038,1.0063,7.5768,9.028
9.600000,4.8431,1.2209,7.0802,8.665
9.641000,4.7743,1.3838,6.4686,8.158
9.642000,4.6791,1.5049,5.9006,7.680
9.643000,4.5716,1.5620,5.4103,7.253
9.643000,4.3830,1.5533,4.8976,6.754
9.644000,4.1732,1.5122,4.4878,6.312
9.644000,3.9282,1.4437,4.1118,5.867
9.645000,3.6940,1.4055,3.8300,5.504
9.645000,3.4422,1.3857,3.5447,5.132
9.649000,3.1447,1.3394,3.3469,4.784
9.649000,2.8497,1.2546,3.1441,4.425
9.654000,2.5433,1.1751,2.9221,4.048
9.659000,2.2788,1.1129,2.8107,3.786
9.665000,2.0947,1.0327,2.7858,3.635
9.669000,1.9124,1.0327,2.6683,3.441
9.676000,1.7510,1.0435,2.5515,3.266
9.680000,1.5507,1.0102,2.5216,3.128
9.685000,1.3600,1.0335,2.4905,3.020
9.692000,1.1024,1.0849,2.4796,2.922
9.696000,0.8807,1.1284,2.4913,2.873
9.699000,0.7144,1.1356,2.4468,2.790
9.705000,0.5318,1.1904,2.4898,2.811
9.736000,0.3762,1.2211,2.5293,2.834
9.738000,0.2618,1.2709,2.5344,2.847
9.740000,0.1361,1.2799,2.5911,2.893
9.740000,0.0662,1.3297,2.6518,2.967
9.741000,-0.0557,1.3389,2.7137,3.027
9.741000,-0.0765,1.3172,2.8175,3.111
9.742000,-0.1087,1.2743,2.9387,3.205
9.746000,-0.1403,1.2676,3.0273,3.285
9.750000,-0.2120,1.2372,3.1834,3.422
9.754000,-0.2209,1.2313,3.3442,3.571
9.758000,-0.2438,1.2736,3.4498,3.685
9.766000,-0.2758,1.2997,3.5453,3.786
9.769000,-0.2764,1.3141,3.6595,3.898
9.775000,-0.2958,1.3100,3.7918,4.023
9.779000,-0.2572,1.2972,3.8609,4.081
9.785000,-0.1608,1.3186,3.9839,4.199
9.789000,-0.1169,1.3742,3.9905,4.222
9.794000,-0.0921,1.4373,4.0506,4.299
9.798000,-0.1054,1.4650,4.0928,4.348
9.803000,-0.1736,1.4596,4.0477,4.306
9.809000,-0.2918,1.3876,4.0443,4.286
9.813000,-0.3807,1.2830,4.0255,4.242
9.818000,-0.3732,1.1771,3.9725,4.160
9.840000,-0.3600,1.0655,3.9614,4.118
9.841000,-0.2453,0.9004,3.8799,3.991
9.842000,-0.1632,0.7537,3.8019,3.879
9.843000,-0.0540,0.6899,3.8584,3.920
9.844000,0.0582,0.6084,3.8070,3.856
9.853000,0.1159,0.5188,3.6288,3.667
9.853000,0.1147,0.3996,3.4654,3.490
9.858000,0.1292,0.2702,3.3870,3.400
9.863000,0.2243,0.1168,3.3050,3.315
9.868000,0.4384,0.0781,3.1792,3.210
9.875000,0.8310,0.0415,3.0666,3.178
9.879000,1.2822,-0.0075,2.9291,3.197
9.883000,1.7005,0.0262,2.9149,3.375
9.888000,1.9852,0.0870,2.8107,3.442
9.893000,2.0790,0.1055,2.6115,3.340
9.899000,2.1016,0.1487,2.4113,3.202
9.904000,2.0558,0.2549,2.2056,3.026
9.907000,2.0256,0.3905,2.0600,2.915
9.913000,2.0064,0.5199,1.9118,2.820
9.919000,2.0269,0.6815,1.7397,2.757
9.941000,2.1014,0.7888,1.5470,2.726
9.943000,2.2110,0.9905,1.4819,2.840
9.943000,2.3601,1.1905,1.4178,3.000
9.943000,2.5243,1.4265,1.3714,3.207
9.944000,2.7156,1.6317,1.2994,3.424
9.947000,2.9144,1.8057,1.1758,3.624
9.952000,3.1082,2.0077,1.1732,3.882
9.957000,3.3236,2.1374,1.1234,4.108
9.962000,3.6028,2.2446,1.0843,4.381
9.968000,3.9144,2.3219,1.1201,4.687
9.973000,4.2029,2.4358,1.1660,4.996
9.977000,4.4370,2.4546,1.1616,5.202
9.983000,4.6522,2.4331,1.1308,5.370
9.988000,4.7549,2.4188,1.1335,5.454
9.992000,4.8553,2.3807,1.1216,5.523
9.997000,4.9511,2.3620,1.0330,5.582
10.001000,4.9846,2.2811,0.9610,5.565
10.009000,5.0445,2.1597,0.8241,5.549
10.012000,5.0782,2.0315,0.6439,5.507
10.017000,5.0330,1.8915,0.4305,5.394
10.024000,5.0098,1.7185,0.2363,5.302
10.031000,5.0062,1.5390,0.0228,5.237
10.032000,4.9506,1.4081,-0.1310,5.149
10.037000,4.8932,1.3520,-0.4067,5.093
10.070000,4.8556,1.2677,-0.6194,5.056
10.081000,4.7230,1.2295,-0.7839,4.943
10.081000,4.5387,1.2445,-0.9668,4.804
10.082000,4.3818,1.2602,-1.1080,4.692
10.082000,4.2165,1.3127,-1.1551,4.565
10.083000,4.0262,1.3397,-1.1847,4.406
10.083000,3.8422,1.3988,-1.2257,4.269
10.083000,3.7266,1.4351,-1.2404,4.182
10.084000,3.5956,1.5416,-1.1997,4.092
10.087000,3.5234,1.7160,-1.2016,4.099
10.091000,3.4116,1.8407,-1.1124,4.033
10.097000,3.2100,1.8847,-1.1021,3.882
10.102000,3.0359,1.9220,-1.0609,3.746
10.106000,2.8538,1.9629,-1.0072,3.607
10.112000,2.6803,1.9542,-0.9394,3.448
10.117000,2.5370,1.9395,-0.8981,3.317
10.122000,2.3926,1.9349,-0.9074,3.208
10.127000,2.2545,1.8693,-0.8642,3.054
10.131000,2.0988,1.8307,-0.8408,2.909
10.136000,1.9184,1.7502,-0.9090,2.751
10.156000,1.7445,1.7042,-0.9371,2.613
10.157000,1.5654,1.6618,-1.0208,2.501
10.157000,1.3859,1.6206,-1.0953,2.397
10.157000,1.2442,1.6070,-1.2325,2.377
10.162000,1.0427,1.5398,-1.4222,2.341
10.166000,0.8503,1.4763,-1.5924,2.332
10.171000,0.6413,1.4122,-1.7646,2.349
10.175000,0.4275,1.3400,-1.9843,2.432
10.181000,0.2523,1.3034,-2.2144,2.582
10.185000,0.0629,1.2042,-2.4356,2.718
10.191000,-0.2384,1.0905,-2.6120,2.841
10.196000,-0.5343,0.9435,-2.7867,2.990
10.200000,-0.8312,0.8524,-3.0045,3.232
10.206000,-1.0715,0.7127,-3.1190,3.374
10.210000,-1.3271,0.6078,-3.1878,3.506
10.215000,-1.5783,0.4740,-3.1890,3.590
10.220000,-1.8055,0.3312,-3.1226,3.622
10.226000,-1.9177,0.2273,-2.9435,3.520
10.231000,-2.0176,0.1200,-2.7428,3.407
10.236000,-2.0358,0.0713,-2.5328,3.250
10.246000,-1.9460,0.0335,-2.2133,2.947
10.247000,-1.7772,0.0688,-1.9092,2.609
10.250000,-1.5491,0.1762,-1.4843,2.153
10.286000,-1.3121,0.2336,-1.0972,1.726
10.287000,-1.0907,0.2572,-0.8102,1.383
10.287000,-0.8825,0.2586,-0.5514,1.072
10.287000,-0.7191,0.2663,-0.2538,0.808
10.288000,-0.5289,0.3274,0.0655,0.625
10.288000,-0.3314,0.3675,0.3347,0.597
10.288000,-0.1625,0.3913,0.5776,0.716
10.296000,-0.0440,0.3840,0.7801,0.871
10.297000,0.0716,0.4051,1.0569,1.134
10.305000,0.1986,0.4447,1.3170,1.404
10.306000,0.2484,0.4238,1.5242,1.601
10.310000,0.2903,0.4379,1.6665,1.747
10.316000,0.3340,0.4416,1.8039,1.887
10.320000,0.4344,0.3966,1.8933,1.983
10.325000,0.5173,0.3747,1.9657,2.067
10.332000,0.5898,0.3087,2.0518,2.157
10.334000,0.5610,0.1937,2.0535,2.138
10.341000,0.4742,0.1066,2.0109,2.069
10.345000,0.3753,0.0095,2.0147,2.049
10.349000,0.3003,-0.0330,1.9999,2.023
10.354000,0.2064,-0.0757,1.9162,1.929
10.394000,0.0577,-0.1470,1.7709,1.778
10.395000,-0.0640,-0.1005,1.7436,1.748
10.395000,-0.0895,-0.0349,1.5920,1.595
10.396000,-0.1815,-0.0981,1.4003,1.415
10.396000,-0.1605,-0.1490,1.1209,1.142
10.396000,-0.0552,-0.2397,0.8809,0.915
10.397000,0.0746,-0.3440,0.5874,0.685
10.397000,0.2454,-0.4333,0.3385,0.602
10.399000,0.4016,-0.5632,0.0794,0.696
10.405000,0.5244,-0.7406,-0.1677,0.923
10.410000,0.5969,-0.8534,-0.3980,1.115
10.415000,0.6454,-0.9635,-0.6350,1.322
10.421000,0.6796,-1.0782,-0.7833,1.496
10.424000,0.8049,-1.2212,-1.0026,1.773
10.429000,0.8823,-1.3613,-1.2139,2.026
10.434000,0.9719,-1.4218,-1.3956,2.217
10.440000,1.0448,-1.4629,-1.6220,2.421
10.444000,1.0890,-1.5349,-1.9163,2.686
10.449000,1.0541,-1.5922,-2.2231,2.931
10.453000,1.0410,-1.6012,-2.4869,3.136
10.459000,0.9827,-1.6836,-2.7053,3.334
10.464000,0.9441,-1.8007,-2.8901,3.534
10.469000,0.9084,-1.8327,-3.1797,3.781
10.501000,0.8542,-1.9041,-3.4541,4.036
10.503000,0.8199,-1.9787,-3.6913,4.268
10.503000,0.8030,-2.0707,-3.8145,4.414
10.503000,0.8157,-2.2229,-3.9359,4.593
10.506000,0.8222,-2.3894,-3.9693,4.705
10.507000,0.8298,-2.4962,-3.9294,4.729
10.507000,0.7836,-2.5481,-3.8096,4.650
10.510000,0.7505,-2.4999,-3.7009,4.529
10.513000,0.7210,-2.3970,-3.3854,4.210
10.519000,0.7906,-2.2830,-3.0358,3.880
10.523000,0.9397,-2.2850,-2.6616,3.632
10.529000,1.1040,-2.3072,-2.2586,3.412
10.534000,1.3236,-2.3381,-1.7985,3.233
10.539000,1.4908,-2.4068,-1.3395,3.132
10.543000,1.6197,-2.4705,-0.9727,3.110
10.548000,1.7727,-2.5388,-0.5811,3.151
10.553000,1.8321,-2.5406,-0.1965,3.138
10.558000,1.8413,-2.5069,0.1947,3.117
10.563000,1.8385,-2.4450,0.5058,3.101
10.567000,1.8070,-2.2785,0.8563,3.031
10.574000,1.7347,-2.1464,1.1233,2.980
10.578000,1.6768,-1.9407,1.3983,2.921
10.582000,1.5928,-1.6614,1.6282,2.819
10.588000,1.5708,-1.3304,1.7860,2.725
10.615000,1.4865,-0.9432,1.9774,2.648
10.616000,1.3612,-0.5645,2.0105,2.493
10.616000,1.1684,-0.1301,2.0503,2.363
10.616000,0.9920,0.3674,2.0471,2.304
10.617000,0.8318,0.8489,2.0462,2.366
10.617000,0.6496,1.2951,1.9349,2.417
10.628000,0.5025,1.7155,1.7706,2.516
10.629000,0.4263,2.0836,1.5821,2.651
10.632000,0.3897,2.4067,1.3774,2.800
10.637000,0.4092,2.6391,1.1799,2.920
10.643000,0.4726,2.7855,0.9660,2.986
10.647000,0.5437,2.9341,0.8650,3.107
10.652000,0.6079,2.9936,0.6803,3.130
10.658000,0.6628,2.9164,0.4719,3.028
10.664000,0.6555,2.8577,0.3310,2.951
10.667000,0.6199,2.7173,0.2046,2.795
10.674000,0.5343,2.5310,0.0381,2.587
10.677000,0.4205,2.3419,-0.1040,2.382
10.683000,0.3145,2.1887,-0.2909,2.230
10.687000,0.1256,1.9877,-0.4335,2.038
10.739000,-0.0215,1.8084,-0.5909,1.903
10.741000,-0.1745,1.5818,-0.7031,1.740
10.741000,-0.3214,1.3440,-0.8203,1.607
10.742000,-0.4690,1.1217,-0.9229,1.526
10.743000,-0.6244,0.9220,-1.0183,1.509
10.743000,-0.8304,0.6950,-1.0890,1.536
10.743000,-1.0531,0.4915,-1.1135,1.610
10.744000,-1.3046,0.2681,-1.1326,1.748
10.744000,-1.5677,0.0664,-1.2058,1.979
10.745000,-1.8250,-0.0891,-1.2086,2.191
10.746000,-2.1056,-0.2275,-1.2153,2.442
10.747000,-2.3966,-0.3379,-1.1992,2.701
10.751000,-2.6220,-0.4259,-1.1965,2.913
10.757000,-2.9439,-0.4690,-1.1521,3.196
10.764000,-3.1993,-0.5219,-1.1285,3.432
10.766000,-3.4647,-0.4957,-1.0248,3.647
10.774000,-3.6944,-0.4786,-0.8942,3.831
10.776000,-3.8547,-0.4176,-0.7946,3.958
10.782000,-3.9842,-0.3370,-0.7187,4.063
10.787000,-4.0852,-0.2076,-0.6235,4.138
10.791000,-4.1362,-0.0608,-0.4662,4.163
10.797000,-4.1493,0.1105,-0.3397,4.165
10.801000,-4.1129,0.2582,-0.1892,4.125
10.814000,-4.1011,0.4181,-0.0172,4.122
10.817000,-4.0064,0.5708,0.2553,4.055
10.818000,-3.9008,0.6972,0.5254,3.997
10.821000,-3.7629,0.8207,0.6734,3.910
10.862000,-3.5260,0.8910,0.8623,3.738
10.863000,-3.2836,0.9080,1.1108,3.583
10.863000,-3.0477,0.9526,1.2846,3.442
10.864000,-2.8785,1.0221,1.3523,3.341
10.864000,-2.7665,1.0899,1.3236,3.255
10.865000,-2.6852,1.0650,1.1959,3.126
10.865000,-2.6587,1.0336,1.0438,3.037
10.865000,-2.6149,0.9815,0.8582,2.922
10.866000,-2.5227,0.8849,0.6946,2.762
10.870000,-2.4397,0.7655,0.4982,2.605
10.875000,-2.3657,0.6352,0.2762,2.465
10.881000,-2.2721,0.5514,0.1390,2.342
10.886000,-2.2088,0.4259,-0.0497,2.250
10.894000,-2.1472,0.3329,-0.1682,2.179
10.896000,-2.0849,0.2173,-0.2356,2.109
10.900000,-2.0360,0.1297,-0.3640,2.072
10.932000,-1.9526,0.0581,-0.4461,2.004
10.934000,-1.8799,-0.0163,-0.5226,1.951
10.936000,-1.7917,-0.0937,-0.5146,1.867
10.936000,-1.6379,-0.1070,-0.4681,1.707
10.937000,-1.4852,-0.0348,-0.4216,1.544
10.937000,-1.2909,-0.0160,-0.3612,1.341
10.937000,-1.1222,0.0589,-0.2295,1.147
10.940000,-0.9333,0.1473,-0.1011,0.950
10.945000,-0.7176,0.2100,0.0217,0.748
10.950000,-0.5514,0.2762,0.1124,0.627
10.956000,-0.4109,0.2976,0.1852,0.540
10.960000,-0.2845,0.3648,0.2475,0.525
10.965000,-0.1217,0.4327,0.3422,0.565
10.970000,0.0511,0.5152,0.3809,0.643
10.975000,0.1664,0.5856,0.3947,0.726
10.980000,0.2844,0.6395,0.3597,0.787
10.985000,0.3859,0.6431,0.3314,0.820
10.991000,0.4730,0.6275,0.3168,0.847
10.995000,0.5606,0.5596,0.2300,0.825
11.000000,0.7011,0.4299,0.1640,0.839
11.004000,0.8709,0.3178,0.0637,0.929
11.012000,1.0769,0.3041,-0.0473,1.120
11.015000,1.2518,0.2545,-0.1639,1.288
11.019000,1.4510,0.2102,-0.2574,1.489
11.064000,1.6217,0.0824,-0.3728,1.666
11.066000,1.7900,-0.0214,-0.4095,1.836
11.066000,1.9852,-0.0623,-0.4230,2.031
11.067000,2.1614,-0.1009,-0.4994,2.221
11.067000,2.3142,-0.1126,-0.6147,2.397
11.067000,2.4673,-0.0476,-0.7424,2.577
11.068000,2.6133,0.0101,-0.7652,2.723
11.068000,2.7502,0.0800,-0.8770,2.888
11.069000,2.9252,0.2378,-1.0200,3.107
11.069000,3.1001,0.4023,-1.2103,3.352
11.076000,3.2747,0.5613,-1.3758,3.596
11.080000,3.4681,0.6813,-1.5088,3.843
11.085000,3.7538,0.6972,-1.5920,4.137
11.090000,4.0648,0.6690,-1.6612,4.442
11.095000,4.3863,0.5652,-1.7183,4.745
11.099000,4.6580,0.4237,-1.6725,4.967
11.106000,4.9066,0.2378,-1.6653,5.187
11.110000,5.0813,0.0857,-1.5581,5.315
11.115000,5.1609,-0.0489,-1.4273,5.355
11.119000,5.1408,-0.2043,-1.2591,5.297
11.124000,5.1745,-0.3275,-1.0657,5.293
11.128000,5.2215,-0.4709,-0.7850,5.301
11.133000,5.2530,-0.6297,-0.5108,5.315
11.158000,5.2862,-0.6696,-0.3199,5.338
11.159000,5.2755,-0.6841,-0.1358,5.321
11.160000,5.2211,-0.6037,0.1301,5.257
11.160000,5.1707,-0.5124,0.4295,5.214
11.161000,5.0721,-0.4027,0.7238,5.139
11.163000,4.9493,-0.1979,1.0176,5.057
11.169000,4.9053,0.0755,1.3106,5.078
11.174000,4.8106,0.3456,1.5423,5.064
11.178000,4.6989,0.6915,1.8109,5.083
11.183000,4.5964,1.1225,2.0248,5.147
11.189000,4.4838,1.5091,2.1504,5.197
11.193000,4.4566,1.9374,2.2476,5.354
11.199000,4.5599,2.3283,2.3380,5.628
11.204000,4.7450,2.6309,2.3545,5.914
11.208000,4.9254,2.8999,2.2734,6.151
11.213000,5.1650,3.1229,2.1593,6.410
11.218000,5.4129,3.2083,2.0030,6.603
11.223000,5.6111,3.2347,1.7757,6.716
11.235000,5.7879,3.2018,1.5329,6.790
11.236000,5.8139,3.0565,1.2936,6.695
11.237000,5.7106,2.8610,1.0891,6.479
11.260000,5.5362,2.6159,0.7904,6.174
11.261000,5.2813,2.3260,0.4194,5.786
11.262000,4.9415,2.0060,0.0124,5.333
11.263000,4.6015,1.7642,-0.3984,4.944
11.263000,4.2686,1.5242,-0.7334,4.591
11.267000,3.9170,1.3056,-1.0711,4.266
11.273000,3.6003,1.0806,-1.2987,3.977
11.277000,3.2920,0.8561,-1.5116,3.722
11.282000,3.0359,0.6712,-1.7331,3.560
11.288000,2.8300,0.5503,-1.8839,3.444
11.297000,2.6334,0.4165,-1.9952,3.330
11.298000,2.4249,0.3133,-2.0644,3.200
11.303000,2.2097,0.2816,-2.1421,3.090
11.307000,2.0070,0.2330,-2.1759,2.969
11.313000,1.7955,0.1893,-2.1537,2.810
11.317000,1.6258,0.1915,-2.0954,2.659
11.323000,1.5214,0.2415,-2.0152,2.536
11.327000,1.4749,0.3225,-1.8731,2.406
11.332000,1.3934,0.4132,-1.5814,2.148
11.337000,1.3695,0.5056,-1.2575,1.927
11.343000,1.3481,0.6045,-0.9260,1.744
11.347000,1.3220,0.6979,-0.5373,1.589
11.352000,1.3386,0.7684,-0.1469,1.550
11.361000,1.2710,0.8088,0.1300,1.512
11.363000,1.2104,0.8338,0.4149,1.527
11.371000,1.1253,0.8261,0.6669,1.547
11.373000,1.0155,0.7997,0.9143,1.583
11.410000,0.8718,0.8004,1.0782,1.601
11.412000,0.7466,0.7947,1.2255,1.640
11.412000,0.6259,0.7994,1.3659,1.702
11.413000,0.4661,0.7659,1.4041,1.666
11.413000,0.2534,0.6687,1.4765,1.641
11.413000,0.0117,0.6224,1.5168,1.640
11.414000,-0.1657,0.4954,1.5662,1.651
11.416000,-0.3406,0.3838,1.6200,1.699
11.417000,-0.5394,0.2615,1.6350,1.741
11.423000,-0.7043,0.1646,1.5444,1.705
11.426000,-0.8711,0.0193,1.4753,1.713
11.439000,-1.0736,-0.1201,1.2969,1.688
11.440000,-1.2899,-0.2436,1.1627,1.754
11.447000,-1.4786,-0.3404,1.1015,1.875
11.447000,-1.6120,-0.4408,0.9513,1.923
11.452000,-1.7182,-0.5965,0.8507,2.008
11.459000,-1.8188,-0.7356,0.6922,2.080
11.462000,-1.8970,-0.8868,0.6100,2.181
11.466000,-1.9645,-1.0999,0.6035,2.331
11.471000,-2.0481,-1.2608,0.5554,2.468
11.508000,-2.1212,-1.4001,0.5754,2.606
11.510000,-2.2099,-1.5435,0.5840,2.758
11.510000,-2.3290,-1.7207,0.5786,2.953
11.511000,-2.4443,-1.9041,0.6401,3.164
11.511000,-2.5899,-2.0371,0.7418,3.378
11.512000,-2.7511,-2.1096,0.8045,3.559
11.512000,-2.8965,-2.1712,0.8659,3.722
11.515000,-3.0314,-2.2229,0.9216,3.870
11.516000,-3.1580,-2.3144,0.9808,4.036
11.522000,-3.2857,-2.3421,1.0312,4.165
11.527000,-3.3718,-2.4169,1.1046,4.293
11.532000,-3.4949,-2.4662,1.1764,4.436
11.537000,-3.6745,-2.5722,1.1466,4.630
11.542000,-3.7836,-2.6791,1.1779,4.783
11.546000,-3.8818,-2.8198,1.2034,4.946
11.550000,-3.9120,-2.9589,1.2614,5.065
11.557000,-3.9721,-3.1079,1.3161,5.212
11.561000,-4.0309,-3.2733,1.4104,5.381
11.565000,-4.0863,-3.3983,1.4964,5.521
11.571000,-4.1309,-3.5755,1.5617,5.682
11.610000,-4.1122,-3.7621,1.5566,5.787
11.612000,-4.1212,-3.9125,1.5556,5.892
11.612000,-4.0692,-4.1099,1.4987,5.975
11.613000,-4.0400,-4.3976,1.4202,6.138
11.613000,-3.9571,-4.6747,1.3061,6.262
11.615000,-3.8610,-4.9408,1.2637,6.397
11.616000,-3.7830,-5.2417,1.2068,6.576
11.617000,-3.7326,-5.5241,1.0684,6.752
11.618000,-3.5734,-5.6926,0.9994,6.795
11.620000,-3.4993,-5.8167,0.8923,6.847
11.627000,-3.5196,-5.9128,0.8571,6.934
11.631000,-3.4429,-5.9736,0.8099,6.942
11.636000,-3.3723,-5.9824,0.7698,6.910
11.640000,-3.2812,-5.8793,0.7393,6.773
11.645000,-3.1626,-5.7868,0.6664,6.628
11.650000,-2.9809,-5.7124,0.6107,6.472
11.656000,-2.8293,-5.6012,0.5957,6.303
11.660000,-2.6410,-5.5228,0.5862,6.150
11.665000,-2.3683,-5.4681,0.5677,5.986
11.669000,-2.0783,-5.4947,0.6002,5.905
11.675000,-1.7591,-5.5765,0.7191,5.891
11.680000,-1.4708,-5.6587,0.8402,5.907
11.684000,-1.1441,-5.6793,1.0012,5.879
11.694000,-0.8986,-5.6341,1.1422,5.819
11.696000,-0.8254,-5.5402,1.3391,5.759
11.700000,-0.7785,-5.4575,1.4766,5.707
11.704000,-0.7314,-5.3167,1.5404,5.583
11.745000,-0.7202,-5.1967,1.6114,5.488
11.746000,-0.7088,-5.0758,1.6652,5.389
11.747000,-0.6903,-4.9305,1.6851,5.256
11.747000,-0.7555,-4.8490,1.7017,5.194
11.748000,-0.8325,-4.7188,1.6981,5.084
11.749000,-0.8927,-4.5906,1.6982,4.975
11.749000,-0.9861,-4.4254,1.7568,4.862
11.750000,-1.0864,-4.2905,1.8069,4.781
11.750000,-1.1792,-4.1374,1.8959,4.701
11.755000,-1.2426,-3.9135,1.9167,4.531
11.760000,-1.3125,-3.6118,1.9682,4.318
11.764000,-1.3194,-3.3063,2.0077,4.087
11.770000,-1.2945,-2.9852,1.9929,3.816
11.777000,-1.2544,-2.6154,1.9252,3.481
11.780000,-1.1393,-2.2782,1.9652,3.217
11.784000,-1.0358,-1.9864,1.8581,2.911
11.789000,-0.9745,-1.7729,1.7333,2.664
11.821000,-0.8434,-1.6263,1.5529,2.402
11.822000,-0.6523,-1.4704,1.2960,2.066
11.823000,-0.4562,-1.3628,1.0438,1.776
11.823000,-0.2769,-1.3106,0.7408,1.531
11.824000,-0.1480,-1.2880,0.4039,1.358
11.824000,-0.0219,-1.2668,0.1020,1.271
11.825000,0.0319,-1.2614,-0.2130,1.280
11.829000,0.0208,-1.2477,-0.5701,1.372
11.834000,0.0046,-1.2520,-0.8716,1.525
11.839000,-0.0360,-1.2554,-1.0696,1.650
11.844000,-0.0936,-1.2884,-1.2579,1.803
11.849000,-0.1824,-1.3177,-1.4056,1.935
11.853000,-0.3097,-1.3478,-1.5821,2.101
11.860000,-0.3891,-1.3018,-1.6949,2.172
11.863000,-0.4758,-1.3021,-1.8009,2.273
11.869000,-0.5958,-1.3433,-1.8671,2.376
11.873000,-0.7395,-1.3559,-1.9346,2.475
11.878000,-0.9356,-1.3926,-2.0395,2.641
11.883000,-1.0905,-1.3787,-2.1195,2.754
11.889000,-1.2592,-1.3311,-2.0830,2.774
11.894000,-1.4320,-1.2495,-2.0334,2.783
11.898000,-1.6135,-1.1575,-1.9437,2.779
11.903000,-1.8037,-1.0386,-1.8422,2.780
11.942000,-1.9999,-0.9425,-1.7502,2.820
11.944000,-2.1207,-0.7662,-1.6195,2.776
11.944000,-2.2165,-0.6176,-1.4734,2.732
11.945000,-2.2799,-0.4006,-1.3456,2.677
11.945000,-2.3135,-0.1799,-1.1855,2.606
11.946000,-2.3007,-0.0160,-1.0642,2.535
11.946000,-2.2965,0.1562,-0.9655,2.496
11.946000,-2.2845,0.3551,-0.8839,2.475
11.948000,-2.2550,0.5212,-0.8222,2.456
11.952000,-2.2106,0.7115,-0.7347,2.436
11.958000,-2.2138,0.9111,-0.6953,2.493
11.963000,-2.2236,1.0439,-0.6180,2.533
11.968000,-2.2117,1.1430,-0.5481,2.549
11.977000,-2.2162,1.2278,-0.4621,2.575
11.978000,-2.2466,1.3127,-0.3651,2.627
11.983000,-2.2361,1.4093,-0.2860,2.659
11.987000,-2.2609,1.4703,-0.2538,2.709
11.992000,-2.2471,1.5481,-0.2448,2.740
11.997000,-2.2165,1.5873,-0.2445,2.737
12.002000,-2.2068,1.6795,-0.2218,2.782
12.008000,-2.1728,1.6833,-0.2388,2.759
12.012000,-2.1028,1.7012,-0.2882,2.720
12.017000,-1.9609,1.6881,-0.2669,2.601
12.052000,-1.8687,1.7161,-0.3020,2.555
12.053000,-1.7906,1.6557,-0.3601,2.465
12.054000,-1.7314,1.5668,-0.4675,2.381
12.055000,-1.6408,1.5018,-0.6170,2.308
12.056000,-1.5210,1.3609,-0.6457,2.141
12.056000,-1.4292,1.2447,-0.7312,2.031
12.056000,-1.2629,1.1672,-0.8424,1.915
12.057000,-1.1005,1.0883,-0.9336,1.808
12.066000,-0.9423,0.9862,-1.0097,1.697
12.067000,-0.7835,0.8679,-0.9630,1.515
12.071000,-0.6260,0.8297,-0.8946,1.371
12.076000,-0.4346,0.7871,-0.8144,1.213
12.081000,-0.2087,0.8077,-0.7221,1.103
12.086000,-0.0468,0.8646,-0.5919,1.049
12.091000,0.1298,0.9237,-0.4790,1.049
12.096000,0.2067,0.9595,-0.3953,1.058
12.101000,0.3513,1.1175,-0.3477,1.222
12.106000,0.5822,1.1771,-0.2068,1.329
12.111000,0.8208,1.1914,-0.1090,1.451
12.118000,1.0688,1.1885,-0.0761,1.600
12.122000,1.2810,1.2188,-0.0290,1.768
12.147000,1.5240,1.2102,-0.0253,1.946
12.147000,1.7614,1.2195,-0.0051,2.142
12.147000,1.9123,1.2304,0.0196,2.274
12.147000,2.0384,1.2160,0.0584,2.374
12.148000,2.0876,1.1459,0.1113,2.384
12.152000,2.2060,1.0464,0.1853,2.449
12.157000,2.3309,0.9414,0.2517,2.526
12.160000,2.4322,0.8387,0.2601,2.586
12.165000,2.5406,0.7381,0.3014,2.663
12.171000,2.6751,0.6467,0.3350,2.772
12.176000,2.7815,0.5652,0.3511,2.860
12.181000,2.9791,0.5269,0.3070,3.041
12.187000,3.1433,0.4860,0.2382,3.190
12.190000,3.3081,0.4431,0.1403,3.341
12.197000,3.5234,0.4073,0.0397,3.547
12.201000,3.7561,0.4031,-0.0488,3.778
12.206000,4.0059,0.4206,-0.0536,4.028
12.211000,4.3204,0.4187,-0.0607,4.341
12.217000,4.6160,0.5485,-0.1611,4.651
12.222000,4.8899,0.7328,-0.2804,4.952
12.233000,5.2516,0.9590,-0.2627,5.345
12.235000,5.6555,1.2009,-0.2256,5.786
12.237000,5.9643,1.3906,-0.2839,6.131
12.290000,6.2979,1.5500,-0.3847,6.497
12.291000,6.5982,1.6690,-0.4536,6.821
12.292000,6.8527,1.6897,-0.5909,7.083
12.292000,7.1718,1.7275,-0.7269,7.413
12.293000,7.4230,1.6574,-0.8018,7.648
12.293000,7.6064,1.7185,-0.8897,7.849
12.294000,7.8367,1.7768,-0.8588,8.081
12.294000,7.9917,1.7557,-0.7025,8.212
12.295000,8.0786,1.6480,-0.5840,8.266
12.297000,8.1312,1.5210,-0.4678,8.285
12.297000,8.0921,1.4705,-0.3472,8.232
12.298000,8.0881,1.4675,-0.1485,8.221
12.301000,8.0811,1.4956,-0.0225,8.218
12.306000,8.0399,1.5092,0.0739,8.181
12.310000,7.9696,1.6088,0.2554,8.134
12.315000,7.8821,1.6604,0.3992,8.065
12.322000,7.7892,1.6593,0.4625,7.977
12.324000,7.7032,1.6845,0.5338,7.903
12.330000,7.5211,1.7982,0.6106,7.757
12.334000,7.4156,1.9072,0.6761,7.687
12.340000,7.2118,2.1859,0.8715,7.586
12.362000,7.0147,2.5716,1.0816,7.549
12.363000,6.7882,2.8606,1.1410,7.454
12.363000,6.5782,3.0821,1.2564,7.372
12.363000,6.3628,3.2860,1.3894,7.295
12.378000,6.1613,3.3673,1.4395,7.167
12.379000,5.9638,3.3807,1.4569,7.009
12.379000,5.8137,3.2763,1.4227,6.823
12.382000,5.6273,3.1067,1.3346,6.565
12.384000,5.4504,2.8437,1.1976,6.263
12.390000,5.2781,2.5563,1.0360,5.955
12.394000,5.1465,2.2402,0.8239,5.673
12.399000,4.9964,1.9172,0.6502,5.391
12.405000,4.8752,1.5820,0.3856,5.140
12.409000,4.7334,1.3215,0.1794,4.918
12.415000,4.5945,1.0298,-0.0521,4.709
12.419000,4.4828,0.7168,-0.2962,4.549
12.424000,4.3055,0.4141,-0.3823,4.342
12.429000,4.1509,0.1069,-0.4615,4.178
12.433000,3.9025,-0.1921,-0.5863,3.951
12.441000,3.6471,-0.4177,-0.6892,3.735
12.444000,3.3796,-0.6159,-0.8108,3.530
12.450000,3.1682,-0.7878,-0.9703,3.406
12.454000,2.9260,-0.9294,-1.1622,3.283
12.480000,2.7091,-1.0132,-1.3363,3.186
12.481000,2.5169,-1.0568,-1.4588,3.095
12.481000,2.3546,-0.9855,-1.5681,2.996
12.481000,2.1864,-0.9333,-1.5829,2.856
12.482000,2.0125,-0.8951,-1.6450,2.749
12.483000,1.8873,-0.8476,-1.6681,2.658
12.493000,1.8186,-0.7255,-1.5954,2.526
12.493000,1.7648,-0.5755,-1.5229,2.401
12.499000,1.6949,-0.4574,-1.4128,2.253
12.504000,1.6330,-0.3372,-1.2275,2.071
12.509000,1.5805,-0.2428,-0.9937,1.883
12.514000,1.4612,-0.1950,-0.7743,1.665
12.519000,1.3593,-0.1291,-0.5241,1.463
12.525000,1.2451,-0.0796,-0.2770,1.278
12.528000,1.1098,-0.0647,-0.0001,1.112
12.533000,0.9575,-0.0638,0.2589,0.994
12.538000,0.8057,-0.0236,0.4302,0.914
12.543000,0.6751,-0.0933,0.6480,0.940
12.549000,0.5112,-0.1072,0.7638,0.925
12.554000,0.4072,-0.1419,0.9095,1.007
12.558000,0.3065,-0.2202,1.0729,1.137
12.563000,0.1023,-0.2705,1.2232,1.257
12.568000,-0.1974,-0.3633,1.2381,1.305
12.599000,-0.4199,-0.5031,1.2424,1.405
12.600000,-0.6035,-0.5437,1.2919,1.526
12.601000,-0.7216,-0.6162,1.3290,1.633
12.601000,-0.8485,-0.7879,1.3276,1.762
12.602000,-0.9918,-0.9517,1.3192,1.905
12.602000,-1.1510,-1.0831,1.2800,2.034
12.603000,-1.3691,-1.2348,1.2723,2.240
12.608000,-1.5739,-1.4536,1.3011,2.507
12.613000,-1.7514,-1.6089,1.3617,2.740
12.617000,-1.9706,-1.7691,1.3677,2.980
12.624000,-2.1426,-1.9477,1.3811,3.208
12.628000,-2.2728,-2.1031,1.3806,3.390
12.633000,-2.3679,-2.2531,1.2989,3.517
12.638000,-2.4925,-2.4141,1.3154,3.711
12.643000,-2.6016,-2.5587,1.3372,3.886
12.648000,-2.7569,-2.7046,1.3137,4.079
12.652000,-2.8104,-2.7644,1.4076,4.186
12.658000,-2.8962,-2.8838,1.3983,4.320
12.663000,-2.9351,-3.0454,1.3124,4.429
12.667000,-3.0399,-3.1929,1.2866,4.592
12.689000,-3.1936,-3.3256,1.3611,4.807
12.690000,-3.3315,-3.4668,1.3752,5.001
12.691000,-3.3990,-3.5721,1.3888,5.123
12.692000,-3.5559,-3.7289,1.4880,5.363
12.693000,-3.7594,-3.9499,1.5460,5.668
12.697000,-3.9710,-4.0474,1.5673,5.883
12.702000,-4.0232,-4.1022,1.5805,5.959
12.708000,-4.0836,-4.2178,1.6049,6.086
12.713000,-4.2794,-4.4737,1.5975,6.394
12.718000,-4.5238,-4.7175,1.5988,6.729
12.723000,-4.6902,-4.8969,1.5920,6.965
12.726000,-4.7428,-5.0735,1.5917,7.125
12.731000,-4.7462,-5.1729,1.5762,7.195
12.736000,-4.8204,-5.3415,1.6745,7.387
12.742000,-4.9555,-5.6141,1.5436,7.646
12.747000,-4.9819,-5.8716,1.3828,7.823
12.752000,-4.9379,-6.0989,1.2664,7.949
12.757000,-4.9144,-6.3389,1.1323,8.100
12.763000,-4.9284,-6.6425,1.0956,8.343
12.767000,-4.9009,-6.9061,0.9955,8.527
12.771000,-4.8773,-7.0767,0.9181,8.644
12.777000,-4.9607,-7.2769,0.8991,8.853
12.782000,-5.1197,-7.4246,0.8038,9.054
12.786000,-5.2875,-7.5173,0.7666,9.223
12.795000,-5.3969,-7.5521,0.8186,9.318
12.797000,-5.5245,-7.5382,0.8498,9.384
12.801000,-5.6464,-7.4948,0.8700,9.424
12.843000,-5.6956,-7.4860,0.8558,9.445
12.845000,-5.7317,-7.4180,0.8889,9.416
12.846000,-5.6832,-7.3841,0.8430,9.356
12.847000,-5.5476,-7.2909,0.7997,9.196
12.848000,-5.2031,-7.2418,0.7525,8.949
12.849000,-4.8364,-7.1701,0.6516,8.673
12.849000,-4.4788,-7.1507,0.5594,8.456
12.850000,-4.0417,-7.1481,0.4233,8.223
12.851000,-3.6737,-7.1847,0.3512,8.077
12.852000,-3.3197,-7.1464,0.2686,7.884
12.857000,-2.9750,-7.1314,0.2495,7.731
12.860000,-2.6659,-7.1096,0.2913,7.599
12.866000,-2.4211,-7.1286,0.4680,7.543
12.872000,-2.3100,-7.2054,0.7379,7.603
12.877000,-2.2870,-7.2275,0.9853,7.644
12.880000,-2.2251,-7.1988,1.2792,7.643
12.887000,-2.2367,-7.1005,1.5615,7.606
12.897000,-2.2883,-7.0305,1.7074,7.588
12.898000,-2.3319,-6.9257,1.8482,7.538
12.900000,-2.3961,-6.7773,1.9743,7.455
12.906000,-2.4497,-6.5506,2.0468,7.287
12.953000,-2.4855,-6.2655,2.2043,7.092
12.955000,-2.4437,-5.8890,2.3029,6.779
12.955000,-2.4056,-5.4443,2.4145,6.423
12.956000,-2.3591,-4.9776,2.5801,6.083
12.957000,-2.2445,-4.5208,2.7522,5.749
12.957000,-2.0951,-4.0635,2.7997,5.361
12.958000,-1.8871,-3.6765,2.7170,4.946
12.958000,-1.6562,-3.3829,2.6672,4.615
12.959000,-1.3692,-3.1456,2.4695,4.227
12.959000,-1.0381,-2.9794,2.2157,3.855
12.960000,-0.6534,-2.8673,1.9750,3.542
12.966000,-0.2418,-2.7241,1.7120,3.226
12.973000,0.1152,-2.6562,1.4533,3.030
12.977000,0.3363,-2.6582,1.1053,2.898
12.980000,0.5457,-2.6020,0.7401,2.760
12.985000,0.6599,-2.6015,0.4292,2.718
12.995000,0.7172,-2.5401,0.1583,2.644
12.996000,0.7675,-2.4900,-0.2163,2.615
13.001000,0.8186,-2.4548,-0.6156,2.660
13.006000,0.8580,-2.4376,-0.9433,2.751
13.012000,0.9268,-2.3279,-1.1591,2.761
13.015000,0.9720,-2.2050,-1.4379,2.806
13.020000,0.9671,-2.1077,-1.7152,2.884
13.065000,0.9695,-1.9859,-1.9430,2.943
13.067000,0.9174,-1.8149,-2.1094,2.930
13.068000,0.8341,-1.6771,-2.2124,2.899
13.069000,0.7178,-1.5738,-2.2264,2.819
13.070000,0.5897,-1.4481,-2.1541,2.662
13.071000,0.4784,-1.3480,-2.0321,2.485
13.073000,0.3317,-1.2199,-1.8726,2.259
13.074000,0.1830,-1.1119,-1.6114,1.966
13.075000,0.0346,-0.9715,-1.3468,1.661
13.076000,-0.0678,-0.8605,-1.0433,1.354
13.078000,-0.1790,-0.7135,-0.6964,1.013
13.081000,-0.3037,-0.5810,-0.3372,0.737
13.084000,-0.3871,-0.4225,-0.0491,0.575
13.090000,-0.4484,-0.2095,0.2355,0.548
13.094000,-0.5182,-0.0012,0.5307,0.742
13.099000,-0.5729,0.2117,0.7845,0.994
13.105000,-0.5698,0.4068,1.0187,1.236
13.113000,-0.5992,0.5855,1.2116,1.473
13.116000,-0.6016,0.7972,1.3515,1.680
13.119000,-0.6130,0.9581,1.4026,1.806
13.165000,-0.6263,1.1232,1.3367,1.855
13.166000,-0.6753,1.2848,1.3068,1.953
13.167000,-0.6972,1.4269,1.2859,2.043
13.169000,-0.6664,1.5465,1.1856,2.059
13.170000,-0.6183,1.6561,1.0205,2.041
13.171000,-0.6584,1.7553,0.8720,2.068
13.173000,-0.6674,1.8176,0.7598,2.080
13.174000,-0.7403,1.8868,0.6190,2.119
13.175000,-0.8222,1.9363,0.4761,2.157
13.175000,-0.8008,2.0091,0.3626,2.193
13.177000,-0.8289,2.0102,0.2734,2.192
13.183000,-0.8467,2.0351,0.1991,2.213
13.184000,-0.7945,2.0286,0.1303,2.183
13.189000,-0.6912,2.0008,0.0794,2.118
13.193000,-0.5675,2.0024,0.0242,2.081
13.198000,-0.4097,1.9730,-0.0493,2.016
13.203000,-0.2344,1.9842,-0.1121,2.001
13.209000,-0.0852,1.9568,-0.2334,1.973
13.214000,0.0746,1.9250,-0.3055,1.951
13.219000,0.2517,1.9004,-0.3494,1.949
13.226000,0.4719,1.9158,-0.4657,2.027
13.228000,0.6521,1.8451,-0.5539,2.034
13.233000,0.8228,1.8096,-0.4560,2.040
13.238000,1.0614,1.7675,-0.3904,2.098
13.271000,1.3078,1.7827,-0.3647,2.241
13.273000,1.6451,1.7854,-0.3577,2.454
13.273000,1.8703,1.8286,-0.3693,2.642
13.274000,2.0142,1.9044,-0.2801,2.786
13.274000,2.2437,1.9647,-0.2319,2.991
13.275000,2.4660,2.1126,-0.2242,3.255
13.275000,2.6113,2.2091,-0.2184,3.427
13.278000,2.8332,2.3169,-0.1427,3.663
13.283000,3.2027,2.4042,-0.0596,4.005
13.288000,3.6738,2.5473,-0.0986,4.472
13.293000,4.1621,2.7313,-0.1015,4.979
13.298000,4.5211,2.9199,-0.1208,5.383
13.303000,4.7668,2.9905,-0.0873,5.628
13.308000,4.9668,2.9746,-0.0493,5.790
13.313000,5.1180,2.8840,-0.0712,5.875
13.317000,5.1922,2.7669,-0.1508,5.885
13.327000,5.2618,2.6264,-0.2520,5.886
13.330000,5.3195,2.4480,-0.3028,5.864
13.332000,5.3945,2.2752,-0.3918,5.868
13.337000,5.4845,2.0868,-0.4831,5.888
13.389000,5.5011,1.8565,-0.5288,5.830
13.390000,5.5841,1.6521,-0.6750,5.862
13.391000,5.7568,1.4733,-0.6272,5.975
13.392000,5.8357,1.4066,-0.5866,6.031
13.392000,6.0004,1.4258,-0.5174,6.189
13.393000,6.1667,1.5017,-0.5152,6.368
13.393000,6.3750,1.6700,-0.4342,6.604
13.394000,6.5730,1.8279,-0.3530,6.832
13.394000,6.7911,1.9560,-0.2260,7.071
13.394000,7.0363,2.0613,-0.1323,7.333
13.397000,7.2844,2.1699,-0.0934,7.601
13.398000,7.6311,2.3059,-0.0252,7.972
13.403000,7.9867,2.4373,0.0334,8.350
13.409000,8.3245,2.4922,0.0586,8.690
13.412000,8.5293,2.4655,-0.0090,8.878
13.417000,8.7733,2.3884,0.0028,9.093
13.425000,8.9585,2.2370,-0.0020,9.234
13.428000,9.1659,2.1118,0.0004,9.406
13.431000,9.3190,2.0030,-0.0022,9.532
13.436000,9.4081,1.8722,0.0019,9.593
13.466000,9.3376,1.7578,0.0200,9.502
13.467000,9.2108,1.6359,0.0422,9.355
13.467000,9.0854,1.5474,0.0440,9.216
13.468000,8.9330,1.4923,0.0641,9.057
13.468000,8.8398,1.4324,0.0734,8.955
13.469000,8.6766,1.3318,0.0598,8.778
13.472000,8.4845,1.2481,0.0161,8.576
13.476000,8.2350,1.1743,0.0213,8.318
13.481000,7.9379,1.0912,-0.0276,8.013
13.486000,7.6488,1.0685,0.0415,7.723
13.491000,7.2788,1.0916,0.0727,7.361
13.496000,6.9052,1.1751,0.1833,7.007
13.501000,6.5019,1.3310,0.2989,6.643
13.506000,6.1164,1.5421,0.4458,6.324
13.511000,5.7084,1.7920,0.5261,6.006
13.516000,5.4002,2.0089,0.5236,5.786
13.520000,5.1099,2.1996,0.4577,5.582
13.526000,4.8401,2.3239,0.4153,5.385
13.531000,4.5997,2.4289,0.3274,5.212
13.535000,4.3936,2.4238,0.2373,5.023
13.543000,4.1982,2.2708,0.0432,4.773
13.545000,4.0584,2.0150,-0.1734,4.534
13.552000,3.9649,1.7453,-0.3378,4.345
13.583000,3.8512,1.4310,-0.4948,4.138
13.585000,3.7141,1.0691,-0.6539,3.920
13.585000,3.5356,0.6844,-0.7958,3.688
13.585000,3.3871,0.3625,-0.9324,3.532
13.586000,3.2069,0.0371,-1.0827,3.385
13.586000,3.0341,-0.2888,-1.1746,3.266
13.587000,2.9134,-0.5610,-1.2795,3.231
13.593000,2.8168,-0.8336,-1.3113,3.217
13.595000,2.6419,-1.1040,-1.2988,3.144
13.600000,2.4625,-1.3821,-1.3450,3.128
13.605000,2.2940,-1.5830,-1.2848,3.069
13.611000,2.1191,-1.7434,-1.2215,3.004
13.616000,1.9144,-1.8484,-1.2007,2.920
13.621000,1.7215,-1.8780,-1.1823,2.809
13.625000,1.4768,-1.8458,-1.0869,2.602
13.629000,1.2577,-1.8034,-1.0248,2.426
13.635000,1.0379,-1.6839,-0.8768,2.164
13.642000,0.8414,-1.5615,-0.6721,1.897
13.645000,0.7354,-1.3879,-0.5286,1.657
13.650000,0.6018,-1.2310,-0.2883,1.400
13.655000,0.4626,-1.0930,-0.1314,1.194
13.660000,0.3751,-0.9282,0.0589,1.003
13.665000,0.2787,-0.7544,0.1797,0.824
13.669000,0.1834,-0.6452,0.3573,0.760
13.701000,0.0909,-0.5417,0.5322,0.765
13.703000,-0.0200,-0.4459,0.6341,0.775
13.703000,-0.1397,-0.3600,0.7993,0.888
13.704000,-0.2687,-0.3111,0.9108,0.999
13.704000,-0.3877,-0.2389,0.9755,1.077
13.705000,-0.4868,-0.1601,1.0580,1.176
13.706000,-0.5880,-0.1277,1.1585,1.305
13.711000,-0.7227,-0.1349,1.2386,1.440
13.714000,-0.8761,-0.0951,1.2581,1.536
13.720000,-0.9884,-0.0875,1.2698,1.611
13.724000,-1.1241,-0.1114,1.2809,1.708
13.731000,-1.2787,-0.1511,1.2920,1.824
13.734000,-1.3921,-0.1938,1.2029,1.850
13.740000,-1.4953,-0.2728,1.1814,1.925
13.744000,-1.6435,-0.2908,1.1347,2.018
13.749000,-1.7840,-0.3431,1.1035,2.126
13.754000,-1.9164,-0.4339,1.0542,2.230
13.760000,-2.0243,-0.5471,1.0375,2.340
13.764000,-2.1359,-0.5693,1.0506,2.447
13.769000,-2.2159,-0.6546,1.0123,2.523
13.775000,-2.3142,-0.7142,0.9752,2.611
13.780000,-2.3684,-0.8048,0.9677,2.682
13.784000,-2.4030,-0.9106,0.9301,2.733
13.830000,-2.4726,-1.0694,0.9602,2.860
13.832000,-2.5461,-1.2138,1.0458,3.008
13.833000,-2.5736,-1.3280,1.0532,3.082
13.834000,-2.6170,-1.4761,1.0993,3.199
13.834000,-2.6571,-1.6026,1.2366,3.340
13.835000,-2.7015,-1.7805,1.4125,3.530
13.835000,-2.7833,-1.9846,1.5470,3.752
13.836000,-2.8812,-2.1345,1.7078,3.972
13.836000,-2.9806,-2.2942,1.8464,4.190
13.837000,-3.0790,-2.4414,1.9746,4.398
13.839000,-3.2315,-2.5915,2.0642,4.628
13.844000,-3.2825,-2.7436,2.1797,4.801
13.849000,-3.3133,-2.9953,2.1799,4.970
13.854000,-3.3550,-3.1797,2.1805,5.111
13.860000,-3.4530,-3.3416,2.3170,5.335
13.865000,-3.5980,-3.6038,2.3374,5.603
13.869000,-3.6415,-3.8050,2.3491,5.767
13.874000,-3.6744,-4.0214,2.3926,5.950
13.878000,-3.8596,-4.2607,2.3436,6.208
13.883000,-3.9908,-4.4764,2.3005,6.423
13.934000,-4.0490,-4.6607,2.2368,6.567
13.935000,-4.0009,-4.9121,2.1885,6.703
13.935000,-3.9831,-5.1374,2.1554,6.849
13.936000,-3.9739,-5.3888,2.1043,7.018
13.936000,-3.9710,-5.6186,2.0280,7.173
13.936000,-3.9385,-5.8478,1.8857,7.298
13.937000,-3.8933,-6.1030,1.8497,7.472
13.937000,-3.8737,-6.4033,1.8694,7.714
13.937000,-3.9180,-6.6260,1.8342,7.913
13.938000,-3.9473,-6.8165,1.8130,8.083
13.938000,-4.0501,-6.9168,1.8916,8.236
13.946000,-4.2096,-6.9013,1.9812,8.323
13.949000,-4.3637,-6.8434,2.1176,8.388
13.954000,-4.5192,-6.7668,2.1886,8.426
13.959000,-4.6047,-6.7479,2.2590,8.476
13.964000,-4.6007,-6.7575,2.3267,8.500
13.969000,-4.5147,-6.8286,2.3610,8.520
13.976000,-4.4376,-6.8710,2.4264,8.532
13.979000,-4.3001,-6.9130,2.4582,8.504
13.982000,-4.0952,-6.9403,2.4393,8.420
13.988000,-3.8994,-6.9008,2.3610,8.270
14.030000,-3.7294,-6.8380,2.2524,8.108
14.031000,-3.5757,-6.7904,2.1307,7.965
14.031000,-3.4334,-6.7511,2.0203,7.839
14.032000,-3.1948,-6.7250,1.9148,7.688
14.032000,-2.9270,-6.6596,1.7996,7.494
14.032000,-2.6253,-6.6296,1.7348,7.338
14.033000,-2.3807,-6.5804,1.6361,7.187
14.033000,-2.2770,-6.5100,1.5946,7.079
14.033000,-2.2422,-6.4474,1.5027,6.990
14.038000,-2.2332,-6.3756,1.4437,6.908
14.042000,-2.2140,-6.2731,1.3242,6.783
14.048000,-2.1680,-6.1854,1.2283,6.668
14.053000,-2.1262,-6.0763,1.1912,6.547
14.058000,-2.1843,-5.8747,1.2728,6.396
14.062000,-2.2967,-5.5875,1.4003,6.201
14.072000,-2.5543,-5.3367,1.5395,6.114
14.073000,-2.8134,-4.9860,1.7383,5.983
14.077000,-3.0185,-4.6276,1.9485,5.859
14.082000,-3.1219,-4.2923,2.1538,5.728
14.087000,-3.0995,-3.9541,2.2902,5.521
14.092000,-2.9322,-3.6221,2.4365,5.259
14.097000,-2.6919,-3.3061,2.5456,4.966
14.101000,-2.4362,-3.0719,2.5586,4.682
14.139000,-2.1124,-2.9500,2.5091,4.411
14.140000,-1.7806,-2.8795,2.4173,4.160
14.140000,-1.4550,-2.8192,2.2539,3.892
14.141000,-1.1097,-2.7462,2.0196,3.585
14.141000,-0.8047,-2.7788,1.6768,3.344
14.142000,-0.4824,-2.7439,1.3761,3.107
14.142000,-0.2603,-2.6761,1.0848,2.899
14.142000,-0.1193,-2.6503,0.8272,2.779
14.147000,-0.0449,-2.6537,0.5291,2.706
14.151000,0.0010,-2.7661,0.2150,2.774
14.156000,0.0119,-2.9834,-0.1556,2.988
14.161000,0.0761,-3.1597,-0.4962,3.199
14.167000,0.1842,-3.2711,-0.7542,3.362
14.172000,0.2645,-3.2977,-1.0617,3.475
14.176000,0.2666,-3.2213,-1.3210,3.492
14.182000,0.1928,-3.1477,-1.5804,3.527
14.186000,0.1417,-3.0422,-1.7635,3.519
14.192000,0.1177,-2.9128,-1.8707,3.464
14.196000,0.0543,-2.7730,-1.9028,3.364
14.201000,-0.0798,-2.5993,-1.8918,3.216
14.240000,-0.2107,-2.3922,-1.8881,3.055
14.241000,-0.3234,-2.1221,-1.7748,2.785
14.241000,-0.4684,-1.7990,-1.5810,2.440
14.242000,-0.5908,-1.4998,-1.3360,2.094
14.242000,-0.6160,-1.2141,-1.1190,1.762
14.242000,-0.6403,-0.9524,-0.9182,1.470
14.242000,-0.6536,-0.5919,-0.6356,1.087
14.243000,-0.6158,-0.2842,-0.3455,0.761
14.247000,-0.6012,0.0276,-0.1598,0.623
14.250000,-0.5689,0.3347,0.0337,0.661
14.257000,-0.5216,0.6099,0.2044,0.828
14.260000,-0.4908,0.8862,0.2738,1.049
14.265000,-0.4092,1.1283,0.3401,1.247
14.270000,-0.3875,1.3280,0.4182,1.445
14.276000,-0.3367,1.5146,0.4223,1.608
14.280000,-0.3817,1.6901,0.4003,1.778
14.285000,-0.4055,1.8661,0.3600,1.943
14.292000,-0.4073,1.9358,0.2418,1.993
14.296000,-0.4259,2.0091,0.1412,2.059
14.300000,-0.5188,2.0473,0.0299,2.112
14.346000,-0.5564,2.0441,-0.0854,2.120
14.346000,-0.5767,1.9951,-0.1883,2.085
14.347000,-0.5945,1.9931,-0.3983,2.118
14.347000,-0.5613,1.9815,-0.5740,2.138
14.347000,-0.5730,1.9721,-0.7392,2.183
14.347000,-0.5122,1.9459,-0.8817,2.197
14.348000,-0.3694,1.9605,-1.0613,2.260
14.348000,-0.1951,1.9842,-1.1916,2.323
14.348000,0.0039,1.9820,-1.2560,2.346
14.349000,0.1384,2.0509,-1.3263,2.446
14.355000,0.3118,2.0768,-1.4024,2.525
14.359000,0.4545,2.0185,-1.4986,2.555
14.366000,0.6115,2.0315,-1.5288,2.615
14.371000,0.8100,2.0040,-1.6052,2.692
14.376000,1.0037,2.0141,-1.6010,2.762
14.381000,1.3010,2.0341,-1.5861,2.889
14.384000,1.5911,2.0821,-1.5414,3.040
14.391000,1.8401,2.1147,-1.4693,3.165
14.395000,2.0724,2.1301,-1.3391,3.260
14.399000,2.2735,2.1448,-1.1897,3.344
14.404000,2.5551,2.3207,-1.0020,3.594
14.410000,2.8119,2.4902,-0.9172,3.866
14.414000,3.1082,2.6626,-0.8705,4.184
14.419000,3.3459,2.7783,-0.7512,4.413
14.447000,3.4695,2.7507,-0.5788,4.465
14.449000,3.5845,2.7236,-0.4257,4.522
14.450000,3.7293,2.7475,-0.3307,4.644
14.450000,3.8511,2.8199,-0.3464,4.786
14.450000,3.9542,2.8422,-0.3675,4.884
14.451000,4.0321,2.8390,-0.4010,4.948
14.454000,4.0631,2.7384,-0.4252,4.918
14.459000,4.1525,2.6698,-0.5170,4.964
14.464000,4.2865,2.5741,-0.5709,5.032
14.474000,4.4504,2.4509,-0.6656,5.124
14.475000,4.5966,2.2886,-0.7771,5.193
14.479000,4.8259,2.1401,-0.8310,5.344
14.485000,5.0132,1.9931,-0.8990,5.469
14.491000,5.1781,1.8621,-0.8834,5.573
14.494000,5.3594,1.8290,-0.9227,5.738
14.499000,5.5418,1.9072,-0.9234,5.933
14.504000,5.7977,1.9798,-0.8949,6.191
14.509000,6.0018,2.1158,-0.9065,6.428
14.513000,6.2308,2.2288,-0.8576,6.673
14.518000,6.4297,2.3360,-0.7935,6.887
14.525000,6.6675,2.4583,-0.8317,7.155
14.529000,6.9109,2.5816,-0.7829,7.419
14.567000,7.1281,2.6242,-0.7838,7.636
14.569000,7.4387,2.7367,-0.8463,7.971
14.569000,7.7748,2.8301,-0.9436,8.327
14.569000,8.0546,2.8011,-1.0065,8.587
14.570000,8.2325,2.7718,-1.0132,8.746
14.570000,8.4475,2.6633,-1.0357,8.918
14.571000,8.6440,2.5065,-1.0336,9.059
14.571000,8.8721,2.3610,-0.9663,9.232
14.576000,9.0023,2.2147,-0.8653,9.311
14.578000,9.1279,1.9909,-0.7407,9.372
14.583000,9.1867,1.7567,-0.6002,9.372
14.590000,9.1000,1.4952,-0.4347,9.232
14.593000,8.9635,1.2975,-0.3452,9.064
14.598000,8.7392,1.0750,-0.2694,8.809
14.604000,8.4254,0.8903,-0.1861,8.474
14.609000,8.0155,0.7531,-0.0714,8.051
14.613000,7.6010,0.6162,-0.0070,7.626
14.618000,7.2136,0.5659,0.0122,7.236
14.624000,6.8080,0.5448,0.0868,6.830
14.628000,6.3747,0.5721,0.2143,6.404
14.632000,5.9048,0.7007,0.3941,5.959
14.638000,5.4583,0.8852,0.5588,5.558
14.680000,5.0762,1.1618,0.5842,5.240
14.682000,4.7581,1.4940,0.6379,5.028
14.683000,4.4468,1.8150,0.5937,4.839
14.684000,4.1758,2.0747,0.5409,4.694
14.684000,3.9085,2.2150,0.4513,4.515
14.685000,3.7100,2.3250,0.2496,4.385
14.685000,3.5938,2.3156,-0.0277,4.275
14.686000,3.4979,2.1965,-0.1861,4.135
14.686000,3.3747,1.9538,-0.3995,3.920
14.689000,3.2740,1.6471,-0.6342,3.719
14.692000,3.1651,1.3483,-0.8493,3.544
14.697000,2.9792,0.9768,-1.0491,3.306
14.705000,2.8356,0.6422,-1.1714,3.135
14.707000,2.6464,0.2781,-1.3044,2.964
14.712000,2.4867,-0.0547,-1.4455,2.877
14.718000,2.3633,-0.4593,-1.4511,2.811
14.722000,2.2294,-0.8604,-1.4552,2.798
14.727000,2.0919,-1.2416,-1.5270,2.872
14.732000,2.0280,-1.5089,-1.5711,2.976
14.737000,1.9781,-1.6859,-1.5659,3.034
14.745000,1.9467,-1.8232,-1.5784,3.099
14.747000,1.8980,-1.9160,-1.5752,3.123
14.752000,1.8588,-1.9279,-1.5134,3.076
14.790000,1.9050,-1.8381,-1.4025,2.996
14.791000,1.9386,-1.6489,-1.2268,2.825
14.792000,1.9996,-1.4595,-0.9503,2.652
14.792000,2.0496,-1.2890,-0.5069,2.474
14.792000,2.0240,-1.0250,-0.1562,2.274
14.792000,1.9820,-0.7834,0.2136,2.142
14.793000,1.9140,-0.5521,0.5178,2.058
14.793000,1.8035,-0.3261,0.8295,2.012
14.796000,1.7239,-0.0584,1.0394,2.014
14.802000,1.6323,0.1673,1.2067,2.037
14.806000,1.5525,0.3390,1.3904,2.111
14.811000,1.5174,0.5111,1.5360,2.219
14.816000,1.4578,0.6242,1.6813,2.311
14.823000,1.3830,0.7351,1.8523,2.426
14.826000,1.3189,0.8455,1.9440,2.497
14.831000,1.2559,0.9031,2.0517,2.570
14.836000,1.1487,0.9148,2.1112,2.572
14.842000,1.0498,0.9140,2.1895,2.595
14.847000,0.9141,0.8343,2.2649,2.581
14.851000,0.7579,0.7105,2.3138,2.536
14.860000,0.5747,0.6395,2.2863,2.443
14.863000,0.3450,0.5674,2.2430,2.339
14.866000,0.1075,0.4303,2.1598,2.205
14.871000,-0.1851,0.2864,2.0640,2.092
14.908000,-0.4923,0.0991,1.9943,2.057
14.909000,-0.7561,-0.0828,1.8699,2.019
14.910000,-1.0239,-0.2633,1.6913,1.994
14.910000,-1.2578,-0.4601,1.5020,2.012
14.910000,-1.4762,-0.6289,1.3835,2.119
14.911000,-1.6415,-0.7828,1.2886,2.229
14.911000,-1.7768,-0.9657,1.1644,2.334
14.914000,-1.9759,-1.2098,1.0572,2.547
14.916000,-2.1786,-1.4354,1.0575,2.815
14.921000,-2.2747,-1.6279,1.0190,2.977
14.926000,-2.3479,-1.8346,1.0685,3.165
14.931000,-2.4655,-2.0471,1.1412,3.402
14.936000,-2.5530,-2.2473,1.2267,3.616
14.942000,-2.6777,-2.4818,1.3158,3.881
14.947000,-2.7962,-2.6494,1.4465,4.115
14.950000,-2.8678,-2.8500,1.5703,4.337
14.996000,-3.0028,-3.0438,1.7092,4.605
14.997000,-3.1627,-3.2613,1.8119,4.891
14.998000,-3.3760,-3.4704,1.8876,5.197
14.998000,-3.5951,-3.6817,1.9604,5.507
14.998000,-3.7908,-3.8122,2.0369,5.749
14.999000,-3.9493,-3.9325,2.0311,5.932
14.999000,-3.9890,-4.0559,2.0648,6.052
15.000000,-4.0750,-4.1700,2.2144,6.237
15.000000,-4.2124,-4.3213,2.2977,6.457
15.001000,-4.2743,-4.4969,2.2547,6.601
15.005000,-4.3611,-4.7270,2.2124,6.801
15.010000,-4.5614,-4.9123,2.2065,7.057
15.016000,-4.7173,-5.1348,2.1551,7.298
15.021000,-4.8026,-5.2973,1.9646,7.415
15.025000,-4.8343,-5.4377,1.7908,7.493
15.031000,-4.8791,-5.6461,1.6314,7.638
15.034000,-4.9182,-5.7896,1.5109,7.745
15.039000,-4.8606,-6.0277,1.3143,7.854
15.045000,-4.9026,-6.2523,1.1115,8.023
15.050000,-4.9746,-6.4974,0.9268,8.235
15.060000,-5.0265,-6.7452,0.8436,8.454
15.062000,-5.0440,-6.9534,0.8232,8.630
15.066000,-5.1037,-7.0757,0.7865,8.760
15.121000,-5.2438,-7.1365,0.7671,8.889
15.124000,-5.4475,-7.1661,0.8223,9.039
15.125000,-5.5999,-7.1598,0.9498,9.139
15.126000,-5.7320,-7.1360,1.0514,9.213
15.126000,-5.8941,-7.1277,1.1849,9.325
15.127000,-5.9880,-7.0198,1.3138,9.320
15.127000,-5.9684,-6.8719,1.3501,9.201
15.128000,-5.8066,-6.7391,1.3109,8.992
15.128000,-5.5818,-6.5594,1.2543,8.704
15.129000,-5.2582,-6.4218,1.2376,8.392
15.129000,-4.9029,-6.3269,1.0888,8.078
15.130000,-4.5639,-6.1748,0.8684,7.727
15.130000,-4.2652,-6.0500,0.6532,7.431
15.134000,-4.0281,-5.9696,0.4437,7.215
15.141000,-3.8385,-5.9152,0.2571,7.056
15.144000,-3.6458,-5.8843,0.0504,6.922
15.149000,-3.4240,-5.8963,-0.1091,6.819
15.155000,-3.1633,-5.9081,-0.1832,6.704
15.160000,-2.9094,-5.9512,-0.2653,6.630
15.165000,-2.6719,-5.9472,-0.3987,6.532
15.169000,-2.5105,-6.0274,-0.4879,6.548
15.175000,-2.3799,-6.1515,-0.5879,6.622
15.179000,-2.2989,-6.2717,-0.6364,6.710
15.183000,-2.2364,-6.3728,-0.6073,6.781
15.234000,-2.3958,-6.4652,-0.4634,6.910
15.235000,-2.6593,-6.4711,-0.3204,7.004
15.235000,-3.0123,-6.3518,-0.1337,7.031
15.236000,-3.3351,-6.1645,0.1611,7.011
15.236000,-3.4933,-5.8412,0.4757,6.823
15.236000,-3.4701,-5.4675,0.8653,6.533
15.237000,-3.3493,-5.1083,1.2682,6.239
15.237000,-3.1574,-4.7592,1.6059,5.933
15.237000,-2.8252,-4.3927,1.8981,5.557
15.237000,-2.4340,-4.0583,2.1427,5.195
15.242000,-2.0103,-3.7714,2.3375,4.871
15.243000,-1.5616,-3.5427,2.4398,4.576
15.249000,-1.1786,-3.3863,2.4136,4.322
15.253000,-0.7948,-3.2602,2.3289,4.085
15.260000,-0.4652,-3.1963,2.1338,3.871
15.263000,-0.1346,-3.2199,1.9262,3.755
15.268000,0.0580,-3.3514,1.6849,3.752
15.276000,0.2446,-3.4344,1.3738,3.707
15.278000,0.4325,-3.5066,1.0980,3.700
15.282000,0.7292,-3.5997,0.7663,3.752
15.287000,1.0602,-3.7024,0.3958,3.871
15.322000,1.4044,-3.7012,0.1474,3.961
15.323000,1.6562,-3.6878,-0.0699,4.043
15.323000,1.8589,-3.6914,-0.3421,4.147
15.324000,2.0070,-3.5481,-0.4731,4.104
15.324000,2.1135,-3.3228,-0.5012,3.970
15.324000,2.1155,-3.0512,-0.4561,3.741
15.325000,2.0519,-2.7320,-0.3956,3.440
15.328000,2.0660,-2.3132,-0.2652,3.113
15.334000,1.9566,-1.8572,-0.1682,2.703
15.337000,1.8866,-1.3714,0.0742,2.334
15.342000,1.8245,-0.8942,0.2198,2.044
15.347000,1.7579,-0.4144,0.3323,1.836
15.352000,1.6921,0.0762,0.4617,1.756
15.359000,1.7050,0.5331,0.5568,1.871
15.365000,1.6942,0.9762,0.5310,2.026
15.370000,1.7446,1.4304,0.4611,2.303
15.375000,1.8301,1.8027,0.4762,2.613
15.378000,1.8401,2.1691,0.4585,2.881
15.384000,1.8771,2.4002,0.4251,3.077
15.388000,1.8283,2.6843,0.3833,3.270
15.393000,1.7513,2.9312,0.3091,3.428
15.397000,1.7269,3.0346,0.2417,3.500
15.402000,1.5617,3.1081,0.2002,3.484
15.459000,1.3706,3.1729,0.1709,3.461
15.460000,1.1727,3.1909,0.1591,3.403
15.460000,0.9609,3.1693,0.1726,3.316
15.461000,0.7190,3.0902,0.1735,3.177
15.461000,0.4519,2.9867,0.1314,3.024
15.463000,0.1291,2.8672,0.0850,2.871
15.465000,-0.0984,2.7201,0.0183,2.722
15.466000,-0.3070,2.6412,-0.0681,2.660
15.466000,-0.4485,2.4900,-0.1458,2.534
15.468000,-0.5515,2.3936,-0.2286,2.467
15.469000,-0.6187,2.2440,-0.3757,2.358
15.472000,-0.6710,2.0685,-0.5105,2.234
15.473000,-0.7156,1.9195,-0.6086,2.137
15.474000,-0.7258,1.8048,-0.6225,2.043
15.478000,-0.7087,1.6457,-0.6766,1.915
15.483000,-0.6930,1.5330,-0.6946,1.820
15.487000,-0.6304,1.4169,-0.6890,1.697
15.491000,-0.5283,1.3046,-0.7509,1.595
15.497000,-0.4346,1.2484,-0.7964,1.543
15.502000,-0.2413,1.2009,-0.7849,1.455
15.509000,0.0056,1.2690,-0.7380,1.468
15.512000,0.3493,1.3359,-0.6108,1.510
15.516000,0.6242,1.4678,-0.4708,1.663
15.521000,0.8777,1.5827,-0.3304,1.840
15.544000,1.0815,1.6285,-0.1995,1.965
15.545000,1.2688,1.6933,-0.0474,2.116
15.545000,1.4607,1.7865,0.1137,2.310
15.545000,1.6531,1.8485,0.2162,2.489
15.545000,1.8884,1.9579,0.2839,2.735
15.552000,2.0728,2.0592,0.3860,2.947
15.557000,2.1760,2.1003,0.4454,3.057
15.561000,2.2930,2.2220,0.4407,3.223
15.566000,2.4819,2.3313,0.4840,3.439
15.574000,2.6534,2.4181,0.4293,3.616
15.576000,2.8267,2.4156,0.3676,3.736
15.581000,2.9994,2.4194,0.2967,3.865
15.585000,3.1669,2.4776,0.2071,4.026
15.591000,3.2997,2.4962,0.1423,4.140
15.596000,3.4250,2.4543,0.0234,4.214
15.600000,3.5281,2.3208,-0.1086,4.224
15.608000,3.6716,2.1557,-0.2197,4.263
15.611000,3.8121,1.9639,-0.2881,4.298
15.615000,3.9480,1.8272,-0.5029,4.379
15.620000,4.1506,1.7762,-0.5548,4.549
15.676000,4.4802,1.7398,-0.6023,4.844
15.676000,4.7348,1.7840,-0.6974,5.108
15.677000,4.9391,1.8517,-0.8595,5.344
15.677000,5.1620,1.9547,-1.0307,5.615
15.677000,5.3483,1.9947,-1.2294,5.839
15.678000,5.6102,2.0672,-1.3643,6.133
15.678000,5.8928,2.1987,-1.5264,6.472
15.679000,6.2097,2.3312,-1.6339,6.831
15.679000,6.5439,2.4621,-1.7845,7.216
15.679000,6.9091,2.4764,-1.8751,7.575
15.679000,7.2285,2.4265,-1.9914,7.881
15.680000,7.5422,2.3695,-1.9568,8.144
15.685000,7.9579,2.3007,-1.9559,8.512
15.691000,8.3001,2.1598,-1.9359,8.792
15.695000,8.5473,1.9755,-1.8706,8.970
15.700000,8.7401,1.7957,-1.7651,9.096
15.705000,8.8858,1.6345,-1.5961,9.175
15.710000,9.1156,1.5518,-1.4214,9.355
15.718000,9.2716,1.3701,-1.2248,9.452
15.719000,9.2768,1.1898,-1.0569,9.412
15.758000,9.1842,1.0802,-0.9202,9.293
15.759000,8.9750,0.9984,-0.7744,9.063
15.760000,8.6904,0.8562,-0.6674,8.758
15.760000,8.3402,0.7636,-0.4991,8.390
15.760000,7.9466,0.7043,-0.3987,7.988
15.761000,7.4767,0.7575,-0.2660,7.520
15.761000,7.0118,0.9517,-0.0562,7.076
15.761000,6.5026,1.1439,0.0871,6.603
15.765000,6.0017,1.3268,0.1614,6.149
15.770000,5.6313,1.5748,0.2986,5.855
15.774000,5.3364,1.8305,0.3292,5.651
15.780000,5.0497,2.0099,0.3349,5.445
15.784000,4.8287,2.1419,0.3142,5.292
15.790000,4.6352,2.2315,0.2865,5.152
15.794000,4.5116,2.1847,0.2186,5.017
15.799000,4.4173,2.0690,0.1351,4.880
15.804000,4.3237,1.8317,0.0554,4.696
15.810000,4.2496,1.5659,-0.0014,4.529
15.814000,4.1311,1.2914,-0.0830,4.329
15.819000,3.9823,0.9647,-0.2060,4.103
15.875000,3.8683,0.5816,-0.3269,3.925
15.876000,3.7012,0.2264,-0.3668,3.726
15.876000,3.5694,-0.0940,-0.4260,3.596
15.876000,3.4259,-0.4050,-0.5642,3.496
15.877000,3.2513,-0.7142,-0.6659,3.395
15.877000,3.1107,-0.9422,-0.7430,3.334
15.877000,2.9451,-1.1360,-0.7931,3.255
15.878000,2.7016,-1.2698,-0.8233,3.097
15.878000,2.5601,-1.3644,-0.8986,3.037
15.878000,2.4493,-1.4076,-0.9614,2.984
15.879000,2.3831,-1.3209,-0.9615,2.889
15.880000,2.3303,-1.1713,-0.9016,2.760
15.884000,2.3247,-0.9969,-0.7869,2.649
15.890000,2.2939,-0.7913,-0.6659,2.516
15.893000,2.2519,-0.5477,-0.4529,2.361
15.898000,2.2607,-0.2639,-0.2848,2.294
15.903000,2.2983,-0.0051,-0.1309,2.302
15.908000,2.2453,0.2696,0.0683,2.262
15.913000,2.1487,0.4275,0.3103,2.213
15.918000,2.0401,0.5674,0.4697,2.169
15.925000,1.9164,0.7003,0.6206,2.133
15.930000,1.8376,0.8194,0.7219,2.138
15.933000,1.7368,0.9319,0.8211,2.135
15.997000,1.6014,1.0128,0.9639,2.126
15.997000,1.4817,1.0768,1.0806,2.127
15.998000,1.3709,1.1289,1.1062,2.092
15.998000,1.1775,1.1397,1.1517,2.003
15.998000,1.0047,1.1189,1.1669,1.903
15.999000,0.8028,1.0625,1.1567,1.764
15.999000,0.5883,0.9533,1.1857,1.631
15.999000,0.3850,0.8626,1.1542,1.491
16.000000,0.1765,0.7193,1.0667,1.299
16.000000,-0.0537,0.5642,1.0005,1.150
16.000000,-0.2524,0.4004,0.9629,1.073
16.000000,-0.4322,0.2722,0.8588,0.999
16.001000,-0.6093,0.1278,0.7962,1.011
16.002000,-0.7881,-0.0202,0.7202,1.068
16.007000,-0.9809,-0.2208,0.6963,1.223
16.014000,-1.1777,-0.4299,0.6956,1.434
16.018000,-1.3084,-0.6295,0.7227,1.622
16.023000,-1.4292,-0.8291,0.7353,1.808
16.028000,-1.5871,-1.0488,0.7759,2.055
16.033000,-1.7344,-1.2768,0.8371,2.311
16.037000,-1.8781,-1.4767,0.8710,2.543
16.043000,-1.9794,-1.6769,0.9803,2.773
16.048000,-2.0534,-1.8926,1.0411,2.980
16.052000,-2.2262,-2.1009,1.1581,3.273
16.106000,-2.3092,-2.2935,1.2502,3.486
16.108000,-2.4337,-2.5246,1.2907,3.737
16.108000,-2.5875,-2.7934,1.3773,4.049
16.108000,-2.6920,-2.9549,1.5243,4.278
16.109000,-2.7706,-3.1418,1.6926,4.518
16.109000,-2.8601,-3.3434,1.7838,4.748
16.110000,-3.0341,-3.5184,1.8813,5.012
16.111000,-3.2781,-3.6589,1.9536,5.287
16.112000,-3.5084,-3.8200,2.0656,5.583
16.113000,-3.6893,-3.9183,2.1909,5.811
16.113000,-3.8204,-4.0432,2.2524,6.001
16.113000,-3.9095,-4.1601,2.3340,6.168
16.116000,-3.9611,-4.3662,2.3615,6.351
16.122000,-4.0688,-4.5917,2.3562,6.572
16.126000,-4.1774,-4.7984,2.3292,6.775
16.132000,-4.2010,-4.9856,2.3282,6.923
16.138000,-4.3336,-5.1446,2.3105,7.112
16.142000,-4.5009,-5.3850,2.2515,7.371
16.146000,-4.6191,-5.5717,2.1802,7.559
16.151000,-4.6908,-5.7583,2.1876,7.743
16.199000,-4.7519,-6.0394,2.0489,7.953
16.200000,-4.8524,-6.2279,2.0943,8.168
16.201000,-4.9067,-6.4346,2.0385,8.345
16.201000,-4.9386,-6.7330,1.9874,8.583
16.201000,-4.8857,-6.9712,2.0412,8.754
16.202000,-4.9686,-7.1385,2.0850,8.944
16.202000,-5.2013,-7.2506,2.1134,9.170
16.203000,-5.4020,-7.3269,2.1101,9.344
16.203000,-5.5706,-7.3045,2.2596,9.460
16.203000,-5.7286,-7.2761,2.3418,9.552
16.208000,-5.8329,-7.2393,2.4311,9.609
16.211000,-5.8644,-7.2416,2.4900,9.645
16.217000,-5.8017,-7.2086,2.5639,9.602
16.221000,-5.6974,-7.1715,2.6723,9.541
16.226000,-5.5159,-7.0515,2.6762,9.344
16.231000,-5.3218,-6.8970,2.5762,9.084
16.236000,-5.1533,-6.8638,2.4205,8.918
16.241000,-4.9172,-6.8038,2.2361,8.687
16.246000,-4.6875,-6.7961,2.0476,8.506
16.250000,-4.4930,-6.8171,1.8263,8.366
16.262000,-4.2476,-6.7739,1.5702,8.148
16.263000,-3.9824,-6.7265,1.2746,7.920
16.266000,-3.6712,-6.6397,1.0305,7.657
16.270000,-3.4359,-6.5372,0.8855,7.438
16.318000,-3.2671,-6.4247,0.7315,7.245
16.320000,-3.2149,-6.4529,0.5541,7.231
16.321000,-3.0781,-6.5423,0.3347,7.238
16.321000,-2.9356,-6.5849,0.1686,7.212
16.322000,-2.8378,-6.6220,0.0004,7.204
16.323000,-2.7726,-6.6101,-0.1323,7.169
16.323000,-2.8428,-6.5544,-0.2346,7.148
16.324000,-2.9740,-6.3775,-0.2647,7.042
16.324000,-3.1039,-6.1303,-0.1391,6.873
16.325000,-3.2705,-5.8187,0.0672,6.675
16.328000,-3.3731,-5.4595,0.3540,6.427
16.329000,-3.3328,-5.0360,0.6234,6.071
16.335000,-3.1138,-4.5703,0.9002,5.603
16.339000,-2.8139,-4.1359,1.2396,5.154
16.345000,-2.4765,-3.7679,1.5179,4.758
16.349000,-2.0680,-3.4369,1.6850,4.351
16.357000,-1.5599,-3.1824,1.7678,3.961
16.360000,-1.0699,-2.9891,1.6980,3.600
16.365000,-0.5451,-2.8350,1.5977,3.300
16.370000,-0.0602,-2.6427,1.4099,2.996
16.376000,0.3438,-2.4949,1.3167,2.842
16.380000,0.7724,-2.4720,1.0475,2.794
16.384000,1.1843,-2.5255,0.6041,2.854
16.391000,1.5368,-2.5801,0.2358,3.012
16.395000,1.8226,-2.6676,-0.0424,3.231
16.400000,1.9935,-2.7264,-0.3978,3.401
16.405000,2.1170,-2.7914,-0.7661,3.586
16.460000,2.1594,-2.7890,-1.1710,3.716
16.461000,2.2043,-2.7386,-1.5307,3.834
16.462000,2.2522,-2.6367,-1.9577,3.982
16.462000,2.3025,-2.5300,-2.3198,4.133
16.464000,2.2960,-2.3649,-2.4856,4.128
16.465000,2.2584,-2.0944,-2.6568,4.068
16.465000,2.1988,-1.8705,-2.7579,3.992
16.466000,1.9936,-1.6458,-2.7486,3.773
16.467000,1.8004,-1.3447,-2.6872,3.503
16.469000,1.6503,-1.0458,-2.4334,3.121
16.469000,1.4643,-0.8183,-2.1345,2.715
16.470000,1.2972,-0.5932,-1.8182,2.311
16.470000,1.1684,-0.3216,-1.5138,1.939
16.474000,1.0370,-0.0639,-1.1911,1.581
16.479000,0.8978,0.2084,-0.8554,1.257
16.484000,0.7465,0.4695,-0.5385,1.033
16.492000,0.5873,0.6855,-0.3004,0.951
16.495000,0.5451,0.8954,-0.0428,1.049
16.499000,0.4663,1.0820,0.1816,1.192
16.504000,0.3913,1.2997,0.4376,1.426
16.556000,0.2846,1.3890,0.6272,1.550
16.556000,0.1771,1.4930,0.8348,1.720
16.557000,0.0545,1.5735,0.9775,1.853
16.557000,-0.1259,1.6480,1.1202,1.997
16.557000,-0.3520,1.7831,1.2973,2.233
16.558000,-0.6240,1.8998,1.3320,2.403
16.558000,-0.8742,1.9487,1.2942,2.497
16.558000,-1.1073,1.9467,1.2452,2.562
16.558000,-1.2653,1.9187,1.2235,2.604
16.559000,-1.3150,1.9099,1.1100,2.571
16.559000,-1.2782,1.9297,0.9077,2.486
16.564000,-1.2359,1.9043,0.7341,2.386
16.569000,-1.1956,1.8575,0.5250,2.271
16.574000,-1.1792,1.8293,0.3141,2.199
16.578000,-1.1620,1.7897,0.1324,2.138
16.583000,-1.1084,1.7573,-0.0654,2.079
16.588000,-1.0500,1.6935,-0.2484,2.008
16.593000,-1.0408,1.6425,-0.4453,1.995
16.599000,-1.0022,1.5252,-0.6654,1.942
16.603000,-0.7879,1.3991,-0.7607,1.777
16.609000,-0.5753,1.2907,-0.8295,1.639
16.613000,-0.3356,1.2809,-0.8010,1.548
16.617000,-0.1767,1.2598,-0.8430,1.526
16.669000,0.0093,1.2799,-0.8289,1.525
16.670000,0.2152,1.2814,-0.8401,1.547
16.670000,0.4359,1.3094,-0.7456,1.569
16.670000,0.6331,1.3280,-0.6366,1.603
16.671000,0.9077,1.3306,-0.4869,1.683
16.671000,1.2519,1.4359,-0.3090,1.930
16.671000,1.5480,1.5766,-0.1125,2.212
16.672000,1.8417,1.7146,-0.0079,2.516
16.672000,2.1349,1.7989,0.1388,2.795
16.672000,2.3694,1.8913,0.2288,3.040
16.672000,2.5625,1.9610,0.3340,3.244
16.682000,2.7358,2.0608,0.3872,3.447
16.683000,2.8241,2.1374,0.4429,3.569
16.688000,2.9091,2.1386,0.4320,3.636
16.692000,2.9452,2.0954,0.3617,3.633
16.697000,2.9904,2.1855,0.3545,3.721
16.703000,3.0727,2.1638,0.2957,3.770
16.708000,3.1256,2.0576,0.2357,3.749
16.713000,3.2041,1.9769,0.2325,3.772
16.717000,3.3232,1.7861,0.2358,3.780
16.765000,3.4392,1.6089,0.1934,3.802
16.765000,3.5502,1.4220,0.1626,3.828
16.766000,3.6733,1.2712,0.1914,3.892
16.766000,3.8729,1.2996,0.1794,4.089
16.767000,4.0602,1.3132,0.1603,4.270
16.767000,4.1853,1.3578,0.0550,4.400
16.767000,4.3247,1.4452,0.0457,4.560
16.768000,4.5835,1.5154,-0.0374,4.828
16.768000,4.8777,1.5372,-0.1439,5.116
16.768000,5.2238,1.6541,-0.2906,5.487
16.775000,5.5139,1.7509,-0.4820,5.805
16.776000,5.8145,1.8774,-0.6270,6.142
16.783000,6.1012,2.0046,-0.7663,6.468
16.786000,6.2973,2.1418,-0.8783,6.709
16.791000,6.4767,2.2768,-0.9961,6.937
16.796000,6.6701,2.3401,-1.0837,7.151
16.802000,6.8634,2.3127,-1.0766,7.322
16.807000,7.0273,2.2469,-1.0775,7.456
16.812000,7.2174,2.1338,-1.0843,7.604
16.819000,7.5431,1.9921,-0.9963,7.865
16.879000,7.7933,1.8215,-0.8862,8.052
16.880000,7.9129,1.6360,-0.7327,8.113
16.880000,7.9740,1.5150,-0.5627,8.136
16.880000,7.9624,1.4177,-0.4819,8.102
16.880000,7.9092,1.3823,-0.4283,8.041
16.881000,7.8049,1.3418,-0.3974,7.929
16.881000,7.6070,1.2581,-0.4031,7.721
16.882000,7.4089,1.1220,-0.4143,7.505
16.882000,7.2469,1.0246,-0.4689,7.334
16.882000,7.0399,0.9280,-0.4452,7.115
16.883000,6.7880,0.9778,-0.3508,6.867
16.883000,6.5202,1.0879,-0.2883,6.617
16.883000,6.1766,1.2750,-0.1002,6.308
16.887000,5.7767,1.4962,0.1077,5.968
16.891000,5.3856,1.7374,0.3379,5.669
16.897000,4.9984,2.0486,0.4301,5.419
16.901000,4.7158,2.3056,0.4324,5.267
16.908000,4.5639,2.5014,0.3622,5.217
16.910000,4.4228,2.6381,0.2582,5.156
16.917000,4.3475,2.6702,-0.0274,5.102
16.924000,4.3088,2.6072,-0.2565,5.043
16.926000,4.2584,2.4535,-0.3907,4.930
16.931000,4.1395,2.2503,-0.5281,4.741
16.935000,4.0140,2.0309,-0.6738,4.549
16.970000,3.8680,1.7715,-0.8009,4.329
16.973000,3.6873,1.5108,-0.9089,4.087
16.974000,3.5556,1.2700,-1.0073,3.908
16.974000,3.3634,1.0066,-1.1006,3.679
16.975000,3.2118,0.7189,-1.0782,3.463
16.975000,3.0764,0.4280,-1.0955,3.294
16.976000,2.9677,0.1203,-1.1190,3.174
16.976000,2.8783,-0.0895,-1.0788,3.075
16.980000,2.7844,-0.3448,-1.0875,3.009
16.986000,2.6747,-0.5063,-1.0351,2.912
16.990000,2.5559,-0.6248,-0.9644,2.802
16.996000,2.4311,-0.6927,-0.8349,2.662
17.001000,2.3101,-0.7214,-0.6230,2.499
17.005000,2.2523,-0.6542,-0.3912,2.378
17.010000,2.1959,-0.5433,-0.1478,2.267
17.015000,2.2193,-0.3989,0.0664,2.256
17.019000,2.2411,-0.1900,0.2361,2.262
17.025000,2.2444,0.0475,0.4246,2.285
17.030000,2.2237,0.2694,0.5602,2.309
17.034000,2.1334,0.5020,0.7666,2.322
17.042000,1.9977,0.6690,0.9064,2.293
17.045000,1.9142,0.8320,1.0086,2.318
17.049000,1.9021,1.0486,1.1825,2.473
17.054000,1.8168,1.2028,1.2174,2.496
17.109000,1.6705,1.2780,1.2708,2.457
17.110000,1.5425,1.3871,1.2993,2.448
17.111000,1.3460,1.4815,1.3965,2.441
17.111000,1.1844,1.5207,1.4375,2.404
17.112000,1.0504,1.5003,1.4199,2.317
17.112000,0.8935,1.4794,1.3803,2.212
17.112000,0.7262,1.4061,1.3714,2.094
17.113000,0.5409,1.3060,1.3218,1.935
17.113000,0.2855,1.1558,1.2129,1.700
17.113000,0.0539,1.0087,1.1552,1.535
17.114000,-0.1830,0.8854,1.0274,1.369
17.115000,-0.3842,0.7485,0.8683,1.209
17.118000,-0.6160,0.5791,0.7311,1.118
17.124000,-0.8525,0.4556,0.5619,1.118
17.130000,-1.0619,0.2740,0.4877,1.200
17.135000,-1.2134,0.0813,0.3938,1.278
17.143000,-1.3401,-0.0570,0.2638,1.367
17.146000,-1.4973,-0.2590,0.1674,1.529
17.148000,-1.6417,-0.4857,0.1188,1.716
17.154000,-1.7541,-0.7489,0.1465,1.913
17.200000,-1.8388,-0.9427,0.1400,2.071
17.201000,-1.9683,-1.1473,0.1500,2.283
17.202000,-2.0824,-1.3356,0.3152,2.494
17.202000,-2.2140,-1.5452,0.4411,2.736
17.202000,-2.2993,-1.7626,0.6041,2.959
17.203000,-2.4022,-2.0344,0.8156,3.252
17.203000,-2.5253,-2.2604,1.1301,3.573
17.203000,-2.6569,-2.5367,1.3699,3.921
17.204000,-2.8039,-2.7310,1.5894,4.224
17.204000,-2.9638,-2.8501,1.7357,4.463
17.210000,-3.0576,-2.9920,1.8138,4.647
17.214000,-3.1162,-3.1991,1.8815,4.846
17.219000,-3.3481,-3.2784,2.1596,5.160
17.223000,-3.5495,-3.3295,2.4171,5.434
17.229000,-3.6658,-3.3581,2.5203,5.574
17.234000,-3.7569,-3.4616,2.6244,5.743
17.242000,-3.8103,-3.6102,2.7177,5.911
17.244000,-3.8028,-3.8430,2.7526,6.067
17.249000,-3.7604,-4.0685,2.7504,6.185
17.254000,-3.7477,-4.2335,2.7969,6.308
17.307000,-3.7867,-4.4276,2.7273,6.433
17.309000,-3.8077,-4.5758,2.6250,6.506
17.309000,-3.8635,-4.7261,2.5477,6.615
17.310000,-3.8917,-4.9189,2.4744,6.743
17.310000,-3.8997,-5.0660,2.3811,6.822
17.311000,-3.9208,-5.2050,2.2343,6.889
17.311000,-3.9146,-5.3768,2.1325,6.984
17.312000,-3.8713,-5.5117,2.0373,7.037
17.312000,-3.8845,-5.6814,1.9244,7.146
17.313000,-3.8606,-5.7682,1.8871,7.193
17.313000,-3.7928,-5.7920,1.7962,7.153
17.314000,-3.8008,-5.8077,1.7347,7.154
17.318000,-3.9515,-5.8198,1.7861,7.258
17.324000,-4.0678,-5.7999,1.7156,7.289
17.328000,-4.0587,-5.6899,1.6575,7.183
17.333000,-4.0250,-5.6482,1.6335,7.125
17.339000,-3.9857,-5.6123,1.6558,7.080
17.344000,-3.9194,-5.5798,1.7173,7.032
17.348000,-3.7854,-5.5320,1.7674,6.932
17.353000,-3.5434,-5.5000,1.7180,6.764
17.359000,-3.3249,-5.4385,1.6101,6.575
17.363000,-3.0678,-5.4704,1.5683,6.465
17.367000,-2.8369,-5.5407,1.4497,6.391
17.413000,-2.6656,-5.6903,1.3161,6.420
17.414000,-2.5036,-5.7972,1.1130,6.412
17.415000,-2.4994,-5.8475,0.9692,6.433
17.415000,-2.5544,-5.9246,0.8465,6.507
17.415000,-2.6832,-5.9591,0.7326,6.576
17.416000,-2.7993,-5.9339,0.6849,6.597
17.416000,-2.8308,-5.9130,0.6263,6.586
17.416000,-2.8162,-5.7960,0.6100,6.473
17.417000,-2.7960,-5.6858,0.5474,6.360
17.419000,-2.7679,-5.5731,0.5132,6.244
17.422000,-2.7702,-5.4963,0.5220,6.177
17.427000,-2.8625,-5.3903,0.5778,6.131
17.433000,-2.9896,-5.2313,0.6015,6.055
17.437000,-3.1155,-5.0788,0.6458,5.993
17.444000,-3.2570,-4.8320,0.7217,5.872
17.449000,-3.4233,-4.5624,0.8195,5.762
17.452000,-3.5762,-4.2819,0.9923,5.666
17.458000,-3.5885,-3.9852,1.0767,5.470
17.462000,-3.5060,-3.6964,1.1599,5.225
17.467000,-3.2901,-3.3459,1.2397,4.853
17.520000,-2.9818,-2.9895,1.2238,4.396
17.523000,-2.6055,-2.6453,1.1466,3.886
17.524000,-2.1898,-2.3491,1.0303,3.373
17.525000,-1.8068,-2.0781,0.8856,2.893
17.525000,-1.4209,-1.8979,0.6751,2.465
17.526000,-1.1636,-1.8535,0.4222,2.229
17.526000,-0.9681,-1.8524,0.1726,2.097
17.527000,-0.7770,-1.8638,-0.0950,2.021
17.527000,-0.6499,-1.8821,-0.4171,2.034
17.528000,-0.5295,-1.9893,-0.7236,2.182
17.528000,-0.3701,-2.0455,-0.9191,2.273
17.529000,-0.2220,-2.0918,-1.1135,2.380
17.532000,-0.0900,-2.1978,-1.3643,2.588
17.537000,0.1506,-2.1832,-1.5161,2.662
17.541000,0.3821,-2.1615,-1.6214,2.729
17.548000,0.6000,-2.1108,-1.7572,2.811
17.552000,0.9233,-2.0557,-1.7853,2.875
17.559000,1.1390,-2.0161,-1.8803,2.983
17.561000,1.3143,-1.9484,-1.7647,2.939
17.566000,1.4417,-1.8462,-1.5783,2.824
17.570000,1.5183,-1.6647,-1.3649,2.634
17.622000,1.5208,-1.4776,-1.1469,2.411
17.623000,1.4178,-1.2757,-0.8675,2.095
17.623000,1.3502,-1.0328,-0.5878,1.799
17.623000,1.2418,-0.7889,-0.3052,1.503
17.623000,1.1593,-0.5042,0.0179,1.264
17.624000,1.0407,-0.2161,0.3428,1.117
17.624000,0.8236,0.0199,0.6285,1.036
17.624000,0.6015,0.2066,0.8845,1.089
17.625000,0.5182,0.4165,1.1727,1.348
17.625000,0.5089,0.7378,1.4187,1.678
17.625000,0.5372,1.0262,1.5915,1.968
17.630000,0.4908,1.2583,1.8133,2.261
17.636000,0.4318,1.4622,1.9481,2.474
17.640000,0.4108,1.6771,2.0273,2.663
17.646000,0.3749,1.8713,1.9440,2.724
17.652000,0.3933,2.0708,1.7804,2.759
17.656000,0.3776,2.1349,1.5891,2.688
17.660000,0.2800,2.1927,1.2636,2.546
17.665000,0.1675,2.1723,0.9624,2.382
17.669000,0.0669,2.1345,0.5711,2.211
17.677000,0.0212,2.1006,0.2746,2.119
17.681000,0.0235,2.0688,0.0396,2.069
17.685000,-0.0125,2.0269,-0.1792,2.035
17.730000,-0.0364,1.9775,-0.3167,2.003
17.732000,-0.0215,1.9283,-0.4736,1.986
17.733000,-0.0826,1.8294,-0.6644,1.948
17.733000,-0.0715,1.7570,-0.7906,1.928
17.735000,-0.0426,1.6881,-0.8526,1.892
17.735000,0.0492,1.5721,-0.8717,1.798
17.736000,0.2091,1.5651,-0.9345,1.835
17.737000,0.3891,1.4947,-0.9142,1.795
17.738000,0.6247,1.4489,-0.8592,1.797
17.739000,0.9017,1.4640,-0.7577,1.879
17.745000,1.1767,1.5464,-0.6197,2.040
17.747000,1.3798,1.5903,-0.4575,2.155
17.751000,1.5691,1.6944,-0.2354,2.321
17.757000,1.7989,1.9080,-0.0564,2.623
17.761000,2.0167,2.0782,0.0367,2.896
17.764000,2.2245,2.3169,0.1776,3.217
17.769000,2.4291,2.5805,0.3709,3.563
17.774000,2.5159,2.7185,0.4609,3.733
17.779000,2.6089,2.8955,0.4955,3.929
17.789000,2.8014,3.1356,0.5247,4.237
17.798000,2.8920,3.3186,0.4983,4.430
17.801000,2.8976,3.4972,0.5332,4.573
17.802000,2.8779,3.6355,0.4979,4.663
17.805000,2.8785,3.7289,0.4138,4.729
17.852000,2.9591,3.8181,0.2767,4.838
17.853000,3.0147,3.8628,0.1894,4.904
17.857000,3.0950,3.8289,0.0947,4.924
17.858000,3.1642,3.7552,0.0424,4.911
17.858000,3.2155,3.6131,-0.0871,4.838
17.859000,3.2683,3.5252,-0.2198,4.812
17.860000,3.3869,3.4482,-0.3362,4.845
17.860000,3.5835,3.3774,-0.4434,4.944
17.861000,3.7645,3.3318,-0.6274,5.066
17.862000,4.0496,3.2851,-0.7441,5.267
17.863000,4.3022,3.1797,-0.8196,5.412
17.864000,4.5197,3.0158,-0.8803,5.504
17.868000,4.7622,2.9008,-0.8640,5.643
17.874000,4.9980,2.8535,-0.9114,5.827
17.878000,5.1935,2.8187,-0.9075,5.978
17.884000,5.3201,2.7674,-0.8664,6.059
17.889000,5.3874,2.6951,-0.8810,6.088
17.893000,5.4983,2.6161,-0.8747,6.151
17.898000,5.7032,2.5065,-0.8636,6.289
17.903000,5.9441,2.4308,-0.9671,6.494
17.939000,6.1686,2.2619,-1.0511,6.654
17.940000,6.4146,2.1411,-1.1347,6.857
17.941000,6.6581,1.9436,-1.1225,7.026
17.941000,6.8246,1.7241,-1.1462,7.132
17.942000,6.8429,1.4902,-1.2183,7.108
17.942000,6.7561,1.3184,-1.1714,6.982
17.943000,6.6098,1.2087,-1.1525,6.818
17.943000,6.4357,1.1447,-1.2172,6.649
17.949000,6.3079,1.1142,-1.2383,6.524
17.954000,6.2191,1.0289,-1.2062,6.418
17.959000,6.1673,0.9321,-1.1334,6.339
17.964000,6.1283,0.7973,-1.0771,6.273
17.968000,6.0065,0.6438,-1.0521,6.132
17.973000,5.9096,0.4928,-0.9364,6.004
17.978000,5.7730,0.3828,-0.8501,5.848
17.983000,5.6090,0.3476,-0.7507,5.670
17.988000,5.3935,0.3315,-0.5523,5.432
17.994000,5.0980,0.3086,-0.3745,5.121
17.998000,4.8043,0.3774,-0.1027,4.820
18.003000,4.4883,0.4824,0.1363,4.516
18.011000,4.2464,0.6196,0.3662,4.307
18.013000,4.0082,0.7591,0.5537,4.117
18.017000,3.6713,0.8130,0.6941,3.824
18.068000,3.2620,0.7857,0.7014,3.428
18.068000,2.9198,0.8648,0.6535,3.115
18.069000,2.7785,0.9494,0.7687,3.035
18.069000,2.5509,0.7813,0.7934,2.783
18.072000,2.3133,0.5087,0.8328,2.511
18.073000,2.1217,0.2141,0.8941,2.312
18.075000,1.9419,-0.0936,0.8790,2.134
18.075000,1.7695,-0.3636,0.9286,2.031
18.077000,1.5094,-0.6385,0.9160,1.877
18.078000,1.2234,-0.9330,0.9033,1.784
18.079000,0.9384,-1.2342,0.9454,1.816
18.080000,0.7218,-1.5058,0.9203,1.907
18.084000,0.4442,-1.8053,0.9813,2.102
18.087000,0.0841,-1.9868,0.9851,2.219
18.093000,-0.3004,-2.1763,1.0947,2.455
18.099000,-0.5775,-2.3062,1.2460,2.684
18.103000,-0.8974,-2.3973,1.3384,2.889
18.109000,-1.1553,-2.4812,1.3797,3.065
18.113000,-1.3652,-2.5499,1.4705,3.245
18.116000,-1.6057,-2.5456,1.4815,3.355
18.164000,-1.8534,-2.5022,1.6094,3.505
18.165000,-2.1149,-2.4286,1.7101,3.646
18.166000,-2.2972,-2.2918,1.7362,3.680
18.166000,-2.4075,-2.1033,1.7545,3.647
18.166000,-2.4961,-1.8848,1.7794,3.598
18.167000,-2.5513,-1.5985,1.8423,3.530
18.167000,-2.6045,-1.3572,1.7632,3.426
18.167000,-2.6246,-1.1606,1.7666,3.370
18.168000,-2.6284,-0.9970,1.6898,3.280
18.168000,-2.5517,-0.8141,1.5778,3.109
18.176000,-2.4379,-0.6030,1.4189,2.884
18.176000,-2.3089,-0.4000,1.3251,2.692
18.181000,-2.2270,-0.2460,1.2766,2.579
18.186000,-2.1757,-0.0911,1.2089,2.491
18.191000,-2.0260,0.0595,1.1339,2.322
18.197000,-1.9048,0.1197,1.1060,2.206
18.201000,-1.7884,0.1824,1.0826,2.098
18.208000,-1.6791,0.2454,1.0414,1.991
18.211000,-1.5464,0.2936,0.9945,1.862
18.216000,-1.4764,0.3363,0.8937,1.758
18.221000,-1.4093,0.3806,0.8611,1.695
18.283000,-1.3810,0.4049,0.8375,1.665
18.284000,-1.3627,0.4473,0.7779,1.632
18.284000,-1.3329,0.4671,0.8329,1.640
18.284000,-1.3036,0.3949,0.9671,1.671
18.285000,-1.3368,0.3361,0.9915,1.698
18.285000,-1.3392,0.3077,1.0209,1.712
18.285000,-1.2675,0.2736,1.0918,1.695
18.285000,-1.2298,0.2097,1.0987,1.662
18.286000,-1.2856,0.1232,1.1903,1.756
18.286000,-1.3583,0.0429,1.1873,1.805
18.286000,-1.4165,-0.0142,1.2713,1.903
18.287000,-1.4461,-0.1058,1.3714,1.996
18.287000,-1.4852,-0.2102,1.4703,2.100
18.294000,-1.5313,-0.3273,1.5705,2.218
18.295000,-1.5603,-0.4545,1.7011,2.353
18.300000,-1.5723,-0.6227,1.8547,2.510
18.307000,-1.5818,-0.7769,2.0014,2.667
18.310000,-1.6412,-0.9146,2.1274,2.838
18.315000,-1.6549,-1.0237,2.3305,3.036
18.320000,-1.7256,-1.1351,2.5264,3.263
18.326000,-1.7936,-1.2824,2.7509,3.526
18.330000,-1.8611,-1.3906,2.9344,3.743
18.335000,-1.9303,-1.4910,3.1059,3.949
18.386000,-1.9368,-1.6169,3.2983,4.153
18.387000,-1.9166,-1.7248,3.4487,4.306
18.387000,-1.9149,-1.8411,3.5723,4.452
18.388000,-1.8794,-1.9898,3.6376,4.552
18.389000,-1.8267,-2.0822,3.6947,4.618
18.390000,-1.7448,-2.2113,3.7868,4.720
18.392000,-1.6291,-2.3083,3.8184,4.750
18.393000,-1.4940,-2.4088,3.8827,4.807
18.396000,-1.4161,-2.5847,3.9603,4.937
18.397000,-1.2422,-2.7041,4.0035,4.988
18.399000,-1.0609,-2.8149,4.1150,5.097
18.400000,-0.9154,-2.8815,4.2519,5.217
18.401000,-0.8175,-2.9446,4.3903,5.349
18.405000,-0.7002,-2.9755,4.5231,5.459
18.410000,-0.5946,-3.0743,4.6574,5.612
18.415000,-0.4838,-3.1717,4.6810,5.675
18.421000,-0.4060,-3.2363,4.8163,5.817
18.425000,-0.3016,-3.2732,4.9079,5.907
18.430000,-0.1992,-3.2681,4.9796,5.960
18.435000,-0.1157,-3.2187,5.0573,5.996
18.439000,-0.1206,-3.1296,5.2171,6.085
18.491000,-0.1397,-3.0342,5.5061,6.288
18.491000,-0.1615,-2.8919,5.7292,6.420
18.492000,-0.1742,-2.6574,5.8479,6.426
18.492000,-0.1111,-2.3785,5.9837,6.440
18.492000,0.0158,-2.2254,5.8687,6.277
18.493000,0.0248,-2.0021,5.9087,6.239
18.493000,0.1547,-1.9147,6.1071,6.402
18.493000,0.3528,-2.1422,5.9562,6.340
18.495000,0.7457,-2.4066,5.8537,6.373
18.496000,1.1776,-2.6246,5.8090,6.482
18.497000,1.4471,-2.8352,5.6802,6.511
18.499000,1.4394,-2.8694,5.5657,6.425
18.505000,1.3535,-2.6456,5.5893,6.330
18.510000,1.1631,-2.2478,5.7221,6.257
18.514000,0.8397,-1.7840,5.8637,6.186
18.520000,0.4821,-1.3253,6.0692,6.231
18.524000,0.0762,-0.8499,6.2030,6.261
18.529000,-0.1904,-0.3838,6.3412,6.356
18.533000,-0.4516,0.0688,6.4984,6.514
18.541000,-0.5922,0.3887,6.6704,6.708
18.546000,-0.5452,0.6020,6.5805,6.630
18.548000,-0.4304,0.6781,6.3656,6.416
18.553000,-0.2549,0.6451,6.1057,6.145
18.603000,-0.0547,0.5535,5.7221,5.749
18.603000,0.1507,0.4001,5.3948,5.412
18.604000,0.4141,0.2062,5.0814,5.102
18.604000,0.6298,-0.0596,4.7457,4.788
18.604000,0.8505,-0.3400,4.3599,4.455
18.605000,1.0930,-0.6469,4.0511,4.246
18.605000,1.3143,-0.9927,3.7389,4.086
18.606000,1.5548,-1.3441,3.5549,4.106
18.606000,1.6494,-1.7466,3.2980,4.080
18.606000,1.6101,-2.0353,3.0694,4.019
18.613000,1.5690,-2.2721,2.9504,4.041
18.614000,1.5091,-2.4353,2.8493,4.041
18.619000,1.4017,-2.4891,2.7877,3.991
18.623000,1.1608,-2.5319,2.7077,3.884
18.628000,0.8270,-2.5635,2.4941,3.671
18.633000,0.4339,-2.5527,2.3047,3.466
18.638000,0.0658,-2.5419,2.1277,3.316
18.644000,-0.2177,-2.4496,2.0030,3.172
18.648000,-0.5052,-2.4264,1.8227,3.077
18.652000,-0.7058,-2.3693,1.6961,2.998
18.658000,-0.9488,-2.3070,1.5536,2.939
18.663000,-1.1889,-2.2253,1.5596,2.966
18.667000,-1.3757,-2.1213,1.5557,2.969
18.729000,-1.5739,-2.0024,1.5896,3.002
18.730000,-1.7285,-1.9330,1.6391,3.068
18.730000,-1.7582,-1.8700,1.6514,3.052
18.731000,-1.7995,-1.7845,1.7343,3.071
18.731000,-1.8404,-1.7460,1.7774,3.098
18.732000,-1.8379,-1.7378,1.8838,3.154
18.732000,-1.8663,-1.7767,1.9768,3.248
18.732000,-1.8870,-1.8432,2.0251,3.326
18.733000,-1.9409,-1.8442,2.0957,3.400
18.733000,-1.9463,-1.8272,2.0972,3.395
18.733000,-1.9823,-1.8591,2.0590,3.410
18.733000,-1.9674,-1.8589,2.0053,3.369
18.734000,-1.9351,-1.8356,1.9649,3.313
18.739000,-1.9116,-1.7944,1.9544,3.270
18.744000,-1.9616,-1.7785,1.8881,3.252
18.748000,-1.9749,-1.8162,1.7800,3.220
18.752000,-1.9946,-1.7977,1.6426,3.148
18.758000,-2.0060,-1.7369,1.5476,3.072
18.762000,-1.9901,-1.6868,1.4209,2.971
18.766000,-1.9925,-1.6571,1.2437,2.874
18.810000,-1.9506,-1.5660,1.1022,2.733
18.811000,-1.8886,-1.4619,0.9487,2.570
18.811000,-1.7972,-1.3715,0.8243,2.406
18.811000,-1.6954,-1.2825,0.7287,2.247
18.812000,-1.5715,-1.2123,0.6336,2.083
18.812000,-1.4349,-1.1820,0.5365,1.935
18.812000,-1.3601,-1.1348,0.3948,1.815
18.812000,-1.2443,-1.0758,0.2259,1.660
18.813000,-1.1305,-1.0167,0.0891,1.523
18.818000,-1.0524,-0.9628,0.0089,1.426
18.823000,-0.9792,-0.9814,-0.0863,1.389
18.826000,-0.9246,-0.9663,-0.2160,1.355
18.831000,-0.8604,-0.9564,-0.2413,1.309
18.836000,-0.8342,-0.9992,-0.3013,1.336
18.842000,-0.8507,-1.0111,-0.4009,1.381
18.846000,-0.8624,-0.9827,-0.4130,1.371
18.851000,-0.8256,-0.8751,-0.3543,1.254
18.858000,-0.7814,-0.8396,-0.3090,1.188
18.861000,-0.7848,-0.8092,-0.2073,1.146
18.866000,-0.6706,-0.7690,-0.1544,1.032
18.871000,-0.5871,-0.7767,-0.0236,0.974
18.877000,-0.4054,-0.7989,0.0822,0.900
18.882000,-0.2810,-0.8139,0.1724,0.878
18.887000,-0.1734,-0.8150,0.2229,0.863
18.947000,-0.0680,-0.8018,0.2625,0.846
18.947000,0.0874,-0.7605,0.2650,0.810
18.948000,0.2398,-0.7490,0.2662,0.830
18.948000,0.3803,-0.7495,0.1825,0.860
18.948000,0.5492,-0.7650,0.0692,0.944
18.949000,0.7629,-0.7958,0.0222,1.103
18.949000,0.9255,-0.8134,0.0098,1.232
18.949000,1.0489,-0.7965,-0.1189,1.322
18.949000,1.1092,-0.6924,-0.2513,1.331
18.950000,1.1492,-0.6283,-0.3848,1.365
18.950000,1.2171,-0.5226,-0.4593,1.402
18.950000,1.3079,-0.4136,-0.4441,1.442
18.951000,1.4597,-0.3662,-0.4732,1.578
18.956000,1.6315,-0.3014,-0.4818,1.728
18.960000,1.8328,-0.2554,-0.4435,1.903
18.967000,2.0490,-0.2476,-0.3298,2.090
18.971000,2.2271,-0.2661,-0.1383,2.247
18.977000,2.3408,-0.2991,0.1019,2.362
18.980000,2.4139,-0.3588,0.3953,2.472
18.985000,2.4252,-0.4399,0.6247,2.543
18.992000,2.4224,-0.5570,0.8974,2.643
18.995000,2.3674,-0.6883,1.2039,2.744
19.000000,2.2174,-0.8694,1.5299,2.831
19.067000,2.0207,-1.0665,1.8127,2.917
19.067000,1.9046,-1.2214,2.1433,3.117
19.068000,1.7974,-1.3079,2.3136,3.208
19.068000,1.6225,-1.4909,2.7896,3.555
19.068000,1.4472,-1.6313,3.1113,3.799
19.068000,1.2361,-1.6426,3.2713,3.864
19.069000,1.0778,-1.6442,3.5307,4.041
19.069000,0.8289,-1.6003,3.7865,4.194
19.069000,0.5803,-1.4821,3.8926,4.205
19.070000,0.4233,-1.3780,4.0507,4.300
19.070000,0.2501,-1.2974,4.1122,4.319
19.070000,-0.0226,-1.1515,4.2353,4.389
19.071000,-0.2443,-0.9932,4.3788,4.497
19.071000,-0.3886,-0.8270,4.2195,4.317
19.078000,-0.4218,-0.6695,4.0766,4.153
19.084000,-0.4041,-0.5472,4.0004,4.058
19.085000,-0.3501,-0.4675,3.7925,3.837
19.091000,-0.2576,-0.4139,3.6301,3.663
19.095000,-0.1245,-0.3316,3.4704,3.488
19.100000,-0.0180,-0.1827,3.2796,3.285
19.104000,0.0352,-0.0776,3.0891,3.090
19.167000,0.0853,-0.0882,3.0306,3.033
19.168000,0.0916,-0.0398,2.9600,2.962
19.169000,0.0996,0.0317,2.9305,2.932
19.169000,0.1188,0.0758,2.9252,2.929
19.169000,0.1372,0.1045,2.9153,2.920
19.170000,0.1212,0.1227,2.9101,2.915
19.170000,0.1020,0.1112,2.8951,2.899
19.170000,0.0963,0.0748,2.8969,2.899
19.171000,0.0156,0.0351,2.9580,2.958
19.171000,-0.1183,0.0376,2.9324,2.935
19.171000,-0.2791,0.0372,2.9204,2.934
19.172000,-0.4090,0.0530,2.9172,2.946
19.172000,-0.4864,0.0351,2.8843,2.925
19.178000,-0.5951,-0.0164,2.8746,2.936
19.179000,-0.6583,-0.0511,2.8903,2.965
19.185000,-0.6761,-0.0379,2.9768,3.053
19.191000,-0.7275,-0.0846,2.9850,3.074
19.194000,-0.8030,-0.0977,3.0087,3.116
19.198000,-0.8761,-0.1513,3.0308,3.158
19.203000,-0.9729,-0.1496,2.9818,3.140
19.209000,-1.1078,-0.1595,2.9841,3.187
19.215000,-1.2377,-0.1667,2.9848,3.236
19.218000,-1.3336,-0.2451,2.9291,3.228
19.275000,-1.4624,-0.3011,2.8338,3.203
19.276000,-1.5713,-0.3419,2.7973,3.227
19.276000,-1.6913,-0.4389,2.8054,3.305
19.277000,-1.7624,-0.4820,2.8433,3.380
19.277000,-1.8372,-0.4831,2.8899,3.458
19.277000,-1.9632,-0.4969,2.9833,3.606
19.278000,-2.0397,-0.5567,3.0852,3.740
19.278000,-2.0643,-0.6096,3.1765,3.837
19.278000,-2.0391,-0.6671,3.2448,3.890
19.279000,-2.0597,-0.7675,3.2810,3.949
19.279000,-2.0302,-0.8004,3.2345,3.902
19.279000,-1.9815,-0.7993,3.1435,3.801
19.284000,-1.8300,-0.7403,2.9846,3.578
19.289000,-1.6454,-0.7075,2.8539,3.369
19.294000,-1.4323,-0.6362,2.6844,3.108
19.298000,-1.1146,-0.4575,2.5794,2.847
19.304000,-0.8477,-0.3988,2.4549,2.628
19.308000,-0.5626,-0.3455,2.2822,2.376
19.318000,-0.2501,-0.2360,2.1022,2.130
19.321000,0.0539,-0.0964,1.9936,1.997
19.362000,0.3588,0.0679,1.9137,1.948
19.363000,0.5516,0.1702,1.7884,1.879
19.363000,0.8313,0.2374,1.7324,1.936
19.364000,1.1184,0.3214,1.7216,2.078
19.364000,1.3557,0.4274,1.6485,2.177
19.365000,1.5810,0.5737,1.5918,2.316
19.365000,1.7150,0.7528,1.5182,2.411
19.366000,1.8799,0.9910,1.4298,2.561
19.366000,2.0729,1.3025,1.3294,2.786
19.368000,2.2004,1.6146,1.1001,2.943
19.373000,2.3120,1.8722,0.8047,3.082
19.377000,2.4220,2.0223,0.5465,3.202
19.382000,2.5208,2.1011,0.2802,3.294
19.387000,2.6153,2.0796,0.1114,3.343
19.393000,2.7386,2.0558,-0.1080,3.426
19.397000,2.7834,2.0993,-0.2971,3.499
19.402000,2.7637,2.0783,-0.3647,3.477
19.408000,2.7539,2.0287,-0.5263,3.461
19.413000,2.6751,1.9748,-0.7317,3.405
19.417000,2.6019,1.8952,-0.8775,3.336
19.489000,2.4988,1.7833,-0.9135,3.203
19.490000,2.4089,1.6273,-1.1075,3.111
19.490000,2.3254,1.5565,-1.2157,3.051
19.491000,2.2699,1.5281,-1.3626,3.057
19.491000,2.1993,1.5085,-1.5192,3.069
19.491000,2.1640,1.5027,-1.6321,3.099
19.492000,2.1691,1.4653,-1.6656,3.103
19.492000,2.1905,1.3726,-1.6037,3.042
19.492000,2.2235,1.3131,-1.5161,2.994
19.493000,2.2774,1.2627,-1.4606,2.986
19.493000,2.3333,1.2670,-1.3893,2.997
19.494000,2.4773,1.2470,-1.2710,3.051
19.494000,2.6633,1.2621,-1.0890,3.142
19.494000,2.8097,1.3334,-0.8199,3.216
19.494000,2.9403,1.3674,-0.6501,3.307
19.497000,2.9900,1.3781,-0.5482,3.338
19.502000,3.0641,1.3103,-0.4642,3.365
19.506000,3.1575,1.1974,-0.3975,3.400
19.512000,3.2225,1.0227,-0.3075,3.395
19.516000,3.2301,0.8579,-0.2040,3.348
19.521000,3.2114,0.6884,-0.1686,3.289
19.526000,3.1641,0.5452,-0.0816,3.212
19.531000,3.1099,0.3257,0.0470,3.127
19.536000,3.0609,0.0755,0.0553,3.062
19.542000,3.0697,-0.2246,0.1176,3.080
19.546000,3.1576,-0.4575,0.2623,3.201
19.551000,3.1833,-0.6858,0.4073,3.282
19.603000,3.1059,-0.9216,0.3469,3.258
19.604000,2.8968,-1.2511,0.2799,3.168
19.605000,2.6045,-1.5831,0.3184,3.064
19.605000,2.2962,-1.8933,0.3788,3.000
19.605000,1.9889,-2.2009,0.5375,3.015
19.606000,1.6712,-2.4408,0.7722,3.057
19.606000,1.3240,-2.5386,1.0158,3.038
19.606000,0.9697,-2.6876,1.3035,3.141
19.606000,0.6963,-2.8307,1.5063,3.281
19.607000,0.4399,-2.9695,1.9587,3.584
19.607000,0.0980,-3.0821,2.2553,3.820
19.610000,-0.1670,-3.2450,2.5852,4.152
19.616000,-0.4310,-3.2950,2.8590,4.384
19.621000,-0.7060,-3.1959,3.0881,4.500
19.626000,-1.0115,-3.2355,3.1385,4.620
19.631000,-1.3324,-3.3336,3.1445,4.772
19.637000,-1.6659,-3.4373,3.1427,4.946
19.644000,-1.9378,-3.5271,3.1877,5.134
19.646000,-2.2265,-3.5831,3.2531,5.327
19.650000,-2.5391,-3.5097,3.2522,5.417
19.708000,-2.7271,-3.2730,3.1254,5.284
19.709000,-3.0682,-3.1198,2.9524,5.279
19.710000,-3.4254,-2.9754,2.8061,5.335
19.710000,-3.6812,-2.8488,2.6944,5.378
19.710000,-3.8021,-2.7615,2.5125,5.329
19.711000,-3.7570,-2.6821,2.3567,5.183
19.711000,-3.6442,-2.5939,2.2731,5.018
19.711000,-3.4497,-2.4446,2.2326,4.781
19.712000,-3.1859,-2.2875,2.1371,4.467
19.712000,-2.8630,-2.1254,1.8962,4.039
19.712000,-2.5391,-1.9690,1.7971,3.681
19.713000,-2.3412,-1.9287,1.6913,3.473
19.717000,-2.1859,-1.8467,1.6265,3.292
19.720000,-2.0065,-1.7811,1.5904,3.119
19.726000,-1.9251,-1.7775,1.4463,2.993
19.729000,-1.9011,-1.8312,1.2588,2.924
19.736000,-1.8677,-1.8896,1.1882,2.910
19.742000,-1.8321,-1.9146,1.1096,2.873
19.745000,-1.8683,-2.0687,0.9797,2.955
19.749000,-1.9762,-2.2298,0.9854,3.138
19.754000,-2.1220,-2.3352,0.9538,3.296
19.814000,-2.2813,-2.3918,0.9013,3.426
19.815000,-2.4133,-2.4280,0.7635,3.507
19.815000,-2.5726,-2.4793,0.6286,3.628
19.816000,-2.7278,-2.4448,0.5475,3.704
19.816000,-2.8882,-2.3220,0.4990,3.739
19.816000,-2.9653,-2.1038,0.4275,3.661
19.817000,-3.0402,-1.8547,0.3381,3.577
19.817000,-3.0915,-1.5557,0.2503,3.470
19.817000,-3.1124,-1.3123,0.1140,3.380
19.818000,-3.0861,-1.0484,0.0754,3.260
19.818000,-3.0250,-0.8119,-0.0640,3.133
19.818000,-2.9769,-0.5886,-0.2061,3.042
19.819000,-2.9350,-0.3884,-0.3745,2.984
19.827000,-2.9111,-0.2329,-0.4731,2.958
19.829000,-2.8623,-0.0552,-0.5785,2.921
19.834000,-2.8293,0.0587,-0.6310,2.899
19.840000,-2.7379,0.1805,-0.6829,2.828
19.844000,-2.6840,0.3602,-0.6741,2.791
19.849000,-2.5886,0.5452,-0.6385,2.721
19.853000,-2.4664,0.6991,-0.6430,2.643
19.860000,-2.3704,0.8362,-0.6225,2.589
19.864000,-2.2858,0.8276,-0.6354,2.513
19.868000,-2.2392,0.8454,-0.7315,2.503
19.929000,-2.1729,0.8635,-0.8966,2.504
19.930000,-2.0654,0.8915,-1.0777,2.494
19.931000,-1.9243,0.9817,-1.2628,2.502
19.933000,-1.7613,1.0599,-1.4087,2.492
19.934000,-1.6507,1.1311,-1.6015,2.563
19.935000,-1.5208,1.1782,-1.7094,2.574
19.936000,-1.4435,1.1415,-1.7969,2.572
19.938000,-1.3778,1.1193,-1.9407,2.630
19.939000,-1.3139,1.1527,-2.0382,2.685
19.941000,-1.1441,1.1673,-2.1653,2.713
19.943000,-0.9620,1.2444,-2.2191,2.720
19.945000,-0.7436,1.3194,-2.1688,2.645
19.946000,-0.6043,1.2554,-2.2132,2.615
19.947000,-0.5341,1.1772,-2.2900,2.630
19.948000,-0.3842,1.2432,-2.2078,2.563
19.949000,-0.0572,1.3786,-2.1343,2.541
19.954000,0.2123,1.4444,-2.1847,2.628
19.960000,0.4046,1.4379,-2.2846,2.730
19.964000,0.4599,1.4138,-2.2708,2.714
19.968000,0.5413,1.3966,-2.2484,2.702
19.973000,0.6511,1.4842,-2.1861,2.721
19.977000,0.7914,1.5497,-2.1247,2.746
19.982000,0.9149,1.5981,-2.0164,2.731
19.990000,1.0810,1.6247,-1.8969,2.721
20.000000,1.1988,1.6196,-1.7332,2.658
20.001000,1.3546,1.6381,-1.5424,2.626
20.003000,1.5192,1.6823,-1.3702,2.649
20.074000,1.6715,1.7092,-1.2691,2.707
20.076000,1.7944,1.7571,-1.0670,2.729
20.077000,1.8854,1.7706,-0.9292,2.748
20.077000,2.0119,1.8219,-0.7627,2.819
20.077000,2.1640,1.9228,-0.6158,2.960
20.078000,2.2792,1.9914,-0.5148,3.070
20.078000,2.3435,2.0569,-0.4790,3.155
20.078000,2.3758,2.1334,-0.3961,3.218
20.079000,2.4626,2.1805,-0.3669,3.310
20.079000,2.6109,2.2508,-0.3912,3.469
20.079000,2.7820,2.3081,-0.4473,3.642
20.080000,2.9400,2.4481,-0.4826,3.856
20.080000,3.1016,2.4841,-0.5687,4.014
20.080000,3.3500,2.5139,-0.6001,4.231
20.081000,3.6039,2.5616,-0.6820,4.474
20.087000,3.9106,2.5981,-0.7859,4.760
20.087000,4.1431,2.5945,-0.8921,4.969
20.094000,4.4042,2.5293,-1.0339,5.183
20.097000,4.5597,2.3737,-1.1155,5.260
20.103000,4.6746,2.2189,-1.1609,5.303
20.110000,4.7250,2.0889,-1.1987,5.303
20.113000,4.7375,1.9957,-1.2243,5.284
20.116000,4.6718,1.9013,-1.3358,5.218
20.179000,4.5785,1.7963,-1.4942,5.140
20.180000,4.5635,1.8105,-1.4962,5.132
20.180000,4.6673,1.8122,-1.4690,5.218
20.180000,4.7799,1.6650,-1.6417,5.321
20.181000,4.8988,1.5726,-1.7295,5.428
20.181000,5.0528,1.5563,-1.7446,5.567
20.181000,5.2416,1.4795,-1.7728,5.728
20.182000,5.4623,1.4067,-1.8118,5.924
20.182000,5.6888,1.2231,-1.8609,6.109
20.182000,5.8372,1.0269,-1.8839,6.219
20.183000,6.0558,0.8106,-1.8811,6.393
20.183000,6.2966,0.6414,-1.7619,6.570
20.183000,6.4636,0.4732,-1.6318,6.683
20.187000,6.5187,0.3518,-1.4412,6.685
20.192000,6.5121,0.3078,-1.1239,6.616
20.197000,6.4679,0.3148,-0.8263,6.528
20.201000,6.3742,0.3825,-0.6013,6.414
20.209000,6.1857,0.4988,-0.3627,6.216
20.211000,6.0246,0.6662,-0.1134,6.062
20.216000,5.8887,0.7866,0.1390,5.943
20.221000,5.7704,0.9841,0.3254,5.863
20.289000,5.6076,1.2157,0.4432,5.755
20.290000,5.4459,1.4455,0.5185,5.658
20.291000,5.3235,1.6183,0.5446,5.591
20.291000,5.2090,1.7079,0.5740,5.512
20.291000,5.1671,1.8027,0.5069,5.496
20.292000,5.2095,1.9290,0.4344,5.572
20.292000,5.2764,2.0125,0.3400,5.657
20.292000,5.3575,2.1173,0.2386,5.766
20.293000,5.5197,2.2168,-0.0037,5.948
20.293000,5.7459,2.2557,-0.1707,6.175
20.293000,5.8485,2.1782,-0.2477,6.246
20.294000,5.7637,2.0516,-0.3469,6.128
20.294000,5.5035,1.8998,-0.4345,5.838
20.294000,5.2286,1.7275,-0.6749,5.548
20.296000,5.0281,1.4732,-0.8998,5.316
20.301000,4.6705,1.1565,-1.2233,4.965
20.307000,4.3672,0.9096,-1.4554,4.692
20.310000,4.0665,0.5851,-1.5891,4.405
20.315000,3.8208,0.1925,-1.8150,4.234
20.320000,3.5718,-0.1854,-1.9558,4.076
20.326000,3.4675,-0.4007,-2.0010,4.023
20.330000,3.7022,-0.3429,-1.7786,4.122
20.335000,4.1426,-0.4059,-1.5926,4.457
20.395000,4.5518,-0.5756,-1.4031,4.798
20.396000,4.8482,-0.6181,-0.9661,4.982
20.396000,5.0557,-0.4931,-0.2598,5.086
20.397000,5.2191,-0.5035,0.2524,5.249
20.397000,5.2356,-0.5819,0.5202,5.293
20.397000,5.1249,-0.5770,0.6395,5.197
20.398000,4.9318,-0.5263,0.6606,5.004
20.398000,4.8027,-0.4885,0.5367,4.857
20.398000,4.5501,-0.4175,0.4098,4.588
20.399000,4.2462,-0.3272,0.4952,4.288
20.399000,3.8608,-0.3195,0.4808,3.904
20.399000,3.4888,-0.4170,0.2426,3.522
20.400000,3.0854,-0.4036,-0.0118,3.112
20.406000,2.6129,-0.3695,-0.2084,2.647
20.410000,2.2117,-0.5242,-0.3057,2.293
20.415000,2.3349,-0.7365,-0.5317,2.505
20.420000,2.5528,-0.8842,-0.6578,2.781
20.428000,2.6335,-0.9578,-0.5452,2.855
20.430000,2.0059,-1.1555,-0.2190,2.325
20.434000,0.5726,-1.4276,0.3844,1.585
20.439000,-0.7119,-1.5339,0.8738,1.903
20.498000,-1.2535,-1.5385,1.0196,2.231
20.500000,-1.2613,-1.4708,1.0078,2.184
20.502000,-1.0319,-1.5067,1.1172,2.141
20.503000,-0.9228,-1.8323,1.2478,2.401
20.504000,-0.8906,-2.1455,1.3784,2.701
20.505000,-0.9160,-2.3435,1.5191,2.939
20.506000,-1.0786,-2.4379,1.6607,3.141
20.507000,-1.4064,-2.5833,1.8395,3.469
20.509000,-1.7864,-2.7804,2.0410,3.884
20.511000,-2.0559,-2.9815,2.2105,4.243
20.512000,-2.1841,-3.1370,2.3606,4.493
20.514000,-2.2880,-3.3391,2.4300,4.721
20.515000,-2.4801,-3.5687,2.5129,5.020
20.516000,-2.7192,-3.8316,2.5254,5.334
20.518000,-2.8984,-4.1508,2.4551,5.626
20.519000,-3.0987,-4.4986,2.3762,5.957
20.524000,-3.2675,-4.6991,2.3386,6.183
20.529000,-3.3429,-4.8090,2.1604,6.243
20.535000,-3.2917,-4.8967,2.0212,6.237
20.539000,-3.1668,-4.9715,2.0678,6.247
20.544000,-3.1739,-5.0831,2.2522,6.402
20.548000,-3.2341,-5.2595,2.5500,6.680
20.554000,-3.3452,-5.5044,2.8217,7.032
20.617000,-3.4808,-5.6680,3.0949,7.336
20.618000,-3.5789,-5.7162,3.1456,7.442
20.619000,-3.7761,-5.7921,3.0271,7.548
20.619000,-4.0698,-5.9491,2.9480,7.788
20.620000,-4.4121,-6.1351,2.9899,8.127
20.620000,-4.6450,-6.2862,2.8464,8.318
20.620000,-4.7018,-6.4199,2.6445,8.385
20.621000,-4.6594,-6.5413,2.4758,8.404
20.621000,-4.5658,-6.6773,2.3258,8.417
20.621000,-4.6461,-6.9150,2.1935,8.615
20.622000,-4.6872,-6.9428,2.0765,8.630
20.622000,-4.6822,-7.0483,2.0493,8.706
20.623000,-4.7149,-7.1710,1.9758,8.807
20.625000,-4.6896,-7.2323,1.7961,8.805
20.630000,-3.7791,-6.3481,1.5231,7.543
20.633000,-3.7585,-6.7355,1.1585,7.800
20.647000,-5.0832,-8.4180,1.1111,9.896
20.648000,-6.2091,-9.5479,0.9185,11.426
20.649000,-6.7427,-9.5943,0.9299,11.763
20.653000,-6.7501,-9.0061,0.9245,11.293
20.732000,-6.1585,-8.4779,0.7913,10.508
20.733000,-5.2722,-8.4203,0.7784,9.965
20.735000,-4.6822,-8.6578,1.0393,9.897
20.736000,-4.4548,-8.8781,1.0626,9.990
20.737000,-4.4939,-8.7421,1.2086,9.904
20.739000,-4.6720,-8.4938,1.4717,9.805
20.740000,-4.7883,-8.3098,1.6325,9.729
20.742000,-4.7518,-8.2757,1.6455,9.684
20.743000,-4.5748,-8.2381,1.5503,9.550
20.744000,-4.2619,-8.1974,1.3881,9.343
20.744000,-3.9875,-8.1712,1.2020,9.171
20.745000,-3.7872,-8.1503,1.0274,9.046
20.745000,-3.6344,-8.2232,0.8899,9.034
20.746000,-3.4714,-8.3326,0.6545,9.050
20.746000,-3.3461,-8.3870,0.3254,9.036
20.747000,-3.1723,-8.3915,-0.0364,8.971
20.747000,-3.0409,-8.3541,-0.4196,8.900
20.748000,-2.9230,-8.3056,-0.7856,8.840
20.748000,-2.9000,-8.3256,-1.1207,8.887
20.753000,-2.8833,-8.3273,-1.3489,8.915
20.761000,-2.8992,-8.2967,-1.5266,8.920
20.763000,-2.8855,-8.2461,-1.6149,8.884
20.767000,-2.8710,-8.1413,-1.6623,8.791
20.818000,-2.8796,-7.9920,-1.6247,8.649
20.819000,-2.8468,-7.8420,-1.4824,8.473
20.820000,-2.8156,-7.6450,-1.2882,8.248
20.820000,-2.7909,-7.4331,-1.0133,8.004
20.820000,-2.7916,-7.1768,-0.7065,7.733
20.821000,-2.8654,-6.8549,-0.3753,7.439
20.821000,-2.9142,-6.5322,-0.0440,7.153
20.822000,-2.9952,-6.2578,0.3032,6.944
20.822000,-2.9335,-5.9459,0.6706,6.664
20.822000,-2.8180,-5.6549,0.8878,6.380
20.823000,-2.6626,-5.4935,1.0483,6.194
20.831000,-2.5105,-5.3839,1.1902,6.059
20.832000,-2.2082,-5.2529,1.2848,5.841
20.838000,-1.7728,-5.0633,1.2916,5.518
20.843000,-1.2810,-4.8455,1.2704,5.170
20.847000,-0.8307,-4.7088,1.1832,4.926
20.852000,-0.4341,-4.6808,1.0609,4.819
20.914000,-0.1174,-4.7480,0.8487,4.825
20.915000,0.0841,-4.8031,0.6362,4.846
20.915000,0.2086,-4.7255,0.4853,4.755
20.915000,0.4407,-4.5882,0.4143,4.628
20.915000,0.7301,-4.4618,0.2043,4.526
20.916000,0.9351,-4.3670,-0.0159,4.466
20.916000,1.1282,-4.2710,-0.2149,4.423
20.916000,1.4073,-4.1338,-0.4107,4.386
20.916000,1.6809,-3.9192,-0.6567,4.315
20.917000,1.9156,-3.6982,-0.9144,4.264
20.917000,2.1178,-3.4780,-1.1350,4.227
20.917000,2.2472,-3.2048,-1.2972,4.124
20.917000,2.2315,-2.9134,-1.4761,3.956
20.922000,2.0945,-2.7432,-1.5934,3.802
20.927000,1.9683,-2.4797,-1.6086,3.551
20.931000,1.9002,-2.1237,-1.5703,3.254
20.937000,1.7028,-1.7941,-1.4848,2.885
20.942000,1.4276,-1.5191,-1.4711,2.551
20.946000,1.2319,-1.2377,-1.2892,2.171
20.952000,1.1513,-0.9571,-1.0226,1.813
20.956000,1.1282,-0.6892,-0.6140,1.458
20.967000,1.1120,-0.3745,-0.1499,1.183
20.968000,1.0697,-0.0814,0.1995,1.091
20.971000,1.1539,0.2897,0.4177,1.261
21.038000,1.8801,1.1825,0.2910,2.240
21.039000,1.7672,1.5082,0.5462,2.387
21.039000,0.5168,1.0706,0.7859,1.425
21.040000,-0.4387,0.8006,0.8302,1.234
21.040000,-0.7921,0.7838,0.8161,1.381
21.040000,-0.5484,1.1523,0.8972,1.560
21.041000,-0.0432,1.7188,1.0494,2.014
21.041000,0.4614,2.2424,1.1725,2.572
21.041000,0.7066,2.4714,1.1542,2.818
21.042000,0.6060,2.4578,1.1122,2.765
21.042000,0.3487,2.3575,0.9753,2.575
21.042000,0.0953,2.3812,0.7534,2.499
21.042000,0.0141,2.5037,0.5872,2.572
21.043000,0.0710,2.6218,0.3431,2.645
21.046000,0.1347,2.7264,0.0693,2.731
21.050000,0.1262,2.7289,-0.1359,2.735
21.054000,0.0594,2.6123,-0.2362,2.624
21.061000,-0.0048,2.4664,-0.3466,2.491
21.065000,-0.0306,2.3703,-0.3741,2.400
21.070000,0.0442,2.2615,-0.4142,2.300
21.078000,0.1962,2.2390,-0.4720,2.297
21.081000,0.3457,2.1801,-0.5783,2.282
21.150000,0.5174,2.0736,-0.6302,2.228
21.152000,0.6868,2.0409,-0.6486,2.249
21.156000,0.8736,1.9391,-0.6407,2.221
21.158000,1.1207,1.8493,-0.5875,2.241
21.160000,1.3802,1.7382,-0.4488,2.264
21.162000,1.6563,1.6147,-0.3446,2.339
21.163000,1.9026,1.5829,-0.1195,2.478
21.164000,2.1348,1.5773,0.0725,2.655
21.165000,2.3770,1.7174,0.3197,2.950
21.166000,2.5881,1.8616,0.4733,3.223
21.166000,2.7892,2.0118,0.5787,3.487
21.167000,3.0857,2.1849,0.6696,3.840
21.169000,3.3890,2.3713,0.7794,4.209
21.170000,3.6649,2.5346,0.9123,4.548
21.172000,3.9300,2.6077,0.8885,4.799
21.175000,4.1142,2.6451,0.8541,4.965
21.177000,4.2519,2.6380,0.8113,5.069
21.178000,4.3812,2.6080,0.7960,5.160
21.179000,4.5067,2.5572,0.8198,5.246
21.180000,4.7103,2.5484,0.8086,5.416
21.185000,5.0106,2.5336,0.7428,5.664
21.190000,5.3256,2.5504,0.7277,5.949
21.195000,5.5845,2.5805,0.7013,6.192
21.199000,5.7696,2.5515,0.5633,6.334
21.205000,5.7854,2.4777,0.5459,6.317
21.209000,5.8667,2.3787,0.4364,6.346
21.213000,5.9345,2.2807,0.2542,6.363
21.219000,6.0422,2.1843,0.1432,6.426
21.290000,6.2255,2.1471,0.0603,6.586
21.293000,6.4267,2.1089,-0.0493,6.764
21.294000,6.6246,2.1464,-0.1592,6.965
21.295000,6.8643,2.2858,-0.2451,7.239
21.296000,7.0931,2.4742,-0.2643,7.517
21.298000,7.3345,2.6539,-0.3095,7.806
21.300000,7.5950,2.8196,-0.3499,8.109
21.301000,7.8149,2.9668,-0.3996,8.369
21.303000,8.0104,3.1690,-0.4561,8.627
21.304000,8.0925,3.3519,-0.4955,8.773
21.305000,8.1474,3.4579,-0.4887,8.864
21.305000,8.2778,3.5207,-0.4907,9.009
21.306000,8.4093,3.4730,-0.5324,9.114
21.306000,8.5467,3.2986,-0.4963,9.175
21.309000,8.7331,3.1026,-0.4044,9.277
21.309000,8.9827,2.8757,-0.3339,9.438
21.310000,9.1805,2.6462,-0.3043,9.559
21.310000,9.3835,2.5263,-0.1677,9.719
21.314000,9.4791,2.3963,-0.0376,9.777
21.318000,9.4174,2.2296,-0.0318,9.678
21.325000,9.2634,2.0505,-0.1237,9.488
21.328000,9.0483,1.8661,-0.1861,9.241
21.332000,8.8088,1.6124,-0.2951,8.960
21.337000,8.5209,1.4472,-0.3887,8.652
21.394000,8.1853,1.2727,-0.4858,8.298
21.395000,7.8530,1.1588,-0.5624,7.958
21.395000,7.5144,1.1292,-0.5898,7.622
21.396000,7.2300,1.1437,-0.6324,7.347
21.396000,6.8871,1.2570,-0.5492,7.022
21.396000,6.5748,1.5268,-0.4218,6.763
21.397000,6.2547,1.7974,-0.3604,6.518
21.397000,5.9194,2.0900,-0.3172,6.286
21.398000,5.6095,2.3925,-0.3203,6.107
21.398000,5.3276,2.5617,-0.3836,5.924
21.400000,5.1116,2.6785,-0.4781,5.791
21.401000,5.0212,2.7719,-0.6557,5.773
21.404000,4.9654,2.7893,-0.8676,5.761
21.407000,4.9674,2.6749,-1.0803,5.744
21.413000,4.8790,2.4915,-1.3280,5.637
21.418000,4.7524,2.2887,-1.4794,5.478
21.427000,4.6288,2.0094,-1.6462,5.308
21.428000,4.6092,1.6400,-1.7634,5.200
21.432000,4.5542,1.2805,-1.7971,5.061
21.436000,4.5219,0.9122,-1.8477,4.969
21.491000,4.4314,0.5786,-1.9148,4.862
21.492000,4.3276,0.2241,-1.9339,4.745
21.493000,4.1664,-0.1742,-1.9978,4.624
21.493000,4.0479,-0.5734,-2.0536,4.575
21.493000,3.9660,-0.9319,-2.0604,4.565
21.494000,3.9114,-1.2038,-2.0256,4.566
21.494000,3.9362,-1.4210,-2.0467,4.659
21.496000,3.9380,-1.6023,-1.9540,4.679
21.496000,3.9270,-1.7470,-1.7890,4.656
21.497000,3.8905,-1.7821,-1.6139,4.573
21.497000,3.8388,-1.7667,-1.3030,4.422
21.498000,3.7689,-1.7113,-1.0047,4.259
21.502000,3.6597,-1.5464,-0.6676,4.029
21.507000,3.5975,-1.3388,-0.4055,3.860
21.511000,3.5789,-1.1519,-0.1679,3.763
21.516000,3.4416,-0.9831,0.0256,3.579
21.521000,3.3365,-0.7461,0.5131,3.457
21.527000,3.2120,-0.5358,0.7220,3.335
21.531000,3.0879,-0.3946,0.8398,3.224
21.535000,2.9418,-0.2807,1.0396,3.133
21.580000,2.7499,-0.2318,1.2169,3.016
21.583000,2.5341,-0.2427,1.3848,2.898
21.584000,2.3462,-0.2260,1.5628,2.828
21.585000,2.1673,-0.2151,1.7596,2.800
21.586000,1.9472,-0.2332,1.9407,2.759
21.589000,1.7404,-0.2744,2.1021,2.743
21.590000,1.4927,-0.3351,2.2934,2.757
21.591000,1.2417,-0.4810,2.4004,2.745
21.592000,1.0097,-0.6177,2.5522,2.813
21.593000,0.7804,-0.7324,2.6200,2.830
21.593000,0.5005,-0.8983,2.6711,2.862
21.599000,0.2641,-1.0930,2.6219,2.853
21.602000,0.0022,-1.2986,2.5500,2.862
21.611000,-0.2545,-1.4783,2.4395,2.864
21.613000,-0.5026,-1.6974,2.3336,2.929
21.616000,-0.7380,-1.8710,2.2618,3.027
21.621000,-0.9816,-2.0604,2.1268,3.120
21.674000,-1.2353,-2.2552,1.9987,3.257
21.676000,-1.4732,-2.4328,1.8784,3.408
21.676000,-1.6921,-2.6608,1.7663,3.614
21.677000,-1.9260,-2.9043,1.6844,3.871
21.677000,-2.0357,-3.1220,1.5995,4.056
21.677000,-2.1434,-3.3090,1.5026,4.219
21.678000,-2.2225,-3.5341,1.4774,4.429
21.679000,-2.3621,-3.7795,1.4568,4.689
21.679000,-2.4992,-3.9836,1.4722,4.928
21.680000,-2.6462,-4.2078,1.4713,5.184
21.680000,-2.8268,-4.4248,1.5452,5.473
21.680000,-2.9784,-4.6190,1.6194,5.730
21.685000,-3.1183,-4.7564,1.7275,5.944
21.690000,-3.2771,-4.9067,1.8116,6.172
21.695000,-3.4143,-5.0899,1.8743,6.409
21.701000,-3.5324,-5.2264,1.9560,6.604
21.706000,-3.6435,-5.3553,2.0327,6.789
21.712000,-3.7042,-5.5301,2.0727,6.971
21.716000,-3.6959,-5.6732,2.0743,7.082
21.719000,-3.7262,-5.8821,2.0560,7.260
21.766000,-3.7855,-6.0967,2.1225,7.484
21.767000,-3.8739,-6.2930,2.1894,7.707
21.768000,-3.9867,-6.5106,2.1626,7.935
21.768000,-4.0738,-6.7174,2.1137,8.135
21.769000,-4.1664,-6.8431,2.0853,8.279
21.769000,-4.3028,-7.0352,2.0839,8.506
21.769000,-4.4642,-7.2438,2.0732,8.758
21.769000,-4.5835,-7.4878,2.0862,9.024
21.770000,-4.7234,-7.7027,2.0483,9.265
21.770000,-4.8480,-7.8717,2.0040,9.460
21.774000,-4.9576,-8.1120,1.7927,9.675
21.779000,-5.1264,-8.3051,1.7759,9.920
21.783000,-5.2877,-8.5279,1.7518,10.186
21.789000,-5.4225,-8.7673,1.6460,10.439
21.794000,-5.4902,-8.9560,1.5305,10.616
21.801000,-5.5938,-9.1148,1.4963,10.799
21.805000,-5.7121,-9.1913,1.4666,10.921
21.810000,-5.8353,-9.2477,1.4274,11.028
21.815000,-5.9899,-9.2188,1.3957,11.082
21.820000,-6.1782,-9.1579,1.4504,11.142
21.824000,-6.3381,-9.0975,1.4224,11.179
21.829000,-6.4720,-9.0859,1.3499,11.237
21.833000,-6.5799,-9.0531,1.3103,11.268
21.885000,-6.6713,-9.0727,1.3476,11.342
21.886000,-6.6888,-9.0924,1.3375,11.367
21.886000,-6.6229,-9.1021,1.2977,11.331
21.887000,-6.5691,-9.1758,1.2486,11.354
21.887000,-6.4630,-9.2681,1.2573,11.369
21.888000,-6.2613,-9.3406,1.2526,11.315
21.888000,-6.0335,-9.3839,1.2083,11.221
21.889000,-5.7940,-9.3720,1.1320,11.076
21.889000,-5.5833,-9.2648,1.0674,10.870
21.889000,-5.4012,-9.1989,1.0623,10.720
21.890000,-5.2213,-9.1341,1.0288,10.571
21.896000,-5.0507,-9.0031,1.0743,10.379
21.898000,-4.8462,-8.8923,1.0842,10.185
21.903000,-4.6509,-8.7092,1.1542,9.940
21.909000,-4.3905,-8.5848,1.2867,9.728
21.914000,-4.0985,-8.4074,1.3951,9.457
21.919000,-3.8299,-8.2279,1.5174,9.202
21.928000,-3.6036,-8.0478,1.5860,8.959
21.930000,-3.4890,-7.8801,1.7437,8.793
21.933000,-3.4094,-7.6370,1.8892,8.574
21.938000,-3.4171,-7.3270,1.9957,8.327
21.975000,-3.4715,-6.9416,2.1348,8.050
21.976000,-3.4765,-6.5847,2.2726,7.785
21.976000,-3.4178,-6.1994,2.3951,7.473
21.976000,-3.2809,-5.8394,2.4692,7.139
21.977000,-3.0537,-5.4936,2.4543,6.747
21.977000,-2.7314,-5.1440,2.4038,6.301
21.977000,-2.3380,-4.8137,2.3280,5.836
21.977000,-1.8209,-4.5712,2.2579,5.414
21.983000,-1.3238,-4.4568,2.1434,5.120
21.988000,-0.8178,-4.3452,1.9246,4.822
21.993000,-0.2793,-4.2976,1.6803,4.623
21.998000,0.1240,-4.2794,1.4414,4.517
22.003000,0.4523,-4.2417,1.1692,4.423
22.008000,0.7533,-4.2573,0.9137,4.419
22.013000,1.0149,-4.2719,0.6319,4.436
22.018000,1.2804,-4.3174,0.2808,4.512
22.022000,1.5236,-4.3588,0.0264,4.617
22.028000,1.7608,-4.3991,-0.1860,4.742
22.036000,1.9615,-4.3892,-0.4686,4.830
22.039000,2.1444,-4.3378,-0.7060,4.890
22.042000,2.2477,-4.2126,-0.9074,4.860
22.048000,2.3240,-4.0934,-0.9989,4.812
22.052000,2.3800,-3.9045,-1.1336,4.711
22.097000,2.4162,-3.6828,-1.2419,4.576
22.097000,2.4345,-3.4659,-1.2427,4.414
22.098000,2.4019,-3.1998,-1.1890,4.174
22.098000,2.2917,-2.8949,-1.1289,3.861
22.098000,2.2328,-2.6047,-1.0078,3.576
22.099000,2.0799,-2.3012,-0.7982,3.203
22.099000,2.0095,-2.0257,-0.5629,2.908
22.099000,1.8802,-1.6975,-0.2911,2.550
22.100000,1.7621,-1.3988,-0.0333,2.250
22.103000,1.7048,-1.0371,0.2221,2.008
22.107000,1.6387,-0.7136,0.4747,1.849
22.112000,1.5906,-0.3766,0.6716,1.767
22.117000,1.5884,-0.0634,0.8175,1.788
22.122000,1.6423,0.2367,0.9578,1.916
22.128000,1.7038,0.5158,1.0302,2.057
22.133000,1.7603,0.7346,1.1139,2.209
22.137000,1.8890,0.9877,1.2565,2.474
22.145000,2.0338,1.2495,1.3003,2.718
22.150000,2.1593,1.5042,1.2929,2.932
22.151000,2.1715,1.7819,1.3044,3.097
22.157000,2.1038,2.0056,1.2804,3.176
22.165000,2.1001,2.2408,1.1828,3.291
22.166000,2.0834,2.3815,1.0892,3.346
22.171000,2.0686,2.5292,0.9611,3.406
22.232000,2.0646,2.6234,0.7847,3.429
22.233000,2.0406,2.6454,0.6108,3.396
22.234000,2.0081,2.7096,0.3796,3.394
22.234000,1.9774,2.7286,0.1750,3.374
22.235000,2.0267,2.8140,-0.0625,3.468
22.235000,2.0657,2.9091,-0.2634,3.578
22.236000,2.0508,2.9776,-0.4850,3.648
22.236000,1.9890,2.9237,-0.6955,3.604
22.237000,1.9814,2.8869,-0.9189,3.620
22.237000,1.9322,2.8601,-1.0996,3.623
22.239000,1.9273,2.7761,-1.1634,3.574
22.241000,1.9531,2.6767,-1.2972,3.558
22.242000,1.9733,2.5471,-1.4001,3.513
22.243000,1.9696,2.4026,-1.4488,3.428
22.246000,1.9489,2.3363,-1.5294,3.405
22.252000,1.9902,2.3002,-1.5675,3.422
22.258000,2.0270,2.3045,-1.5732,3.449
22.261000,2.0544,2.3276,-1.4626,3.432
22.266000,2.0866,2.3238,-1.3889,3.418
22.270000,2.1746,2.3345,-1.1827,3.403
22.307000,2.3105,2.3544,-0.9474,3.432
22.308000,2.5114,2.4437,-0.7764,3.589
22.309000,2.7264,2.5035,-0.5788,3.746
22.309000,2.9606,2.6467,-0.4215,3.993
22.309000,3.1991,2.7101,-0.2643,4.201
22.309000,3.4726,2.7508,-0.1027,4.431
22.310000,3.7809,2.8166,-0.0183,4.715
22.310000,4.0376,2.9025,0.0147,4.973
22.316000,4.1737,2.9967,0.0225,5.138
22.321000,4.2603,3.1320,-0.0597,5.288
22.325000,4.4098,3.1363,-0.0999,5.412
22.330000,4.5597,3.2224,-0.1270,5.585
22.335000,4.6650,3.2159,-0.2370,5.671
22.340000,4.7495,3.1671,-0.3625,5.720
22.345000,4.8342,3.1163,-0.4479,5.769
22.349000,4.8958,3.0139,-0.5485,5.775
22.355000,4.9125,2.9242,-0.6253,5.751
22.360000,4.9042,2.7665,-0.7166,5.676
22.365000,4.9448,2.5504,-0.7813,5.618
22.369000,5.0324,2.3696,-0.8859,5.632
22.374000,5.2175,2.1765,-0.9634,5.735
22.379000,5.4901,2.0762,-1.0208,5.958
22.385000,5.7543,2.0159,-1.0577,6.188
22.393000,5.9791,1.9859,-1.0868,6.393
22.402000,6.0901,1.9526,-1.1368,6.496
22.403000,6.1856,1.9902,-1.1835,6.605
22.404000,6.3445,2.0675,-1.1674,6.774
22.446000,6.4325,2.1627,-1.1816,6.888
22.447000,6.5241,2.2999,-1.2619,7.032
22.447000,6.5974,2.3975,-1.3316,7.145
22.448000,6.6857,2.4460,-1.2948,7.236
22.448000,6.8609,2.5243,-1.2497,7.417
22.448000,7.0702,2.5344,-1.2656,7.617
22.449000,7.3249,2.4521,-1.2322,7.822
22.449000,7.5795,2.3275,-1.1404,8.010
22.450000,7.8386,2.1965,-1.0840,8.212
22.454000,8.0637,2.0685,-0.9558,8.379
22.460000,8.2260,1.9410,-0.8377,8.493
22.464000,8.3446,1.8519,-0.7253,8.578
22.469000,8.3954,1.8156,-0.5804,8.609
22.474000,8.4360,1.7531,-0.4276,8.627
22.480000,8.3899,1.6499,-0.4129,8.561
22.483000,8.2668,1.5134,-0.4002,8.414
22.489000,8.1724,1.3534,-0.5519,8.302
22.525000,8.0446,1.2177,-0.6525,8.162
22.526000,7.8766,1.0900,-0.7662,7.989
22.526000,7.7645,1.0611,-0.9457,7.894
22.527000,7.6456,1.0687,-1.1639,7.807
22.527000,7.4626,1.1222,-1.4058,7.676
22.527000,7.2805,1.2530,-1.5130,7.541
22.528000,6.9960,1.3672,-1.5406,7.293
22.529000,6.6456,1.5585,-1.5147,6.992
22.533000,6.3462,1.7669,-1.4430,6.744
22.540000,6.0239,2.0640,-1.4331,6.527
22.545000,5.6719,2.3689,-1.4940,6.326
22.549000,5.4093,2.6594,-1.5060,6.213
22.554000,5.1761,2.8590,-1.5500,6.113
22.561000,4.9988,2.9992,-1.6785,6.066
22.565000,4.8937,3.0172,-1.7524,6.010
22.570000,4.8110,3.0072,-1.8554,5.969
22.575000,4.7571,2.9011,-1.9828,5.914
22.579000,4.6820,2.7785,-2.1314,5.847
22.583000,4.6123,2.6370,-2.2106,5.754
22.588000,4.5119,2.3928,-2.2584,5.584
22.651000,4.3687,2.1196,-2.3268,5.384
22.652000,4.2118,1.8157,-2.3560,5.156
22.652000,4.1016,1.4526,-2.3314,4.936
22.652000,4.0051,1.0812,-2.3153,4.751
22.653000,3.9481,0.7057,-2.3150,4.631
22.653000,3.8425,0.3265,-2.2941,4.487
22.653000,3.7109,0.0042,-2.1836,4.306
22.654000,3.5715,-0.2381,-2.1125,4.156
22.654000,3.4540,-0.5315,-2.1139,4.084
22.655000,3.3612,-0.7938,-2.1232,4.054
22.655000,3.2208,-1.0067,-2.0275,3.937
22.655000,3.1295,-1.2195,-1.8944,3.856
22.656000,3.0222,-1.3418,-1.8162,3.773
22.662000,2.9639,-1.4549,-1.7098,3.718
22.663000,2.9309,-1.5558,-1.5757,3.673
22.669000,2.8342,-1.6073,-1.3992,3.546
22.675000,2.7507,-1.5683,-1.1119,3.356
22.677000,2.6617,-1.5055,-0.8679,3.179
22.684000,2.5354,-1.3960,-0.6072,2.957
22.688000,2.4103,-1.2684,-0.3618,2.748
22.693000,2.3273,-1.1654,-0.1447,2.607
22.697000,2.2665,-1.0331,0.0733,2.492
22.702000,2.2306,-0.9259,0.3073,2.435
22.769000,2.1375,-0.8498,0.5121,2.357
22.770000,2.0041,-0.8094,0.6602,2.260
22.770000,1.8737,-0.7993,0.8559,2.210
22.770000,1.7505,-0.8110,1.0590,2.201
22.771000,1.5967,-0.8435,1.3469,2.253
22.771000,1.4428,-0.9050,1.5500,2.303
22.771000,1.2723,-0.8920,1.7486,2.339
22.772000,1.1858,-0.8952,1.9565,2.457
22.772000,1.0677,-0.9085,2.0879,2.515
22.772000,0.9279,-0.9484,2.2648,2.625
22.773000,0.7882,-0.9951,2.3916,2.708
22.773000,0.5787,-1.0690,2.5289,2.806
22.773000,0.4459,-1.1765,2.5929,2.882
22.774000,0.2992,-1.3408,2.6992,3.029
22.780000,0.1930,-1.5202,2.7642,3.161
22.783000,0.0348,-1.7513,2.7353,3.248
22.788000,-0.1635,-1.9680,2.7257,3.366
22.793000,-0.3232,-2.1589,2.7093,3.479
22.798000,-0.5466,-2.3136,2.6343,3.548
22.801000,-0.7398,-2.4910,2.6109,3.684
22.808000,-0.8984,-2.7275,2.5269,3.825
22.813000,-1.1107,-2.9489,2.4306,3.980
22.816000,-1.3122,-3.1989,2.4013,4.210
22.821000,-1.4547,-3.4142,2.3048,4.369
22.874000,-1.6119,-3.6251,2.2421,4.557
22.875000,-1.7819,-3.8927,2.2661,4.844
22.875000,-2.0098,-4.1586,2.2952,5.158
22.875000,-2.2186,-4.4216,2.4013,5.499
22.876000,-2.4254,-4.6520,2.4310,5.782
22.876000,-2.6086,-4.8296,2.5180,6.039
22.876000,-2.8228,-5.0392,2.6598,6.359
22.877000,-3.0230,-5.2107,2.7847,6.637
22.877000,-3.2497,-5.3859,2.9373,6.942
22.878000,-3.4503,-5.5502,3.0556,7.214
22.878000,-3.6511,-5.7079,3.1967,7.492
22.882000,-3.8307,-5.8660,3.3748,7.776
22.887000,-4.0224,-5.9757,3.4055,7.968
22.891000,-4.1979,-6.1006,3.4117,8.153
22.896000,-4.3380,-6.1942,3.4411,8.308
22.901000,-4.4976,-6.2773,3.4197,8.445
22.906000,-4.6963,-6.3561,3.4210,8.611
22.911000,-4.8311,-6.4866,3.2078,8.701
22.915000,-4.9956,-6.5717,3.0391,8.797
22.920000,-5.1395,-6.6420,2.8525,8.869
22.968000,-5.2678,-6.7953,2.6977,9.011
22.969000,-5.4285,-6.9710,2.4673,9.173
22.969000,-5.5113,-7.1719,2.2696,9.325
22.969000,-5.5741,-7.4125,2.1618,9.523
22.970000,-5.6026,-7.7015,2.0520,9.742
22.970000,-5.6616,-8.0050,1.9664,10.000
22.970000,-5.7153,-8.2624,1.8615,10.217
22.971000,-5.8620,-8.4769,1.7297,10.450
22.971000,-6.0107,-8.6311,1.6046,10.639
22.972000,-6.2045,-8.7886,1.4386,10.854
22.978000,-6.4051,-8.9211,1.2895,11.058
22.981000,-6.6031,-9.0275,1.1986,11.249
22.987000,-6.7913,-9.0314,1.1728,11.361
22.990000,-6.9482,-9.0281,1.1473,11.450
22.995000,-7.0526,-9.0745,1.0792,11.543
23.000000,-7.1332,-9.0894,1.0141,11.599
23.007000,-7.2377,-9.1485,1.0072,11.709
23.010000,-7.2539,-9.1606,1.0470,11.732
23.016000,-7.1986,-9.1831,1.0807,11.718
23.021000,-7.0692,-9.1658,1.0378,11.622
23.026000,-6.8419,-9.1061,1.0260,11.436
23.031000,-6.5861,-9.0952,0.9507,11.270
23.035000,-6.2369,-9.0666,0.8561,11.038
23.042000,-5.8160,-8.9774,0.7303,10.722
23.045000,-5.3448,-8.8309,0.6625,10.344
23.050000,-4.9477,-8.7096,0.5999,10.035
23.054000,-4.5838,-8.5441,0.5780,9.713
23.084000,-4.2745,-8.4524,0.5084,9.485
23.085000,-3.9767,-8.3992,0.4460,9.304
23.085000,-3.6998,-8.3074,0.3999,9.103
23.085000,-3.4486,-8.2261,0.3675,8.927
23.086000,-3.2420,-8.1257,0.5224,8.764
23.086000,-3.0083,-7.9328,0.7537,8.517
23.095000,-2.7739,-7.7104,0.8644,8.240
23.095000,-2.6271,-7.4726,1.0339,7.988
23.100000,-2.5676,-7.2522,1.2376,7.792
23.104000,-2.5474,-7.0189,1.4328,7.603
23.111000,-2.5019,-6.6718,1.6265,7.309
23.114000,-2.4978,-6.2695,1.7849,6.981
23.120000,-2.5111,-5.8681,1.9271,6.667
23.127000,-2.4651,-5.4659,2.0512,6.337
23.131000,-2.3478,-5.1283,2.1288,6.029
23.134000,-2.1517,-4.8300,2.1649,5.714
23.189000,-1.8844,-4.5751,2.1532,5.396
23.190000,-1.5623,-4.3604,2.1132,5.091
23.191000,-1.1544,-4.1749,2.0336,4.785
23.191000,-0.7639,-4.0250,1.8980,4.515
23.191000,-0.4408,-3.9069,1.7665,4.310
23.192000,-0.0510,-3.8433,1.6250,4.173
23.192000,0.3307,-3.7490,1.5193,4.059
23.192000,0.7360,-3.6181,1.3984,3.948
23.193000,1.1046,-3.5454,1.1526,3.888
23.193000,1.4816,-3.5293,0.8108,3.913
23.193000,1.7811,-3.5429,0.5668,4.006
23.194000,1.9963,-3.5138,0.2771,4.051
23.199000,2.2560,-3.4261,0.0012,4.102
23.204000,2.4787,-3.3807,-0.2727,4.201
23.210000,2.6760,-3.2327,-0.5590,4.234
23.215000,2.8173,-3.0979,-0.8005,4.263
23.220000,2.9597,-2.9318,-1.0862,4.305
23.224000,3.0692,-2.7376,-1.2440,4.297
23.230000,3.2249,-2.4979,-1.3387,4.293
23.233000,3.2898,-2.2214,-1.4454,4.225
23.238000,3.2403,-1.9477,-1.5810,4.098
23.245000,3.1814,-1.6730,-1.5469,3.913
23.248000,3.0192,-1.4049,-1.4826,3.645
23.253000,2.8288,-1.1704,-1.3048,3.328
23.313000,2.5955,-0.9677,-1.0686,2.969
23.313000,2.4172,-0.7895,-0.8224,2.673
23.314000,2.2541,-0.5865,-0.5191,2.386
23.314000,2.1412,-0.3239,-0.1708,2.172
23.315000,2.0195,-0.0315,0.0979,2.022
23.315000,1.9461,0.2472,0.3804,1.998
23.315000,1.8969,0.5216,0.5788,2.051
23.315000,1.8568,0.8027,0.7606,2.161
23.316000,1.8487,1.0972,0.9614,2.355
23.316000,1.8933,1.2870,1.0934,2.537
23.316000,1.9523,1.5084,1.1467,2.721
23.317000,2.0229,1.6775,1.1361,2.863
23.318000,2.0952,1.8582,1.0068,2.976
23.324000,2.1145,2.0511,0.9500,3.095
23.329000,2.1159,2.2528,0.8111,3.195
23.333000,2.0783,2.4664,0.6187,3.284
23.338000,2.0062,2.5741,0.4333,3.292
23.344000,1.8732,2.7147,0.2655,3.309
23.347000,1.7780,2.8651,0.1461,3.375
23.353000,1.6840,3.0007,0.0133,3.441
23.358000,1.5915,3.0694,-0.1639,3.461
23.362000,1.5083,3.0671,-0.3257,3.433
23.367000,1.4316,3.0175,-0.4934,3.376
23.429000,1.4477,2.9977,-0.6574,3.393
23.430000,1.4947,2.9098,-0.7796,3.363
23.430000,1.5145,2.9112,-0.8840,3.399
23.430000,1.5555,2.8996,-1.0067,3.441
23.430000,1.5364,2.8535,-1.1478,3.438
23.431000,1.4784,2.8205,-1.2424,3.418
23.431000,1.4424,2.7609,-1.2423,3.354
23.431000,1.4806,2.7150,-1.2265,3.327
23.432000,1.5770,2.6838,-1.2191,3.343
23.432000,1.7597,2.6596,-1.1411,3.387
23.432000,2.0381,2.6494,-1.1002,3.519
23.433000,2.2978,2.6249,-1.0204,3.635
23.433000,2.5406,2.6526,-0.9690,3.799
23.438000,2.7492,2.7248,-0.9174,3.978
23.443000,2.9552,2.7700,-0.9016,4.150
23.447000,3.1340,2.9072,-0.8974,4.368
23.452000,3.2932,3.0459,-0.8046,4.557
23.459000,3.4372,3.1929,-0.6902,4.742
23.462000,3.5775,3.3094,-0.6666,4.919
23.466000,3.7336,3.4319,-0.6355,5.111
23.471000,3.8811,3.4498,-0.5969,5.227
23.517000,4.0077,3.5354,-0.5341,5.371
23.518000,4.1881,3.5932,-0.4811,5.539
23.519000,4.4070,3.6681,-0.3470,5.744
23.519000,4.5645,3.7366,-0.3760,5.911
23.519000,4.6386,3.7220,-0.4057,5.961
23.519000,4.7225,3.6574,-0.4384,5.989
23.520000,4.8070,3.5651,-0.5289,6.008
23.520000,4.8919,3.4352,-0.5908,6.007
23.520000,4.9683,3.2326,-0.6914,5.968
23.522000,5.0959,3.0219,-0.7731,5.975
23.528000,5.1336,2.7743,-0.8405,5.896
23.532000,5.1490,2.5621,-0.9199,5.824
23.537000,5.2306,2.3616,-0.9776,5.822
23.544000,5.3595,2.1536,-0.9702,5.857
23.547000,5.5671,2.0509,-0.9868,6.014
23.552000,5.9560,1.9936,-1.0100,6.361
23.558000,6.3531,2.0216,-1.1260,6.761
23.562000,6.7272,2.0154,-1.2029,7.125
23.566000,7.0444,2.0079,-1.1688,7.418
23.571000,7.3092,1.9416,-1.2990,7.673
23.625000,7.5025,1.9482,-1.3875,7.875
23.626000,7.7150,2.0225,-1.5175,8.119
23.627000,7.8534,2.1214,-1.5812,8.287
23.627000,7.9870,2.2137,-1.6217,8.445
23.627000,8.1492,2.2851,-1.7014,8.633
23.628000,8.3325,2.3139,-1.7624,8.826
23.628000,8.5991,2.2594,-1.8046,9.072
23.629000,8.8195,2.1456,-1.7803,9.250
23.629000,8.9841,2.0345,-1.7376,9.374
23.629000,9.1336,1.8614,-1.6362,9.464
23.630000,9.2343,1.7365,-1.5654,9.526
23.632000,9.2913,1.5855,-1.4630,9.539
23.636000,9.2980,1.4709,-1.2391,9.495
23.640000,9.2944,1.3971,-1.0875,9.462
23.646000,9.3335,1.3928,-0.9708,9.487
23.650000,9.3697,1.3119,-0.8916,9.503
23.657000,9.3765,1.2620,-0.8234,9.497
23.661000,9.2990,1.2311,-0.7518,9.410
23.665000,9.1416,1.2019,-0.7226,9.249
23.670000,8.9335,1.2583,-0.6689,9.046
23.675000,8.6102,1.2950,-0.6435,8.731
23.680000,8.2292,1.4170,-0.6913,8.379
23.685000,7.7814,1.6247,-0.6802,7.978
23.692000,7.2883,1.8147,-0.6605,7.540
23.695000,6.8268,2.0687,-0.5940,7.158
23.699000,6.3638,2.3246,-0.6570,6.807
23.704000,5.9514,2.5748,-0.6867,6.521
23.772000,5.6209,2.7357,-0.7493,6.296
23.774000,5.3582,2.7911,-0.8204,6.097
23.775000,5.1102,2.7523,-0.9405,5.880
23.775000,4.9754,2.6415,-1.0541,5.731
23.776000,4.8143,2.4485,-1.1609,5.525
23.776000,4.6871,2.1926,-1.2013,5.312
23.777000,4.5441,1.8911,-1.2543,5.079
23.777000,4.3079,1.5957,-1.2481,4.760
23.777000,4.0632,1.2375,-1.2874,4.438
23.778000,3.7677,0.8799,-1.1977,4.050
23.778000,3.4880,0.5219,-1.1847,3.720
23.779000,3.2445,0.0932,-1.1959,3.459
23.779000,3.0080,-0.3182,-1.1591,3.239
23.779000,2.7888,-0.7784,-1.1224,3.105
23.780000,2.5711,-1.2074,-1.0310,3.022
23.785000,2.3375,-1.5297,-1.0120,2.971
23.792000,2.0556,-1.8061,-0.9886,2.909
23.795000,1.7536,-2.0325,-0.9505,2.848
23.800000,1.5279,-2.2035,-0.8597,2.816
23.804000,1.2589,-2.3354,-0.8046,2.772
23.809000,1.0238,-2.4134,-0.7705,2.732
23.814000,0.8126,-2.4662,-0.7073,2.691
23.819000,0.5486,-2.5016,-0.5886,2.628
23.869000,0.3231,-2.4712,-0.4815,2.538
23.871000,0.1553,-2.4416,-0.4035,2.480
23.873000,0.0478,-2.3167,-0.3168,2.339
23.875000,-0.1463,-2.2079,-0.2351,2.225
23.875000,-0.3426,-2.0546,-0.0061,2.083
23.877000,-0.5076,-1.8733,0.0653,1.942
23.878000,-0.6300,-1.7247,0.1737,1.844
23.880000,-0.6544,-1.5818,0.3356,1.744
23.880000,-0.7013,-1.4169,0.4818,1.653
23.882000,-0.6939,-1.2850,0.6549,1.600
23.883000,-0.6394,-1.1616,0.7634,1.530
23.884000,-0.5553,-1.0648,0.8771,1.487
23.884000,-0.5445,-0.9372,1.0024,1.476
23.889000,-0.6018,-0.8498,1.0713,1.494
23.895000,-0.6418,-0.7728,1.0751,1.471
23.899000,-0.6575,-0.6899,1.0713,1.434
23.905000,-0.6581,-0.5979,1.1809,1.478
23.912000,-0.6634,-0.5817,1.2367,1.519
23.914000,-0.6469,-0.6120,1.3174,1.590
23.918000,-0.6158,-0.5860,1.3841,1.624
23.974000,-0.6711,-0.6053,1.3964,1.663
23.978000,-0.6903,-0.5996,1.4160,1.686
23.980000,-0.7555,-0.6472,1.4127,1.728
23.981000,-0.8419,-0.6819,1.4578,1.816
23.983000,-0.8998,-0.7691,1.4724,1.889
23.983000,-0.9598,-0.8794,1.5211,2.002
23.984000,-1.0724,-1.0302,1.5181,2.125
23.986000,-1.1993,-1.1689,1.5635,2.291
23.986000,-1.2951,-1.3630,1.5932,2.464
23.991000,-1.4457,-1.5448,1.6597,2.689
23.993000,-1.5717,-1.7327,1.7222,2.905
23.994000,-1.7143,-1.8945,1.7666,3.106
23.995000,-1.8393,-2.1219,1.8623,3.370
23.995000,-1.9901,-2.3658,1.9712,3.667
23.996000,-2.0755,-2.6206,2.0049,3.898
23.998000,-2.2389,-2.8166,2.1476,4.190
24.005000,-2.3991,-2.9493,2.2650,4.425
24.019000,-2.5200,-3.1670,2.3017,4.656
24.021000,-2.6447,-3.3639,2.3970,4.905
24.023000,-2.7920,-3.5322,2.4815,5.141
24.023000,-2.9025,-3.7688,2.6175,5.429
24.067000,-3.0524,-3.9864,2.7065,5.704
24.067000,-3.1123,-4.2273,2.7750,5.938
24.068000,-3.2645,-4.4544,2.8423,6.211
24.068000,-3.3843,-4.6860,2.8868,6.461
24.068000,-3.5025,-4.9857,2.8512,6.727
24.069000,-3.6242,-5.2565,2.8747,7.002
24.069000,-3.7516,-5.5444,2.8996,7.295
24.069000,-3.9231,-5.8504,2.9494,7.637
24.070000,-4.0716,-6.1543,2.9091,7.932
24.072000,-4.2091,-6.4574,2.9009,8.236
24.077000,-4.2999,-6.7105,2.8486,8.464
24.083000,-4.4132,-6.9820,2.8361,8.733
24.088000,-4.5036,-7.3019,2.7848,9.020
24.096000,-4.5904,-7.6353,2.6494,9.295
24.097000,-4.7573,-7.9232,2.7362,9.638
24.103000,-4.8537,-8.1949,2.7215,9.906
24.108000,-4.9634,-8.3896,2.6414,10.099
24.113000,-5.1081,-8.5825,2.5269,10.302
24.117000,-5.2758,-8.6605,2.4980,10.444
24.122000,-5.4594,-8.7445,2.4303,10.591
24.177000,-5.7236,-8.7526,2.3449,10.718
24.178000,-5.9393,-8.7491,2.3613,10.835
24.179000,-6.0971,-8.7739,2.3708,10.944
24.179000,-6.1543,-8.8000,2.3783,10.999
24.179000,-6.1947,-8.7993,2.3903,11.023
24.180000,-6.2208,-8.7039,2.3969,10.964
24.180000,-6.2136,-8.6220,2.3790,10.891
24.180000,-6.1755,-8.5633,2.2485,10.795
24.181000,-6.0753,-8.5182,2.0757,10.667
24.181000,-5.8723,-8.4148,2.0261,10.459
24.182000,-5.5713,-8.3586,1.8849,10.220
24.182000,-5.2010,-8.2257,1.7075,9.881
24.187000,-4.7232,-8.0933,1.5087,9.491
24.193000,-4.3698,-7.9100,1.3945,9.144
24.197000,-4.0522,-7.7434,1.3192,8.839
24.201000,-3.8228,-7.6420,1.2663,8.638
24.206000,-3.6648,-7.5608,1.2262,8.491
24.211000,-3.5374,-7.4467,1.2132,8.333
24.216000,-3.3998,-7.3936,1.2395,8.232
24.221000,-3.2208,-7.2908,1.2020,8.061
24.226000,-3.0172,-7.2823,1.1942,7.973
24.230000,-2.8273,-7.2705,1.2613,7.902
24.237000,-2.6725,-7.2024,1.4695,7.822
24.289000,-2.6651,-7.0012,1.6483,7.670
24.291000,-2.7212,-6.7462,1.7992,7.494
24.292000,-2.8120,-6.4227,1.9292,7.272
24.295000,-2.8608,-5.9995,2.0861,6.966
24.297000,-2.8363,-5.6184,2.1842,6.662
24.298000,-2.7647,-5.3020,2.2160,6.377
24.301000,-2.5982,-5.0038,2.2374,6.066
24.302000,-2.3248,-4.7779,2.2170,5.757
24.303000,-2.0091,-4.5632,2.0574,5.394
24.306000,-1.6537,-4.3990,1.9026,5.070
24.307000,-1.3061,-4.2463,1.7481,4.774
24.309000,-0.8924,-4.0879,1.5155,4.450
24.310000,-0.4461,-4.0259,1.3146,4.258
24.312000,-0.0011,-4.0285,1.0716,4.169
24.313000,0.3951,-4.0255,0.8628,4.136
24.318000,0.7997,-4.0418,0.7053,4.180
24.329000,1.2508,-3.9678,0.5038,4.191
24.330000,1.6619,-3.8360,0.3762,4.197
24.331000,2.0429,-3.7150,0.2029,4.244
24.336000,2.3192,-3.6106,-0.0007,4.291
24.345000,2.5075,-3.5453,-0.1858,4.346
24.346000,2.6297,-3.4244,-0.4313,4.339
24.350000,2.7068,-3.3282,-0.6077,4.333
24.356000,2.7083,-3.1980,-0.7012,4.249
24.391000,2.6793,-3.0034,-0.7916,4.102
24.392000,2.5429,-2.7905,-0.8751,3.875
24.392000,2.3354,-2.5295,-1.0003,3.585
24.393000,2.1046,-2.2925,-1.0339,3.279
24.393000,1.8574,-2.0393,-1.0151,2.939
24.393000,1.5296,-1.7422,-0.9346,2.500
24.393000,1.2957,-1.4520,-0.7624,2.090
24.395000,1.0603,-1.1294,-0.5469,1.643
24.400000,0.8209,-0.8416,-0.2456,1.201
24.405000,0.6609,-0.5841,0.0071,0.882
24.410000,0.5400,-0.3294,0.2583,0.683
24.415000,0.4437,-0.0686,0.4649,0.646
24.421000,0.3524,0.1859,0.6269,0.743
24.426000,0.2739,0.4255,0.8325,0.974
24.430000,0.2193,0.6419,0.9289,1.150
24.435000,0.1990,0.7811,1.0076,1.290
24.440000,0.1719,0.9097,1.0954,1.434
24.449000,0.1091,1.0009,1.1901,1.559
24.451000,0.0041,1.0653,1.1958,1.602
24.454000,-0.0337,1.2287,1.1303,1.670
24.515000,-0.1280,1.3341,1.0368,1.694
24.516000,-0.2433,1.4648,0.9303,1.752
24.516000,-0.3653,1.6322,0.9409,1.919
24.516000,-0.4552,1.7560,0.8169,1.989
24.517000,-0.5062,1.8358,0.6265,2.005
24.517000,-0.5472,1.8927,0.4493,2.021
24.517000,-0.5134,1.9154,0.2470,1.998
24.517000,-0.4477,1.8779,0.1108,1.934
24.518000,-0.4056,1.8251,-0.0501,1.870
24.518000,-0.3439,1.7550,-0.1691,1.796
24.518000,-0.2747,1.7389,-0.3369,1.792
24.519000,-0.2286,1.7968,-0.5180,1.884
24.519000,-0.1365,1.8326,-0.7456,1.983
24.526000,-0.0658,1.8458,-0.8854,2.048
24.529000,-0.0324,1.8637,-1.0021,2.116
24.535000,0.0832,1.7858,-1.0863,2.092
24.543000,0.2496,1.7220,-1.1499,2.086
24.544000,0.4556,1.7544,-1.2435,2.198
24.549000,0.6884,1.6787,-1.3813,2.280
24.553000,0.8983,1.6274,-1.4298,2.345
24.610000,1.1283,1.5857,-1.4349,2.418
24.610000,1.3373,1.5652,-1.4275,2.505
24.611000,1.5596,1.5906,-1.3698,2.615
24.611000,1.7901,1.6589,-1.2216,2.729
24.611000,2.0471,1.7767,-1.1218,2.934
24.612000,2.2647,1.8993,-1.0110,3.124
24.612000,2.5088,2.0424,-0.9198,3.363
24.612000,2.7776,2.2161,-0.9416,3.676
24.612000,3.0679,2.3289,-0.9013,3.956
24.613000,3.4294,2.4617,-0.8445,4.305
24.613000,3.7618,2.5548,-0.9105,4.638
24.613000,4.1243,2.6437,-1.0247,5.005
24.619000,4.5497,2.7614,-1.0868,5.432
24.623000,4.9617,2.7813,-1.1691,5.807
24.628000,5.3309,2.7797,-1.1853,6.128
24.632000,5.6903,2.8279,-1.2652,6.479
24.638000,6.0118,2.8832,-1.3895,6.811
24.643000,6.2655,2.8732,-1.5337,7.061
24.648000,6.3993,2.8652,-1.7456,7.225
24.653000,6.4849,2.8234,-1.7972,7.298
24.658000,6.5604,2.6952,-1.8675,7.334
24.663000,6.6722,2.5436,-1.9403,7.400
24.667000,6.8226,2.3592,-2.0225,7.497
24.705000,7.0304,2.2089,-2.1999,7.691
24.706000,7.2772,2.1576,-2.3673,7.951
24.707000,7.5598,2.1811,-2.4812,8.250
24.707000,7.8545,2.2148,-2.5992,8.565
24.707000,8.0341,2.3087,-2.7330,8.795
24.708000,8.1841,2.3666,-2.9492,9.015
24.708000,8.2527,2.5088,-3.1061,9.168
24.710000,8.3641,2.6706,-3.1938,9.343
24.713000,8.5439,2.7966,-3.3768,9.603
24.718000,8.6964,2.8990,-3.4994,9.812
24.722000,8.8500,3.0349,-3.5637,10.012
24.727000,8.9949,3.1444,-3.6752,10.213
24.733000,9.0875,3.1890,-3.7234,10.326
24.738000,9.2141,3.1785,-3.6937,10.423
24.742000,9.3552,3.1534,-3.6223,10.516
24.748000,9.4918,3.0155,-3.5145,10.561
24.753000,9.5542,2.7937,-3.3535,10.504
24.758000,9.6337,2.5455,-3.1543,10.452
24.764000,9.6731,2.2710,-2.9867,10.375
24.766000,9.6937,2.0272,-2.8132,10.295
24.771000,9.6528,1.7832,-2.6173,10.159
24.812000,9.5319,1.4938,-2.4619,9.957
24.813000,9.3834,1.2472,-2.3713,9.758
24.814000,9.1981,1.0698,-2.2213,9.523
24.814000,8.9432,0.8805,-2.0864,9.225
24.814000,8.6402,0.7655,-2.0288,8.908
24.815000,8.3042,0.7368,-1.9887,8.571
24.816000,7.9300,0.7533,-1.9180,8.193
24.816000,7.4728,0.8251,-1.7285,7.714
24.816000,6.9613,0.9686,-1.5637,7.200
24.822000,6.4773,1.1266,-1.3877,6.719
24.827000,6.0141,1.3161,-1.1981,6.272
24.832000,5.5554,1.5422,-1.1338,5.876
24.838000,5.1674,1.8234,-1.0698,5.583
24.844000,4.9009,2.0670,-0.9864,5.410
24.846000,4.6856,2.2005,-0.9122,5.256
24.852000,4.4883,2.2984,-0.9498,5.131
24.861000,4.4478,2.3177,-1.0677,5.128
24.862000,4.4482,2.1766,-1.1572,5.086
24.866000,4.4657,1.9350,-1.2444,5.024
24.871000,4.4865,1.6029,-1.3580,4.954
24.930000,4.4163,1.2226,-1.4524,4.807
24.931000,4.3397,0.8377,-1.5249,4.675
24.932000,4.2168,0.4343,-1.5876,4.527
24.932000,4.0157,0.0167,-1.6995,4.361
24.933000,3.7907,-0.3566,-1.7221,4.179
24.933000,3.6013,-0.7648,-1.7170,4.062
24.934000,3.4313,-1.1618,-1.7392,4.019
24.934000,3.2388,-1.5394,-1.7529,3.992
24.935000,3.0685,-1.8840,-1.7525,4.005
24.935000,2.8691,-2.1728,-1.7645,4.008
24.935000,2.6759,-2.3609,-1.7092,3.957
24.935000,2.4731,-2.5051,-1.6300,3.879
24.938000,2.3090,-2.5808,-1.5224,3.783
24.941000,2.1351,-2.5841,-1.4215,3.641
24.946000,1.9568,-2.5334,-1.1965,3.417
24.950000,1.8512,-2.4237,-0.9656,3.199
24.957000,1.7768,-2.2892,-0.8241,3.013
24.960000,1.6982,-2.1486,-0.5390,2.791
24.966000,1.6672,-1.9192,-0.2392,2.553
24.970000,1.5930,-1.6703,0.0238,2.308
24.976000,1.6166,-1.4427,0.3418,2.194
24.981000,1.5650,-1.1872,0.6363,2.065
24.986000,1.4813,-0.9611,0.9392,2.000
24.992000,1.3847,-0.8072,1.2925,2.059
24.996000,1.2244,-0.6593,1.5403,2.075
25.000000,1.1008,-0.5411,1.8254,2.199
25.064000,0.9466,-0.4072,2.0583,2.302
25.065000,0.8118,-0.2728,2.2677,2.424
25.066000,0.6745,-0.1519,2.4455,2.541
25.066000,0.5325,-0.0182,2.5344,2.590
25.066000,0.4045,0.0825,2.6611,2.693
25.067000,0.3026,0.1219,2.7220,2.741
25.067000,0.1666,0.1953,2.7628,2.775
25.067000,0.1205,0.2135,2.7721,2.783
25.067000,0.0691,0.1796,2.7689,2.776
25.068000,-0.0074,0.1045,2.7489,2.751
25.068000,-0.1134,-0.0043,2.6955,2.698
25.068000,-0.2606,-0.0673,2.6093,2.623
25.069000,-0.4852,-0.1383,2.5822,2.631
25.071000,-0.7004,-0.2455,2.4354,2.546
25.076000,-0.9941,-0.3783,2.2677,2.505
25.080000,-1.2996,-0.5592,2.1831,2.601
25.085000,-1.4869,-0.7651,2.0072,2.612
25.092000,-1.6642,-0.9713,1.8654,2.682
25.099000,-1.8666,-1.2092,1.7121,2.807
25.100000,-1.9862,-1.4165,1.5720,2.902
25.104000,-2.1335,-1.6399,1.4742,3.068
25.156000,-2.3082,-1.9505,1.4281,3.342
25.157000,-2.4024,-2.1757,1.4414,3.547
25.157000,-2.4424,-2.4327,1.5405,3.776
25.158000,-2.5644,-2.6966,1.5456,4.029
25.158000,-2.6657,-2.9686,1.6677,4.324
25.158000,-2.8056,-3.2542,1.8725,4.687
25.159000,-2.9055,-3.5731,2.1044,5.063
25.159000,-3.0638,-3.8251,2.2596,5.397
25.160000,-3.2371,-4.0263,2.3855,5.690
25.160000,-3.4326,-4.2027,2.5181,5.982
25.160000,-3.5975,-4.3085,2.6238,6.196
25.165000,-3.7892,-4.4791,2.6885,6.454
25.169000,-3.9072,-4.5865,2.7752,6.634
25.175000,-3.9514,-4.7125,2.8432,6.775
25.180000,-4.0776,-4.8062,2.9528,6.960
25.185000,-4.2069,-4.9437,3.0815,7.186
25.199000,-4.3227,-5.0859,3.1112,7.364
25.201000,-4.4514,-5.2455,3.0781,7.537
25.203000,-4.5474,-5.4502,3.0109,7.710
25.204000,-4.5750,-5.5936,3.0146,7.830
25.273000,-4.5608,-5.7491,2.9960,7.927
25.274000,-4.5335,-5.9349,2.8665,8.000
25.275000,-4.5460,-6.1375,2.7053,8.103
25.275000,-4.6173,-6.3491,2.5814,8.264
25.276000,-4.6804,-6.6071,2.5714,8.495
25.276000,-4.7237,-6.8330,2.4831,8.670
25.277000,-4.7161,-7.0456,2.3855,8.808
25.277000,-4.7129,-7.2489,2.3069,8.949
25.277000,-4.7525,-7.4007,2.2399,9.076
25.278000,-4.8853,-7.5361,2.1337,9.231
25.279000,-5.0584,-7.6458,2.1128,9.408
25.279000,-5.2218,-7.7195,2.1673,9.568
25.279000,-5.3946,-7.7946,2.2157,9.735
25.280000,-5.5003,-7.8804,2.2674,9.874
25.280000,-5.5320,-7.8860,2.3817,9.923
25.285000,-5.5304,-7.9355,2.4702,9.983
25.289000,-5.5100,-8.0092,2.5496,10.050
25.293000,-5.5161,-7.9878,2.5747,10.043
25.298000,-5.4529,-8.0050,2.6084,10.031
25.304000,-5.3253,-8.0225,2.5910,9.972
25.308000,-5.1473,-8.0212,2.5573,9.868
25.313000,-4.8377,-8.0226,2.5005,9.696
25.318000,-4.5016,-7.9721,2.4384,9.474
25.382000,-4.1246,-7.8992,2.3409,9.214
25.383000,-3.7520,-7.7492,2.2726,8.905
25.385000,-3.4628,-7.6333,2.2031,8.667
25.387000,-3.2664,-7.5827,2.1398,8.529
25.389000,-3.1003,-7.5398,2.1113,8.421
25.393000,-2.9310,-7.4788,2.0510,8.290
25.395000,-2.7323,-7.3851,1.9346,8.108
25.396000,-2.4946,-7.2738,1.8535,7.910
25.397000,-2.2393,-7.1756,1.7905,7.727
25.398000,-1.9978,-7.0649,1.7259,7.542
25.399000,-1.8106,-6.9326,1.6644,7.356
25.400000,-1.7401,-6.7313,1.7438,7.168
25.401000,-1.8460,-6.4680,1.8382,6.973
25.402000,-2.1352,-6.1549,1.9854,6.811
25.402000,-2.5046,-5.7886,2.1488,6.663
25.403000,-2.8175,-5.4141,2.3212,6.530
25.403000,-3.0070,-5.0243,2.5770,6.397
25.408000,-3.1014,-4.6489,2.7749,6.240
25.412000,-2.9957,-4.3128,2.9540,6.025
25.418000,-2.7805,-4.0554,3.0878,5.806
25.426000,-2.4871,-3.7892,3.1676,5.530
25.429000,-2.1276,-3.6014,3.1819,5.256
25.432000,-1.7543,-3.4364,3.0542,4.921
25.437000,-1.3292,-3.3095,2.9237,4.612
25.506000,-0.9195,-3.2173,2.7149,4.309
25.507000,-0.4124,-3.1568,2.4972,4.046
25.507000,0.0601,-3.0835,2.3168,3.857
25.508000,0.4380,-2.9512,2.1341,3.668
25.508000,0.8076,-2.9096,1.9145,3.575
25.508000,1.1830,-2.9579,1.4584,3.504
25.509000,1.4450,-3.1207,1.1115,3.614
25.509000,1.6892,-3.1619,0.6587,3.645
25.509000,1.8746,-3.1543,0.2991,3.681
25.510000,1.9898,-3.0847,-0.0322,3.671
25.510000,2.0632,-3.0400,-0.4431,3.701
25.510000,2.1662,-2.9731,-0.8334,3.772
25.511000,2.2562,-2.8781,-1.1771,3.842
25.511000,2.3589,-2.7204,-1.4646,3.887
25.511000,2.3143,-2.5138,-1.7802,3.853
25.517000,2.2060,-2.2947,-1.9714,3.744
25.522000,2.1222,-2.0446,-2.0606,3.596
25.526000,1.9557,-1.7168,-2.0655,3.322
25.533000,1.7421,-1.4268,-2.0827,3.067
25.537000,1.5860,-1.1324,-1.9428,2.752
25.542000,1.3644,-0.8552,-1.7615,2.387
25.547000,1.1987,-0.5792,-1.5395,2.035
25.551000,1.1102,-0.3092,-1.2153,1.675
25.616000,1.0368,-0.0572,-0.9616,1.415
25.617000,1.0329,0.1764,-0.7115,1.267
25.617000,1.0324,0.4048,-0.3723,1.170
25.617000,1.0441,0.6628,-0.1210,1.243
25.618000,1.0533,0.8901,0.0834,1.382
25.618000,1.0319,1.1544,0.3248,1.582
25.618000,0.9964,1.3739,0.4839,1.765
25.619000,1.0179,1.6317,0.5591,2.003
25.619000,1.0636,1.8424,0.6490,2.224
25.619000,1.1206,2.0551,0.6948,2.442
25.620000,1.2779,2.2897,0.6989,2.714
25.620000,1.3529,2.4639,0.7197,2.902
25.620000,1.4357,2.6149,0.7267,3.070
25.622000,1.4292,2.7779,0.6502,3.191
25.626000,1.3758,2.8584,0.5527,3.220
25.631000,1.2683,2.9164,0.4011,3.205
25.636000,1.0849,2.9590,0.2227,3.159
25.643000,0.8697,2.9968,0.0267,3.121
25.648000,0.6990,2.9032,-0.2103,2.994
25.650000,0.5444,2.8317,-0.4811,2.923
25.695000,0.4638,2.7448,-0.7521,2.883
25.696000,0.4237,2.6210,-1.0301,2.848
25.696000,0.3979,2.5206,-1.2842,2.857
25.697000,0.4295,2.3981,-1.4067,2.813
25.697000,0.5331,2.3018,-1.5276,2.814
25.697000,0.6276,2.2535,-1.6495,2.862
25.697000,0.7751,2.2219,-1.6958,2.901
25.698000,0.8894,2.2048,-1.6905,2.917
25.698000,1.0086,2.2398,-1.6839,2.978
25.701000,1.2074,2.2058,-1.6761,3.022
25.706000,1.4876,2.2506,-1.6409,3.158
25.710000,1.7433,2.3830,-1.5303,3.326
25.716000,2.0347,2.5363,-1.4072,3.543
25.721000,2.2532,2.6595,-1.2573,3.706
25.727000,2.3803,2.7386,-1.0785,3.785
25.730000,2.4778,2.7972,-0.9502,3.856
25.736000,2.5525,2.8638,-0.8360,3.926
25.741000,2.6286,2.9528,-0.7338,4.021
25.746000,2.7780,2.9833,-0.6485,4.128
25.752000,2.9502,2.9167,-0.5347,4.183
25.755000,3.1308,2.8227,-0.4262,4.237
25.821000,3.3434,2.7655,-0.4050,4.358
25.822000,3.5332,2.7596,-0.4042,4.501
25.823000,3.6855,2.7234,-0.3592,4.597
25.823000,3.7211,2.6400,-0.3541,4.576
25.823000,3.6961,2.5004,-0.3388,4.475
25.824000,3.6534,2.3481,-0.3607,4.358
25.824000,3.6578,2.2116,-0.4458,4.298
25.824000,3.7145,2.1179,-0.4934,4.304
25.825000,3.8066,1.9375,-0.6083,4.314
25.826000,3.9274,1.7764,-0.6853,4.365
25.826000,4.0765,1.6126,-0.7862,4.454
25.826000,4.2012,1.4773,-0.8940,4.542
25.826000,4.3140,1.3444,-0.9441,4.616
25.827000,4.4769,1.3049,-1.0272,4.775
25.831000,4.6540,1.3323,-1.0860,4.961
25.835000,4.8983,1.4314,-1.1205,5.225
25.839000,5.1393,1.6327,-1.1928,5.523
25.845000,5.3654,1.7760,-1.3361,5.807
25.849000,5.5808,1.8990,-1.4138,6.062
25.854000,5.7803,1.9898,-1.4758,6.289
25.860000,6.0405,2.0554,-1.5175,6.559
25.864000,6.2655,2.1150,-1.5724,6.797
25.869000,6.5194,2.1514,-1.6214,7.054
25.875000,6.7448,2.2101,-1.7673,7.314
25.879000,6.9868,2.2120,-1.8614,7.561
25.883000,7.2429,2.1403,-1.9876,7.810
25.954000,7.5484,2.0784,-2.0690,8.098
25.955000,7.8220,1.9857,-2.0291,8.321
25.955000,8.0970,1.8143,-2.0238,8.541
25.956000,8.2704,1.6405,-2.1038,8.690
25.956000,8.3684,1.4356,-2.0870,8.743
25.956000,8.4296,1.2332,-2.0289,8.758
25.957000,8.4472,1.0622,-2.0806,8.764
25.957000,8.4212,0.9106,-2.0720,8.720
25.957000,8.3927,0.7571,-2.0561,8.674
25.958000,8.2806,0.6639,-2.0740,8.562
25.958000,8.1375,0.6119,-2.1301,8.434
25.959000,8.0190,0.5822,-2.1908,8.333
25.959000,7.8295,0.6035,-2.1747,8.148
25.959000,7.5832,0.7066,-2.1873,7.924
25.960000,7.3355,0.8560,-2.1780,7.700
25.964000,7.0719,1.0919,-2.0607,7.447
25.969000,6.7541,1.4668,-1.9220,7.174
25.973000,6.4492,1.8227,-1.6899,6.912
25.979000,6.1303,2.2307,-1.5106,6.696
25.983000,5.7925,2.6024,-1.4079,6.504
25.987000,5.5294,2.8445,-1.2474,6.342
25.993000,5.2877,2.9997,-1.1701,6.191
25.998000,5.1301,3.0900,-1.1567,6.099
26.002000,4.9719,3.0885,-1.1138,5.958
26.059000,4.8253,3.0191,-1.2012,5.817
26.060000,4.6523,2.8274,-1.3062,5.599
26.061000,4.4526,2.5438,-1.3996,5.316
26.061000,4.2625,2.2119,-1.5097,5.034
26.061000,4.1545,1.8492,-1.5790,4.814
26.061000,3.9725,1.5124,-1.6263,4.551
26.062000,3.7465,1.0807,-1.7259,4.264
26.062000,3.5288,0.6517,-1.7412,3.989
26.063000,3.3633,0.1999,-1.7680,3.805
26.063000,3.1838,-0.2069,-1.7896,3.658
26.063000,2.9564,-0.6075,-1.8343,3.532
26.064000,2.7394,-0.9580,-1.7943,3.412
26.068000,2.5382,-1.2722,-1.7466,3.333
26.073000,2.3261,-1.5337,-1.6573,3.242
26.077000,2.1301,-1.7252,-1.5718,3.160
26.083000,1.9412,-1.8772,-1.4426,3.062
26.088000,1.7997,-1.9588,-1.3077,2.964
26.093000,1.6436,-2.0370,-1.1311,2.851
26.100000,1.4228,-2.0423,-0.8823,2.641
26.101000,1.2783,-1.9415,-0.6573,2.416
26.167000,1.1865,-1.8297,-0.4211,2.221
26.169000,1.0702,-1.6745,-0.1947,1.997
26.170000,0.9034,-1.4992,-0.0053,1.750
26.172000,0.8178,-1.2703,0.1822,1.522
26.173000,0.7577,-1.0294,0.3540,1.326
26.175000,0.6658,-0.8263,0.5136,1.179
26.176000,0.6132,-0.6451,0.6495,1.102
26.178000,0.5642,-0.4236,0.8137,1.077
26.179000,0.4708,-0.2548,0.9953,1.130
26.181000,0.3492,-0.1253,1.0918,1.153
26.182000,0.2976,-0.0038,1.1937,1.230
26.182000,0.2321,0.0883,1.2218,1.247
26.183000,0.2386,0.1579,1.3505,1.381
26.183000,0.2000,0.2315,1.4595,1.491
26.183000,0.1945,0.2795,1.4944,1.533
26.184000,0.1601,0.3356,1.5912,1.634
26.188000,0.0702,0.3635,1.6251,1.667
26.191000,0.0039,0.3776,1.6279,1.671
26.201000,-0.0818,0.3996,1.6594,1.709
26.201000,-0.1774,0.4080,1.7339,1.790
26.211000,-0.2448,0.3444,1.7110,1.762
26.213000,-0.3100,0.2745,1.6816,1.732
26.216000,-0.3399,0.1469,1.7589,1.797
26.221000,-0.4204,-0.0257,1.8059,1.854
26.272000,-0.5821,-0.2498,1.8989,2.002
26.273000,-0.7822,-0.3852,1.9115,2.101
26.273000,-0.9464,-0.4961,1.8532,2.139
26.274000,-1.1221,-0.6226,1.8538,2.255
26.274000,-1.2880,-0.7774,1.9137,2.434
26.275000,-1.4172,-0.9592,1.9563,2.599
26.278000,-1.5603,-1.1236,2.0397,2.803
26.279000,-1.6022,-1.3464,2.0754,2.947
26.281000,-1.6527,-1.5122,2.1016,3.072
26.282000,-1.7481,-1.7202,2.1926,3.290
26.283000,-1.8260,-1.9268,2.2666,3.491
26.284000,-1.8909,-2.1075,2.3569,3.684
26.286000,-1.9816,-2.2897,2.4254,3.880
26.292000,-2.0474,-2.4387,2.5481,4.078
26.296000,-2.1914,-2.6131,2.6751,4.334
26.301000,-2.3200,-2.8001,2.7322,4.548
26.309000,-2.4401,-2.9557,2.7864,4.739
26.312000,-2.5808,-3.0957,2.8693,4.947
26.316000,-2.6461,-3.3507,2.8804,5.150
26.320000,-2.8127,-3.5928,2.9585,5.438
26.388000,-2.9636,-3.7347,3.1896,5.736
26.391000,-3.0798,-3.9282,3.1750,5.916
26.393000,-3.2020,-4.1455,3.1288,6.101
26.394000,-3.2797,-4.3687,3.1587,6.310
26.395000,-3.3488,-4.5806,3.2258,6.527
26.396000,-3.4216,-4.8037,3.1868,6.704
26.396000,-3.4788,-5.0325,3.1305,6.872
26.397000,-3.5632,-5.2710,3.0953,7.075
26.397000,-3.6321,-5.5510,3.0764,7.312
26.398000,-3.7260,-5.8574,3.0424,7.580
26.398000,-3.7659,-6.1174,2.9959,7.783
26.399000,-3.7594,-6.3893,2.9675,7.985
26.400000,-3.8234,-6.6576,2.8807,8.200
26.400000,-3.8889,-6.8462,2.8406,8.370
26.401000,-3.9463,-7.0366,2.7850,8.535
26.401000,-4.0769,-7.2067,2.7759,8.733
26.404000,-4.2761,-7.3058,2.8030,8.917
26.411000,-4.4911,-7.3930,2.7918,9.090
26.416000,-4.6887,-7.4473,2.7999,9.235
26.420000,-4.8833,-7.4247,2.8553,9.334
26.427000,-5.0581,-7.4706,2.9816,9.502
26.431000,-5.1584,-7.4582,3.0521,9.568
26.434000,-5.2369,-7.4446,3.1434,9.630
26.498000,-5.3389,-7.4484,3.2219,9.714
26.500000,-5.4695,-7.3216,3.4402,9.765
26.501000,-5.5067,-7.2576,3.5010,9.760
26.501000,-5.4602,-7.2392,3.4960,9.718
26.502000,-5.3322,-7.2498,3.4833,9.650
26.502000,-5.0988,-7.2269,3.4921,9.509
26.502000,-4.7818,-7.2547,3.4121,9.335
26.503000,-4.4386,-7.2402,3.2462,9.092
26.503000,-4.1384,-7.1437,3.0119,8.788
26.504000,-3.8790,-7.0231,2.7112,8.469
26.504000,-3.6648,-6.8793,2.4431,8.169
26.505000,-3.4600,-6.7484,2.2504,7.911
26.505000,-3.2693,-6.6522,2.0738,7.697
26.505000,-3.0615,-6.6106,1.8994,7.529
26.511000,-2.8485,-6.6063,1.6676,7.385
26.515000,-2.6564,-6.6187,1.5945,7.308
26.519000,-2.5116,-6.6093,1.5438,7.237
26.526000,-2.4905,-6.5831,1.5320,7.203
26.529000,-2.5164,-6.4732,1.6236,7.132
26.533000,-2.6801,-6.2437,1.6985,7.004
26.603000,-2.9551,-5.9942,1.8445,6.933
26.606000,-3.2860,-5.7177,1.9994,6.891
26.608000,-3.5986,-5.4605,2.1982,6.899
26.608000,-3.7850,-5.1697,2.3862,6.837
26.609000,-3.8236,-4.9194,2.5686,6.739
26.609000,-3.6762,-4.6009,2.6658,6.464
26.610000,-3.3857,-4.2627,2.6546,6.057
26.610000,-3.0029,-4.0043,2.6002,5.640
26.611000,-2.6542,-3.8201,2.5020,5.282
26.611000,-2.2633,-3.6641,2.2842,4.875
26.611000,-1.8470,-3.5605,2.0881,4.522
26.612000,-1.4722,-3.4874,1.7960,4.190
26.612000,-1.0552,-3.3958,1.5689,3.887
26.612000,-0.6871,-3.3271,1.3664,3.662
26.613000,-0.3344,-3.3412,1.1622,3.553
26.616000,0.0264,-3.3751,0.9548,3.508
26.619000,0.3914,-3.3688,0.7603,3.476
26.630000,0.6574,-3.3862,0.4866,3.484
26.632000,0.9247,-3.4060,0.3473,3.546
26.633000,1.1886,-3.3805,0.1490,3.586
26.638000,1.4655,-3.3034,0.0212,3.614
26.684000,1.7008,-3.2429,-0.2281,3.669
26.685000,1.8942,-3.1569,-0.5102,3.717
26.685000,2.0166,-3.0489,-0.7533,3.732
26.686000,2.1282,-2.8435,-1.0200,3.695
26.686000,2.1567,-2.5852,-1.2361,3.586
26.686000,2.1289,-2.3139,-1.3998,3.442
26.687000,2.1042,-1.9920,-1.5644,3.293
26.687000,2.0439,-1.6753,-1.7927,3.193
26.687000,1.9294,-1.3985,-1.9749,3.095
26.687000,1.8488,-1.1073,-2.0566,2.979
26.692000,1.7587,-0.7926,-2.1343,2.877
26.697000,1.7050,-0.4629,-2.1201,2.760
26.703000,1.6369,-0.2269,-2.0355,2.622
26.709000,1.5523,-0.0023,-1.9100,2.461
26.713000,1.5061,0.2058,-1.7222,2.297
26.717000,1.4644,0.4041,-1.5250,2.153
26.723000,1.4636,0.6439,-1.3428,2.088
26.729000,1.4770,0.9316,-1.1728,2.104
26.733000,1.4729,1.1708,-1.0409,2.150
26.738000,1.4734,1.4175,-0.8295,2.206
26.804000,1.4659,1.5846,-0.7485,2.285
26.805000,1.4605,1.7065,-0.6401,2.336
26.805000,1.4353,1.8139,-0.5800,2.385
26.805000,1.4498,1.9352,-0.5874,2.488
26.805000,1.4422,2.0375,-0.5833,2.564
26.806000,1.3401,2.1416,-0.6842,2.617
26.806000,1.2805,2.2626,-0.7752,2.713
26.806000,1.1602,2.3381,-0.8964,2.760
26.807000,1.0150,2.3442,-0.9732,2.734
26.807000,0.8735,2.4312,-1.0526,2.790
26.808000,0.7386,2.4257,-1.1995,2.805
26.808000,0.6268,2.3226,-1.3366,2.752
26.809000,0.5602,2.2616,-1.4614,2.750
26.809000,0.5172,2.1996,-1.5308,2.729
26.816000,0.4689,2.1006,-1.5806,2.670
26.817000,0.4804,2.0061,-1.5922,2.606
26.821000,0.4512,1.9207,-1.5964,2.538
26.827000,0.4338,1.8324,-1.5813,2.459
26.833000,0.4816,1.8091,-1.5259,2.415
26.837000,0.5390,1.7211,-1.4257,2.299
26.842000,0.6642,1.6170,-1.3098,2.184
26.847000,0.8257,1.5636,-1.1904,2.132
26.852000,1.0544,1.5916,-1.1495,2.229
26.914000,1.2239,1.5890,-1.0584,2.268
26.915000,1.4200,1.6606,-0.9220,2.371
26.915000,1.5634,1.7150,-0.8460,2.470
26.916000,1.6522,1.8028,-0.7587,2.560
26.916000,1.7646,1.9377,-0.6600,2.703
26.917000,1.8462,2.0580,-0.5717,2.823
26.917000,1.8989,2.1871,-0.4630,2.933
26.917000,1.9639,2.2466,-0.3649,3.006
26.917000,2.0003,2.3512,-0.2395,3.096
26.918000,2.1206,2.4361,-0.1802,3.235
26.918000,2.2885,2.4822,-0.1941,3.382
26.919000,2.4231,2.5710,-0.2118,3.539
26.919000,2.5358,2.6063,-0.2547,3.645
26.922000,2.7250,2.6126,-0.2680,3.785
26.926000,2.8947,2.6492,-0.3520,3.940
26.931000,3.0040,2.6800,-0.4249,4.048
26.936000,3.1558,2.6957,-0.4822,4.178
26.942000,3.2955,2.6678,-0.5764,4.279
26.946000,3.4561,2.6868,-0.6571,4.427
26.950000,3.7020,2.7790,-0.7528,4.690
27.005000,3.9538,2.8338,-0.8944,4.946
27.006000,4.1998,2.7918,-1.0266,5.147
27.006000,4.4107,2.6886,-1.2281,5.309
27.006000,4.6244,2.6028,-1.3882,5.485
27.007000,4.8440,2.4824,-1.4974,5.645
27.007000,5.0834,2.3464,-1.6707,5.843
27.007000,5.2586,2.2757,-1.8551,6.023
27.008000,5.3486,2.2205,-2.0649,6.148
27.008000,5.4464,2.2141,-2.2063,6.280
27.008000,5.6123,2.1900,-2.2318,6.425
27.009000,5.7530,2.1815,-2.3517,6.587
27.013000,5.9111,2.2411,-2.4966,6.797
27.016000,6.1348,2.3499,-2.6328,7.077
27.021000,6.3590,2.5122,-2.7342,7.364
27.026000,6.5640,2.6629,-2.8597,7.639
27.032000,6.7687,2.8187,-2.9281,7.895
27.035000,6.9296,2.9362,-2.9870,8.097
27.039000,7.0586,3.0297,-2.9887,8.242
27.045000,7.2871,3.1278,-2.9859,8.474
27.050000,7.6264,3.1201,-2.9855,8.764
27.054000,7.9755,3.0804,-2.9374,9.040
27.061000,8.2117,2.9532,-2.8823,9.190
27.065000,8.3733,2.7551,-2.7896,9.246
27.069000,8.4148,2.4980,-2.6860,9.180
27.130000,8.4036,2.1988,-2.5935,9.065
27.131000,8.3398,1.8288,-2.4811,8.891
27.131000,8.1951,1.4337,-2.3279,8.639
27.132000,7.9725,1.0617,-2.2394,8.349
27.132000,7.7321,0.7247,-2.2227,8.078
27.132000,7.5008,0.3992,-2.1511,7.813
27.133000,7.2193,0.0761,-2.0607,7.508
27.133000,6.9089,-0.2858,-2.0019,7.199
27.133000,6.5252,-0.5420,-1.9435,6.830
27.134000,6.1119,-0.7737,-1.9145,6.451
27.134000,5.6091,-0.9331,-1.8354,5.975
27.134000,5.1136,-1.0146,-1.6920,5.481
27.135000,4.5869,-1.0209,-1.4649,4.922
27.140000,4.0493,-0.9510,-1.2217,4.335
27.145000,3.5651,-0.8414,-1.0750,3.818
27.149000,3.1371,-0.6913,-0.8403,3.320
27.155000,2.7659,-0.4740,-0.6158,2.873
27.159000,2.4771,-0.2975,-0.4590,2.537
27.163000,2.2877,-0.1115,-0.2836,2.308
27.168000,2.1809,-0.0018,-0.2136,2.191
27.174000,2.2251,0.1026,-0.2126,2.238
27.179000,2.2815,0.1635,-0.2397,2.300
27.183000,2.4241,0.1904,-0.2511,2.444
27.189000,2.5254,0.1826,-0.3333,2.554
27.227000,2.6471,0.0940,-0.5144,2.698
27.228000,2.6935,0.0133,-0.7269,2.790
27.228000,2.7439,-0.1360,-0.9395,2.903
27.230000,2.7285,-0.3662,-1.1777,2.994
27.232000,2.6929,-0.6366,-1.4506,3.124
27.233000,2.6777,-0.9543,-1.6478,3.286
27.235000,2.6044,-1.3118,-1.7932,3.423
27.237000,2.5815,-1.6987,-1.8509,3.602
27.238000,2.6107,-2.0940,-1.8997,3.848
27.239000,2.6739,-2.4058,-1.9781,4.105
27.244000,2.7795,-2.6786,-1.9661,4.332
27.248000,2.7998,-2.9155,-1.8601,4.450
27.254000,2.8155,-3.0960,-1.7629,4.541
27.259000,2.8069,-3.2356,-1.6431,4.588
27.263000,2.7347,-3.3134,-1.4951,4.549
27.268000,2.6175,-3.3616,-1.3405,4.466
27.274000,2.4623,-3.3352,-1.2029,4.317
27.278000,2.3076,-3.2581,-0.9321,4.100
27.283000,2.1441,-3.2112,-0.5909,3.906
27.288000,1.9235,-3.2219,-0.2487,3.761
27.352000,1.7921,-3.2630,0.0267,3.723
27.353000,1.6710,-3.2652,0.3404,3.684
27.353000,1.5027,-3.1475,0.9616,3.618
27.353000,1.3517,-3.0747,1.3214,3.609
27.354000,1.1748,-3.0524,1.6066,3.644
27.354000,1.0365,-3.0396,1.9486,3.756
27.354000,0.9101,-2.9966,2.3213,3.898
27.355000,0.8269,-2.9876,2.6979,4.109
27.355000,0.7561,-3.0308,3.0632,4.375
27.355000,0.7039,-3.0900,3.3651,4.622
27.356000,0.6309,-3.2079,3.6098,4.870
27.356000,0.6442,-3.3573,3.7740,5.092
27.357000,0.6238,-3.5269,3.9395,5.324
27.359000,0.5772,-3.6611,3.9820,5.440
27.362000,0.4806,-3.8511,4.0114,5.582
27.368000,0.3580,-4.0680,3.9850,5.706
27.373000,0.1408,-4.2748,3.9172,5.800
27.377000,-0.0735,-4.4373,3.7466,5.808
27.382000,-0.3106,-4.6335,3.5140,5.824
27.387000,-0.5369,-4.7961,3.3108,5.853
27.392000,-0.7856,-4.9871,3.1825,5.968
27.397000,-1.0036,-5.2236,3.0355,6.124
27.403000,-1.1938,-5.4170,2.8005,6.214
27.408000,-1.5595,-5.6795,2.5757,6.428
27.412000,-1.9541,-5.9522,2.3232,6.682
27.417000,-2.2482,-6.0673,2.0765,6.796
27.462000,-2.4946,-6.1850,1.9263,6.942
27.463000,-2.7649,-6.3494,1.7197,7.136
27.463000,-3.0591,-6.5084,1.5238,7.351
27.464000,-3.3437,-6.6380,1.3719,7.558
27.464000,-3.6380,-6.7936,1.2736,7.811
27.465000,-3.9395,-6.9331,1.1616,8.058
27.466000,-4.2790,-7.0218,1.1053,8.297
27.466000,-4.5446,-7.0732,1.0827,8.477
27.468000,-4.8102,-7.1165,1.0677,8.656
27.468000,-5.1073,-7.1411,0.9764,8.834
27.471000,-5.4260,-7.1553,0.9718,9.032
27.476000,-5.7259,-7.1946,0.9225,9.241
27.482000,-6.0165,-7.2149,0.8168,9.430
27.487000,-6.3244,-7.2199,0.8219,9.633
27.491000,-6.6208,-7.2341,0.7921,9.838
27.497000,-6.8799,-7.2037,0.7077,9.986
27.501000,-7.1589,-7.1395,0.6406,10.131
27.542000,-7.3792,-7.0846,0.5433,10.244
27.543000,-7.6246,-7.0124,0.4877,10.370
27.543000,-7.8425,-6.9872,0.4429,10.513
27.544000,-8.0260,-6.9396,0.4213,10.618
27.546000,-8.1680,-6.8450,0.3511,10.663
27.548000,-8.3093,-6.7880,0.2277,10.732
27.549000,-8.4500,-6.7537,0.0945,10.818
27.550000,-8.5951,-6.7130,-0.0432,10.906
27.551000,-8.6848,-6.6833,-0.1639,10.960
27.552000,-8.7814,-6.6189,-0.3152,11.001
27.557000,-8.8347,-6.6222,-0.4127,11.049
27.561000,-8.8330,-6.5717,-0.5905,11.025
27.566000,-8.8074,-6.5915,-0.7091,11.024
27.571000,-8.8203,-6.6675,-0.8384,11.089
27.576000,-8.7949,-6.6848,-0.9735,11.090
27.581000,-8.7627,-6.7559,-1.1211,11.121
27.586000,-8.7330,-6.8161,-1.2149,11.145
27.598000,-8.7132,-6.8655,-1.3286,11.172
27.600000,-8.7103,-6.9852,-1.3834,11.251
27.601000,-8.6862,-7.0673,-1.5473,11.304
27.672000,-8.7029,-7.2098,-1.6449,11.421
27.672000,-8.6481,-7.3167,-1.7431,11.461
27.673000,-8.5576,-7.4018,-1.7846,11.454
27.673000,-8.5222,-7.4986,-1.7785,11.490
27.674000,-8.4223,-7.5346,-1.7991,11.443
27.674000,-8.2889,-7.5554,-1.7957,11.358
27.675000,-8.1721,-7.5611,-1.7800,11.275
27.675000,-7.9474,-7.5436,-1.6756,11.085
27.675000,-7.5813,-7.4946,-1.5709,10.776
27.676000,-7.2219,-7.4298,-1.3485,10.449
27.676000,-6.7519,-7.3691,-1.0923,10.054
27.677000,-6.2740,-7.2516,-0.8046,9.623
27.677000,-5.8167,-7.1865,-0.5615,9.263
27.677000,-5.3175,-7.1340,-0.3196,8.903
27.678000,-4.8002,-7.0666,-0.1357,8.544
27.680000,-4.2190,-7.0287,0.1130,8.199
27.685000,-3.5859,-7.0478,0.3186,7.914
27.690000,-2.9509,-7.0511,0.5355,7.662
27.695000,-2.2994,-7.0375,0.7377,7.440
27.700000,-1.6842,-7.0358,0.8144,7.280
27.707000,-1.1548,-7.0185,0.8928,7.169
27.709000,-0.7210,-6.9678,0.9935,7.075
27.714000,-0.2774,-6.8922,1.1065,6.986
27.719000,0.1693,-6.7420,1.1459,6.841
27.787000,0.6454,-6.6096,1.1687,6.743
27.789000,1.1504,-6.4461,1.2866,6.673
27.789000,1.6491,-6.2813,1.4498,6.654
27.790000,2.1455,-6.1035,1.5707,6.658
27.790000,2.5706,-5.8802,1.6712,6.632
27.790000,2.9983,-5.6777,1.7267,6.649
27.791000,3.4255,-5.4949,1.6958,6.694
27.791000,3.7714,-5.4141,1.7030,6.814
27.792000,4.1094,-5.3697,1.6568,6.962
27.792000,4.4295,-5.3270,1.5493,7.099
27.793000,4.6267,-5.3227,1.4452,7.199
27.793000,4.7577,-5.3158,1.3343,7.258
27.794000,4.8134,-5.3140,1.2239,7.274
27.795000,4.9055,-5.3929,1.1182,7.375
27.796000,4.9796,-5.5053,1.1276,7.508
27.798000,5.0806,-5.6159,1.1245,7.656
27.804000,5.2322,-5.7320,1.1165,7.841
27.809000,5.3980,-5.8206,1.2228,8.032
27.815000,5.5495,-5.9026,1.3410,8.212
27.820000,5.6655,-5.8867,1.5290,8.312
27.824000,5.7980,-5.8694,1.6646,8.416
27.829000,5.8512,-5.7886,1.8634,8.439
27.834000,5.9732,-5.6426,2.0852,8.477
27.896000,6.1982,-5.4373,2.3908,8.585
27.898000,6.4631,-5.0948,2.7968,8.692
27.899000,6.6332,-4.7310,3.0852,8.712
27.900000,6.7212,-4.4097,3.4032,8.729
27.902000,6.7810,-4.0076,3.7647,8.730
27.903000,6.8185,-3.5811,4.1535,8.750
27.905000,6.9500,-3.1763,4.5120,8.874
27.906000,7.1269,-2.7386,4.8489,9.045
27.908000,7.3134,-2.2221,5.1977,9.243
27.910000,7.5111,-1.7569,5.5121,9.481
27.911000,7.6777,-1.3008,5.8242,9.724
27.912000,7.7543,-0.8312,6.0674,9.881
27.913000,7.8617,-0.3395,6.2716,10.063
27.914000,7.8679,0.1146,6.4003,10.143
27.915000,7.8395,0.5809,6.4869,10.192
27.916000,7.8095,1.0927,6.5284,10.237
27.920000,7.7417,1.5400,6.5581,10.262
27.924000,7.6692,1.8724,6.5276,10.244
27.929000,7.5724,2.1112,6.4725,10.183
27.934000,7.3942,2.2925,6.3883,10.037
27.939000,7.1608,2.4020,6.2293,9.790
27.944000,6.8031,2.3442,6.0645,9.410
27.947000,6.2975,2.1889,5.8100,8.843
27.954000,5.7145,1.9778,5.3562,8.078
28.010000,5.2222,1.7519,4.9068,7.377
28.011000,4.7328,1.5522,4.5391,6.739
28.011000,4.2949,1.4012,4.2772,6.221
28.012000,3.8318,1.2193,4.0152,5.682
28.012000,3.3420,0.9549,3.6625,5.049
28.013000,2.8196,0.6782,3.2465,4.353
28.013000,2.3172,0.4419,2.8534,3.702
28.013000,1.7646,0.1873,2.5391,3.098
28.013000,1.2860,-0.0185,2.2101,2.557
28.014000,0.7627,-0.2109,1.8266,1.991
28.014000,0.2577,-0.3123,1.4635,1.518
28.014000,-0.1669,-0.3947,1.1255,1.204
28.017000,-0.5750,-0.4311,0.7968,1.073
28.022000,-0.9710,-0.4761,0.4688,1.179
28.027000,-1.3481,-0.4677,0.1751,1.438
28.033000,-1.7198,-0.4554,-0.1262,1.784
28.038000,-2.0436,-0.3869,-0.3589,2.111
28.043000,-2.3597,-0.3287,-0.5386,2.443
28.047000,-2.6799,-0.3185,-0.7219,2.794
28.053000,-2.9663,-0.2445,-0.8518,3.096
28.112000,-3.2140,-0.2091,-0.9422,3.356
28.112000,-3.4541,-0.1807,-0.9881,3.597
28.113000,-3.6198,-0.0832,-0.9804,3.751
28.115000,-3.8188,0.0433,-0.9925,3.946
28.116000,-3.9701,0.1094,-0.9939,4.094
28.117000,-4.0738,0.1612,-0.9365,4.183
28.118000,-4.1536,0.1700,-0.8417,4.241
28.119000,-4.1431,0.1428,-0.7481,4.213
28.120000,-4.1309,0.1393,-0.6199,4.180
28.122000,-4.1339,0.0925,-0.3998,4.154
28.123000,-4.1473,0.0263,-0.1582,4.150
28.124000,-4.1140,0.0171,0.0901,4.115
28.125000,-4.0412,-0.0189,0.3090,4.053
28.126000,-4.0055,-0.0027,0.5599,4.044
28.127000,-3.9305,-0.0229,0.7663,4.005
28.132000,-3.8093,-0.0536,0.9613,3.929
28.137000,-3.7782,-0.0947,1.1157,3.941
28.145000,-3.7056,-0.1317,1.1623,3.886
28.148000,-3.6683,-0.2106,1.2060,3.867
28.152000,-3.6614,-0.2424,1.2085,3.863
28.216000,-3.6443,-0.2682,1.1795,3.840
28.217000,-3.6744,-0.3762,1.0948,3.852
28.218000,-3.7324,-0.4708,1.0263,3.899
28.219000,-3.7346,-0.5637,0.9309,3.890
28.220000,-3.7549,-0.6761,0.8495,3.909
28.223000,-3.7623,-0.7362,0.7389,3.904
28.224000,-3.7375,-0.8252,0.6660,3.885
28.225000,-3.7404,-0.9288,0.5642,3.895
28.226000,-3.6583,-0.9676,0.4861,3.815
28.227000,-3.5751,-1.0759,0.4702,3.763
28.229000,-3.5029,-1.1411,0.4784,3.715
28.229000,-3.4652,-1.2252,0.4868,3.708
28.230000,-3.3879,-1.3761,0.4424,3.683
28.232000,-3.3117,-1.4285,0.4771,3.638
28.233000,-3.1575,-1.4659,0.4741,3.513
28.234000,-2.9326,-1.4958,0.4501,3.323
28.236000,-2.6682,-1.5637,0.4294,3.122
28.241000,-2.4458,-1.6412,0.4121,2.974
28.245000,-2.1363,-1.7286,0.4129,2.779
28.252000,-1.8211,-1.8328,0.4198,2.618
28.258000,-1.4765,-1.8850,0.4471,2.436
28.261000,-1.2342,-1.9575,0.5061,2.369
28.266000,-1.0775,-1.9975,0.5229,2.329
28.270000,-0.9703,-2.0339,0.5692,2.324
28.330000,-0.8741,-2.0163,0.6523,2.292
28.331000,-0.7530,-2.0044,0.7244,2.260
28.332000,-0.6406,-1.9673,0.8407,2.233
28.332000,-0.4649,-1.9118,0.9054,2.166
28.333000,-0.2714,-1.8716,0.9590,2.120
28.333000,-0.0653,-1.7180,1.0329,2.006
28.334000,0.1155,-1.6207,1.1051,1.965
28.334000,0.3613,-1.5133,1.1564,1.938
28.335000,0.5648,-1.4003,1.2296,1.947
28.335000,0.7639,-1.2678,1.2267,1.922
28.335000,0.9464,-1.2072,1.2364,1.970
28.336000,1.2082,-1.0937,1.2251,2.039
28.336000,1.5513,-0.9662,1.1976,2.185
28.340000,1.8269,-0.9042,1.1827,2.357
28.346000,2.0712,-0.8524,1.1229,2.505
28.351000,2.2715,-0.7852,1.0612,2.627
28.356000,2.4091,-0.8171,1.0431,2.749
28.361000,2.5149,-0.7880,1.1065,2.858
28.365000,2.6343,-0.7485,1.1244,2.960
28.371000,2.7172,-0.7100,1.2615,3.079
28.424000,2.8090,-0.6489,1.3428,3.180
28.425000,2.8423,-0.6420,1.4468,3.253
28.426000,2.7675,-0.6194,1.5878,3.250
28.426000,2.7279,-0.4784,1.7655,3.284
28.426000,2.7526,-0.3190,1.8861,3.352
28.427000,2.7313,-0.2062,1.9852,3.383
28.427000,2.6374,-0.0732,2.0510,3.342
28.427000,2.5098,0.0661,2.0907,3.267
28.428000,2.4152,0.2547,2.1593,3.250
28.429000,2.3110,0.4259,2.1633,3.194
28.429000,2.1777,0.5962,2.1126,3.092
28.430000,2.1256,0.7681,2.0671,3.063
28.434000,2.0730,0.9367,1.9549,2.999
28.439000,2.0679,1.0376,1.8812,2.982
28.444000,2.1077,1.1758,1.7239,2.966
28.450000,2.1325,1.3082,1.5135,2.924
28.455000,2.1732,1.3915,1.2143,2.852
28.460000,2.1840,1.4827,0.8961,2.788
28.464000,2.2200,1.5795,0.6280,2.796
28.470000,2.2522,1.6529,0.3361,2.814
28.532000,2.2279,1.7002,0.0352,2.803
28.533000,2.1616,1.7146,-0.2845,2.774
28.533000,2.1011,1.7652,-0.6077,2.811
28.534000,2.0345,1.7970,-0.9607,2.879
28.534000,1.9259,1.7622,-1.3000,2.916
28.534000,1.7730,1.7232,-1.5704,2.929
28.535000,1.5690,1.7400,-1.8765,3.002
28.535000,1.3928,1.7098,-2.1700,3.094
28.535000,1.2042,1.6475,-2.4459,3.185
28.536000,1.0441,1.5988,-2.7785,3.371
28.536000,0.8790,1.5423,-3.0784,3.554
28.537000,0.8144,1.4880,-3.3450,3.751
28.537000,0.7499,1.4313,-3.5926,3.939
28.539000,0.6953,1.3892,-3.7799,4.087
28.543000,0.6433,1.3211,-3.9380,4.203
28.549000,0.5584,1.2585,-4.0926,4.318
28.554000,0.5269,1.1395,-4.2842,4.464
28.558000,0.4772,1.0770,-4.2834,4.442
28.563000,0.6320,0.9609,-4.3608,4.510
28.568000,0.8022,0.7654,-4.5110,4.645
28.575000,0.9996,0.7199,-4.4182,4.587
28.578000,1.1763,0.6472,-4.2815,4.487
28.585000,1.3347,0.5832,-4.1323,4.381
28.588000,1.4507,0.5993,-3.9419,4.243
28.636000,1.6368,0.6286,-3.7056,4.099
28.637000,1.7709,0.7019,-3.4235,3.918
28.637000,1.9003,0.8595,-3.1625,3.788
28.638000,2.0731,0.9528,-2.8456,3.647
28.638000,2.2049,1.1154,-2.4896,3.508
28.638000,2.3554,1.2176,-2.1400,3.407
28.638000,2.4763,1.2809,-1.8039,3.321
28.639000,2.6323,1.3313,-1.3836,3.258
28.639000,2.7606,1.4522,-0.9559,3.262
28.639000,2.8398,1.5906,-0.5566,3.302
28.643000,2.9077,1.7270,-0.1746,3.386
28.649000,2.8976,1.8208,0.1640,3.426
28.653000,2.8858,1.9314,0.5733,3.519
28.659000,2.8962,2.0973,0.8875,3.684
28.662000,2.8810,2.2417,1.2454,3.857
28.672000,2.9285,2.3405,1.5411,4.053
28.675000,2.9333,2.4129,1.8863,4.241
28.678000,2.9051,2.4708,2.1183,4.362
28.683000,2.8511,2.5359,2.3753,4.495
28.687000,2.8145,2.6177,2.5924,4.636
28.717000,2.7114,2.6564,2.8121,4.724
28.719000,2.6498,2.7336,3.0026,4.849
28.719000,2.6008,2.7369,3.1475,4.915
28.719000,2.5073,2.7215,3.2650,4.935
28.720000,2.4146,2.6802,3.2812,4.876
28.720000,2.3350,2.6565,3.2698,4.817
28.723000,2.2302,2.6336,3.2142,4.716
28.727000,2.0934,2.5593,3.0710,4.513
28.733000,1.9676,2.4455,2.9125,4.282
28.738000,1.8460,2.2903,2.7291,4.013
28.742000,1.6831,2.1844,2.4777,3.707
28.747000,1.5126,2.0373,2.2402,3.385
28.752000,1.3804,1.9857,1.9575,3.111
28.757000,1.2982,1.9432,1.6321,2.850
28.762000,1.1751,1.9001,1.3459,2.608
28.767000,1.0638,1.8422,1.0903,2.390
28.772000,0.9861,1.6955,0.8655,2.144
28.777000,0.9013,1.5680,0.7054,1.941
28.782000,0.8381,1.4905,0.5600,1.799
28.787000,0.7582,1.4129,0.3744,1.647
28.795000,0.6666,1.2994,0.2972,1.490
28.799000,0.5632,1.2359,0.1683,1.369
28.801000,0.4696,1.1102,0.0332,1.206
28.859000,0.3646,1.0232,-0.0789,1.089
28.860000,0.3077,0.9460,-0.1634,1.008
28.860000,0.2323,0.8548,-0.3252,0.944
28.860000,0.1429,0.7661,-0.5213,0.938
28.861000,0.0803,0.6133,-0.6394,0.890
28.861000,0.0039,0.5472,-0.6794,0.872
28.861000,-0.1126,0.4646,-0.8280,0.956
28.861000,-0.2453,0.3826,-0.8555,0.969
28.862000,-0.3604,0.2774,-0.8074,0.927
28.862000,-0.4700,0.1322,-0.7723,0.914
28.862000,-0.6000,-0.0068,-0.6713,0.900
28.862000,-0.7363,-0.1257,-0.4881,0.892
28.867000,-0.8259,-0.2575,-0.3188,0.922
28.872000,-0.9239,-0.3447,-0.0965,0.991
28.876000,-1.0424,-0.4258,0.0541,1.127
28.882000,-1.1045,-0.4979,0.2715,1.242
28.887000,-1.1652,-0.5179,0.4790,1.362
28.896000,-1.2102,-0.5506,0.6885,1.497
28.896000,-1.2826,-0.6362,0.8641,1.672
28.901000,-1.3561,-0.6507,0.9433,1.775
28.956000,-1.4211,-0.6226,1.0460,1.871
28.957000,-1.4536,-0.6094,1.2080,1.986
28.957000,-1.4777,-0.6614,1.3123,2.084
28.958000,-1.4957,-0.7735,1.4257,2.206
28.958000,-1.4572,-0.8546,1.5194,2.272
28.958000,-1.4125,-0.9333,1.6314,2.351
28.959000,-1.3713,-1.0242,1.6301,2.364
28.959000,-1.2976,-1.1032,1.6664,2.383
28.959000,-1.2466,-1.1920,1.6905,2.415
28.960000,-1.2205,-1.2761,1.7547,2.489
28.960000,-1.1664,-1.3073,1.7610,2.484
28.965000,-1.0701,-1.3672,1.7337,2.454
28.966000,-0.9533,-1.3937,1.7639,2.442
28.971000,-0.9186,-1.3868,1.7724,2.431
28.975000,-0.8466,-1.3824,1.7042,2.352
28.980000,-0.7826,-1.4069,1.6007,2.270
28.986000,-0.6598,-1.3861,1.4809,2.133
28.991000,-0.4901,-1.4042,1.3645,2.018
28.995000,-0.3932,-1.3674,1.3157,1.938
29.000000,-0.2663,-1.3386,1.2815,1.872
29.007000,-0.1025,-1.2557,1.2356,1.765
29.010000,0.0434,-1.2334,1.1754,1.704
29.015000,0.1853,-1.1861,1.1369,1.653
29.020000,0.2924,-1.1758,1.0913,1.631
29.090000,0.4673,-1.1909,1.1225,1.702
29.091000,0.7406,-1.2341,1.0298,1.770
29.091000,0.9236,-1.3363,0.9977,1.906
29.091000,1.1094,-1.4500,0.9829,2.073
29.092000,1.3502,-1.5612,0.9921,2.290
29.092000,1.4857,-1.6078,0.9917,2.403
29.092000,1.5515,-1.5688,0.9741,2.412
29.093000,1.5622,-1.5828,0.8483,2.380
29.093000,1.5487,-1.6190,0.7173,2.352
29.094000,1.5108,-1.7301,0.5453,2.361
29.094000,1.6164,-1.8822,0.3350,2.503
29.095000,1.7263,-2.1064,0.2989,2.740
29.095000,1.8763,-2.3311,0.1113,2.994
29.095000,1.9729,-2.4823,-0.0005,3.171
29.097000,1.9471,-2.5645,0.0110,3.220
29.100000,1.7820,-2.6307,0.0608,3.178
29.109000,1.5930,-2.6350,0.0430,3.079
29.110000,1.4921,-2.4581,-0.0136,2.876
29.114000,1.3963,-2.1831,0.0228,2.592
29.119000,1.2357,-1.9328,0.1326,2.298
29.125000,1.0772,-1.6451,0.1123,1.970
29.129000,0.9637,-1.3609,0.0622,1.669
29.134000,0.7491,-1.0755,-0.0914,1.314
29.139000,0.5413,-0.8437,-0.2360,1.030
29.186000,0.4051,-0.5649,-0.3646,0.785
29.187000,0.2494,-0.2776,-0.5726,0.683
29.187000,0.1291,0.0038,-0.8069,0.817
29.189000,0.0443,0.3081,-1.0028,1.050
29.190000,-0.0196,0.5368,-1.1858,1.302
29.190000,0.0404,0.7238,-1.3654,1.546
29.191000,0.1115,0.8879,-1.5792,1.815
29.191000,0.1240,1.0050,-1.6883,1.969
29.192000,0.1691,1.0752,-1.8482,2.145
29.192000,0.2630,1.1796,-1.9717,2.313
29.194000,0.3412,1.2583,-2.1428,2.508
29.199000,0.4872,1.3661,-2.2387,2.667
29.206000,0.6213,1.4069,-2.3571,2.814
29.210000,0.7150,1.4333,-2.4859,2.957
29.214000,0.7701,1.4089,-2.6651,3.111
29.219000,0.7938,1.3507,-2.7839,3.194
29.223000,0.7694,1.2489,-2.8518,3.207
29.229000,0.7686,1.1373,-2.9616,3.264
29.233000,0.7051,1.0252,-3.1064,3.346
29.242000,0.5984,0.8816,-3.1874,3.361
29.244000,0.4797,0.6687,-3.2116,3.315
29.248000,0.3013,0.4940,-3.2176,3.269
29.253000,0.0733,0.3414,-3.1955,3.214
29.308000,-0.1441,0.1323,-3.1788,3.185
29.309000,-0.3651,0.0509,-3.0457,3.068
29.309000,-0.6108,-0.0770,-2.9020,2.967
29.310000,-0.8334,-0.1558,-2.7620,2.889
29.311000,-1.0589,-0.2163,-2.4825,2.708
29.311000,-1.3059,-0.3155,-2.2817,2.648
29.314000,-1.5411,-0.4582,-2.0473,2.603
29.314000,-1.8428,-0.5721,-1.7465,2.603
29.315000,-2.0598,-0.6662,-1.4611,2.612
29.316000,-2.2781,-0.7332,-1.1939,2.674
29.317000,-2.5522,-0.7223,-0.8974,2.800
29.318000,-2.7817,-0.6601,-0.5379,2.909
29.319000,-3.0521,-0.6391,-0.1472,3.122
29.324000,-3.2601,-0.5369,0.2213,3.311
29.329000,-3.3797,-0.3895,0.5944,3.454
29.333000,-3.4775,-0.2539,0.8760,3.595
29.340000,-3.5775,-0.0871,1.2019,3.775
29.346000,-3.5817,0.1037,1.5006,3.885
29.349000,-3.4998,0.2875,1.7189,3.910
29.352000,-3.3561,0.4661,1.9763,3.923
29.359000,-3.2658,0.5511,2.1267,3.936
29.363000,-3.1691,0.5853,2.2319,3.920
29.367000,-3.1138,0.5760,2.3016,3.915
29.433000,-3.1503,0.6093,2.3788,3.994
29.434000,-3.2041,0.7377,2.4325,4.090
29.434000,-3.2535,0.8467,2.4273,4.147
29.435000,-3.2555,0.8717,2.4066,4.141
29.435000,-3.2526,0.8731,2.4333,4.155
29.435000,-3.1515,0.9275,2.4310,4.087
29.435000,-2.9069,0.9581,2.3707,3.871
29.436000,-2.5932,0.9460,2.3433,3.621
29.436000,-2.2416,0.9268,2.2624,3.317
29.436000,-1.9625,0.9430,2.1185,3.038
29.437000,-1.7033,0.9279,1.9234,2.732
29.437000,-1.4739,1.0218,1.6841,2.460
29.437000,-1.2931,1.0744,1.3842,2.178
29.438000,-1.0750,1.1140,1.1293,1.916
29.445000,-0.8365,1.1213,0.8481,1.636
29.448000,-0.5058,1.1419,0.6817,1.423
29.453000,-0.1451,1.1327,0.6295,1.304
29.459000,0.2306,1.1865,0.4639,1.295
29.463000,0.6448,1.3601,0.3208,1.539
29.467000,1.0132,1.5691,0.1909,1.878
29.471000,1.3142,1.8157,0.0506,2.242
29.534000,1.5567,2.0754,-0.0498,2.595
29.535000,1.7617,2.3331,-0.0937,2.925
29.536000,1.9371,2.4532,-0.1866,3.131
29.536000,2.1325,2.5621,-0.3427,3.351
29.536000,2.3955,2.6884,-0.4923,3.634
29.536000,2.7067,2.9179,-0.6043,4.026
29.537000,2.9267,3.1878,-0.5834,4.367
29.537000,3.0434,3.3976,-0.5615,4.596
29.537000,3.0519,3.5518,-0.6198,4.724
29.538000,2.9978,3.6218,-0.6311,4.744
29.538000,2.9700,3.6775,-0.6794,4.776
29.539000,2.9757,3.7239,-0.7072,4.819
29.540000,3.0389,3.7012,-0.7623,4.849
29.545000,3.1215,3.6957,-0.9378,4.928
29.547000,3.2113,3.6643,-1.0755,4.990
29.551000,3.2845,3.5306,-1.2061,4.971
29.559000,3.3079,3.3548,-1.3344,4.897
29.562000,3.3796,3.1487,-1.4721,4.848
29.566000,3.4137,2.9463,-1.6930,4.817
29.571000,3.4465,2.7429,-1.8008,4.759
29.625000,3.4541,2.5984,-1.9151,4.728
29.626000,3.4630,2.4126,-2.0455,4.690
29.626000,3.4953,2.1857,-2.0576,4.607
29.627000,3.5582,1.9970,-2.1355,4.605
29.627000,3.7115,1.9324,-2.2957,4.773
29.628000,3.8714,1.8676,-2.3560,4.902
29.628000,3.9877,1.8456,-2.3952,5.005
29.628000,4.0582,1.7993,-2.4753,5.083
29.629000,4.1472,1.7408,-2.4814,5.137
29.629000,4.3003,1.7393,-2.4539,5.248
29.629000,4.5749,1.7998,-2.5292,5.529
29.633000,4.8173,1.8141,-2.6160,5.774
29.636000,5.0892,1.7841,-2.5755,5.976
29.640000,5.2591,1.6885,-2.4534,6.044
29.646000,5.3580,1.5989,-2.3648,6.071
29.651000,5.4243,1.5199,-2.2767,6.076
29.659000,5.5201,1.4421,-2.0672,6.068
29.660000,5.6239,1.3175,-1.8921,6.078
29.666000,5.7143,1.2086,-1.6823,6.078
29.670000,5.8655,1.0865,-1.4310,6.135
29.732000,6.0461,0.9488,-1.2365,6.244
29.734000,6.1604,0.7929,-0.9675,6.286
29.737000,6.2204,0.6596,-0.6486,6.289
29.738000,6.2955,0.5583,-0.3688,6.331
29.740000,6.2806,0.4700,-0.1431,6.300
29.742000,6.2002,0.3977,0.0733,6.213
29.743000,6.0757,0.4174,0.2108,6.094
29.744000,5.9360,0.4886,0.3622,5.967
29.745000,5.7840,0.6477,0.4700,5.839
29.746000,5.5956,0.8608,0.5942,5.692
29.747000,5.4666,1.1017,0.6795,5.618
29.749000,5.3110,1.4302,0.8337,5.563
29.751000,5.1740,1.7096,1.0303,5.546
29.752000,5.1297,2.0572,1.1877,5.653
29.752000,5.0891,2.4676,1.2628,5.795
29.755000,5.2073,2.8925,1.3211,6.101
29.757000,5.2657,3.1996,1.2813,6.293
29.763000,5.1949,3.3577,1.3379,6.329
29.765000,5.1812,3.4356,1.3929,6.371
29.771000,5.1169,3.3497,1.2908,6.251
29.778000,5.0956,3.1554,1.1163,6.097
29.781000,5.0069,2.9072,0.8980,5.859
29.784000,4.8442,2.5889,0.6005,5.525
29.792000,4.6848,2.2491,0.2174,5.201
29.796000,4.5421,1.9343,-0.1626,4.939
29.799000,4.3835,1.5475,-0.4480,4.670
29.804000,4.1951,1.1272,-0.7815,4.414
29.853000,3.9940,0.7455,-1.0715,4.202
29.854000,3.8310,0.3578,-1.2313,4.040
29.855000,3.5863,-0.0508,-1.3036,3.816
29.855000,3.2988,-0.4197,-1.4292,3.620
29.855000,3.1154,-0.7119,-1.4707,3.518
29.856000,2.9040,-0.9713,-1.4088,3.371
29.856000,2.7324,-1.2372,-1.4393,3.327
29.856000,2.6433,-1.4552,-1.4733,3.358
29.857000,2.5894,-1.6482,-1.5177,3.424
29.857000,2.5806,-1.7969,-1.4647,3.469
29.864000,2.6089,-1.9046,-1.4173,3.527
29.864000,2.6770,-1.9638,-1.3092,3.569
29.870000,2.7611,-1.9862,-1.1366,3.586
29.875000,2.8200,-1.8845,-0.9308,3.517
29.878000,2.8946,-1.7825,-0.6501,3.461
29.883000,2.9197,-1.6600,-0.4148,3.384
29.893000,2.9100,-1.5690,-0.3027,3.320
29.894000,2.8769,-1.4962,-0.1412,3.246
29.898000,2.7366,-1.3986,0.0702,3.074
29.903000,2.6064,-1.2523,0.1588,2.896
29.955000,2.5128,-1.1958,0.2979,2.799
29.955000,2.3594,-1.1940,0.4394,2.681
29.956000,2.2614,-1.2340,0.5218,2.628
29.956000,2.1008,-1.2167,0.5643,2.492
29.956000,1.9427,-1.1627,0.5875,2.339
29.956000,1.8104,-1.1666,0.6323,2.245
29.957000,1.6011,-1.1421,0.6697,2.078
29.957000,1.3940,-1.2084,0.6974,1.972
29.957000,1.2298,-1.3007,0.7009,1.922
29.957000,1.0508,-1.4270,0.7071,1.908
29.958000,0.8788,-1.5606,0.6823,1.917
29.964000,0.6686,-1.7533,0.6338,1.981
29.969000,0.4415,-1.9560,0.5858,2.089
29.974000,0.1623,-2.1626,0.5288,2.232
29.978000,-0.1453,-2.3619,0.4608,2.411
29.983000,-0.4258,-2.5794,0.4065,2.646
29.988000,-0.7528,-2.7853,0.4239,2.916
29.993000,-1.0334,-2.9735,0.4150,3.175
29.998000,-1.3051,-3.1997,0.4046,3.479
30.002000,-1.5205,-3.4027,0.4075,3.749
30.010000,-1.7172,-3.5524,0.4362,3.970
30.032000,-1.9101,-3.7527,0.5053,4.241
30.033000,-2.1276,-3.9360,0.5676,4.510
30.033000,-2.3097,-4.0852,0.6471,4.737
30.034000,-2.4635,-4.2092,0.6844,4.925
30.035000,-2.6348,-4.3760,0.6966,5.155
30.081000,-2.7875,-4.4941,0.7702,5.344
30.083000,-2.9454,-4.5797,0.8673,5.514
30.085000,-3.0944,-4.7129,0.9615,5.719
30.086000,-3.2606,-4.8513,1.0432,5.938
30.088000,-3.4443,-4.9222,1.1123,6.110
30.090000,-3.6239,-5.0563,1.1876,6.333
30.091000,-3.8040,-5.1309,1.3119,6.521
30.092000,-3.9706,-5.2308,1.4132,6.717
30.094000,-4.1906,-5.2905,1.5106,6.916
30.095000,-4.4160,-5.3644,1.6252,7.136
30.096000,-4.5993,-5.4389,1.7618,7.338
30.097000,-4.7714,-5.5245,1.8651,7.534
30.098000,-4.9731,-5.5839,1.9378,7.724
30.103000,-5.1256,-5.5805,1.9776,7.831
30.114000,-5.4704,-5.5204,2.0509,8.038
30.118000,-5.4718,-5.5992,2.0554,8.094
30.119000,-5.6134,-5.5729,2.0554,8.173
30.122000,-5.7491,-5.5689,1.9721,8.243
30.191000,-5.7713,-5.6426,1.9014,8.292
30.192000,-5.8142,-5.6669,1.7809,8.312
30.192000,-5.9018,-5.7312,1.6539,8.391
30.193000,-5.9671,-5.7730,1.5126,8.439
30.193000,-6.0365,-5.8754,1.3402,8.530
30.194000,-6.0480,-6.0149,1.1558,8.608
30.194000,-5.9897,-6.1099,0.9997,8.614
30.194000,-5.9145,-6.2559,0.8354,8.650
30.195000,-5.9180,-6.4705,0.6989,8.797
30.195000,-5.9573,-6.6811,0.6042,8.972
30.195000,-6.0609,-6.8568,0.4936,9.165
30.196000,-6.1524,-7.0374,0.3289,9.353
30.196000,-6.1577,-7.1247,0.3421,9.423
30.197000,-6.2179,-7.2196,0.3131,9.533
30.197000,-6.2947,-7.3886,0.2203,9.709
30.203000,-6.3141,-7.6001,0.2366,9.884
30.207000,-6.3285,-7.7819,0.2782,10.034
30.212000,-6.3047,-7.9456,0.4217,10.152
30.217000,-6.2378,-8.0216,0.5540,10.177
30.223000,-6.1614,-8.0721,0.6706,10.177
30.228000,-6.0658,-8.0708,0.7770,10.126
30.231000,-5.9869,-8.0586,0.7617,10.068
30.237000,-5.8430,-8.0806,0.8167,10.005
30.301000,-5.6248,-8.1753,0.8398,9.959
30.302000,-5.3106,-8.2825,0.7880,9.870
30.302000,-4.9196,-8.3839,0.7193,9.747
30.302000,-4.4974,-8.4507,0.7050,9.599
30.303000,-4.0964,-8.4934,0.6731,9.454
30.304000,-3.7240,-8.5578,0.6613,9.356
30.304000,-3.3966,-8.5409,0.6691,9.216
30.304000,-3.1023,-8.4697,0.6673,9.045
30.305000,-2.9319,-8.4573,0.7149,8.980
30.305000,-2.8158,-8.4573,0.7012,8.941
30.305000,-2.5986,-8.3269,0.5524,8.740
30.306000,-2.3470,-8.1901,0.4362,8.531
30.306000,-2.0444,-8.0691,0.3310,8.331
30.306000,-1.8272,-7.9194,0.2825,8.132
30.312000,-1.7595,-7.7475,0.3189,7.951
30.316000,-1.7506,-7.5998,0.3966,7.809
30.322000,-1.7617,-7.5322,0.5872,7.758
30.327000,-1.6587,-7.4821,0.8347,7.709
30.330000,-1.5231,-7.3634,1.0767,7.596
30.336000,-1.3403,-7.0831,1.3584,7.336
30.396000,-1.0886,-6.7360,1.6409,7.018
30.397000,-0.8662,-6.2401,1.8767,6.574
30.397000,-0.6559,-5.6999,1.9393,6.056
30.398000,-0.4220,-5.1598,1.8465,5.496
30.398000,-0.1550,-4.6953,1.7475,5.012
30.399000,0.2075,-4.2768,1.5351,4.549
30.399000,0.5859,-3.9162,1.3253,4.176
30.399000,1.0092,-3.5840,1.0917,3.880
30.400000,1.4649,-3.2317,0.9139,3.664
30.400000,1.8327,-2.9424,0.7230,3.541
30.400000,2.1678,-2.6891,0.5189,3.493
30.401000,2.3527,-2.5231,0.3859,3.471
30.401000,2.5423,-2.3857,0.3002,3.499
30.406000,2.6653,-2.2875,0.2308,3.520
30.410000,2.6209,-2.2530,0.0725,3.457
30.416000,2.6099,-2.2251,-0.0665,3.430
30.421000,2.5755,-2.2142,-0.2100,3.403
30.427000,2.5169,-2.2357,-0.4154,3.392
30.430000,2.4802,-2.2834,-0.6208,3.428
30.435000,2.4509,-2.2524,-0.8497,3.435
30.498000,2.3520,-2.2054,-1.0665,3.396
30.499000,2.2344,-2.1914,-1.2522,3.371
30.500000,2.0856,-2.1203,-1.4216,3.296
30.500000,1.9444,-2.0749,-1.6660,3.296
30.500000,1.7939,-1.9765,-1.8848,3.268
30.501000,1.6051,-1.9067,-2.0496,3.227
30.501000,1.4242,-1.8617,-2.1081,3.153
30.501000,1.2606,-1.8110,-2.2085,3.122
30.502000,1.0566,-1.7355,-2.2310,3.018
30.502000,0.8777,-1.6794,-2.1686,2.880
30.502000,0.7330,-1.6170,-2.0285,2.696
30.503000,0.5969,-1.4993,-1.8388,2.447
30.503000,0.4668,-1.4177,-1.6142,2.198
30.505000,0.4023,-1.3029,-1.2879,1.876
30.511000,0.4065,-1.1898,-0.9198,1.558
30.514000,0.4072,-0.9737,-0.4720,1.156
30.520000,0.3348,-0.7653,-0.1290,0.845
30.525000,0.3072,-0.5565,0.2415,0.680
30.530000,0.3452,-0.2860,0.5773,0.731
30.535000,0.3172,-0.0569,0.9381,0.992
30.541000,0.3459,0.1174,1.2379,1.291
30.544000,0.4280,0.2981,1.5555,1.641
30.549000,0.5498,0.5076,1.8238,1.971
30.555000,0.7274,0.7952,2.0542,2.320
30.564000,0.8502,1.0836,2.2251,2.617
30.566000,0.9018,1.2826,2.2984,2.782
30.569000,0.9202,1.5303,2.4079,2.998
30.641000,0.9768,1.7235,2.4961,3.187
30.642000,1.0411,1.9085,2.5032,3.315
30.643000,1.1147,2.0701,2.4651,3.406
30.643000,1.1648,2.1303,2.4729,3.466
30.643000,1.2440,2.2038,2.4588,3.529
30.644000,1.3637,2.2640,2.4085,3.576
30.644000,1.4553,2.2782,2.2527,3.519
30.644000,1.4994,2.3514,2.1705,3.534
30.645000,1.5890,2.4760,2.2408,3.698
30.645000,1.8077,2.6019,2.2475,3.884
30.645000,1.9434,2.6509,2.1431,3.924
30.646000,2.1127,2.6752,2.0070,3.956
30.646000,2.2871,2.6725,1.9518,4.023
30.646000,2.5138,2.6544,1.9605,4.148
30.646000,2.7936,2.6382,1.9375,4.303
30.649000,3.1090,2.6906,2.0231,4.582
30.654000,3.4306,2.8348,2.1498,4.942
30.660000,3.7230,3.0138,2.1380,5.245
30.663000,3.9370,3.2288,2.0957,5.506
30.668000,4.1117,3.5066,2.0499,5.780
30.676000,4.2053,3.7148,2.0195,5.963
30.679000,4.3285,3.8804,2.0263,6.156
30.683000,4.4641,4.0364,1.9719,6.333
30.688000,4.6143,4.0899,1.9353,6.463
30.756000,4.7905,4.1002,1.8736,6.578
30.757000,5.0123,4.1110,1.9060,6.757
30.757000,5.2097,4.1123,1.8266,6.884
30.757000,5.3844,4.1970,1.7764,7.054
30.757000,5.4410,4.2958,1.7935,7.161
30.758000,5.4531,4.3941,1.6819,7.202
30.758000,5.3591,4.4324,1.5901,7.134
30.758000,5.2764,4.4013,1.4733,7.027
30.759000,5.1910,4.2892,1.3773,6.873
30.759000,5.1367,4.1491,1.2563,6.721
30.760000,5.1134,3.9691,1.0440,6.557
30.760000,5.0997,3.7039,0.8818,6.364
30.760000,5.1012,3.4521,0.7793,6.209
30.761000,5.0844,3.1612,0.6482,6.022
30.764000,5.0541,2.9150,0.6177,5.867
30.768000,5.0159,2.6948,0.6349,5.729
30.774000,4.9700,2.5508,0.6640,5.626
30.777000,4.9213,2.4977,0.6760,5.560
30.784000,4.8344,2.4660,0.6497,5.466
30.788000,4.8601,2.4845,0.6259,5.494
30.792000,5.0321,2.5798,0.6238,5.689
30.797000,5.2351,2.6917,0.6220,5.919
30.802000,5.4399,2.8150,0.5560,6.150
30.864000,5.6799,2.9187,0.4811,6.404
30.864000,5.9065,2.9808,0.3641,6.626
30.865000,6.1461,3.0515,0.2437,6.866
30.865000,6.3743,3.0349,0.1890,7.062
30.866000,6.6436,3.0625,0.1239,7.317
30.866000,6.9272,2.9905,0.0179,7.545
30.867000,7.2081,2.9169,0.0790,7.776
30.867000,7.5172,2.7938,0.1419,8.021
30.868000,7.8281,2.6259,0.2592,8.261
30.868000,8.0494,2.4251,0.4064,8.417
30.868000,8.1887,2.2130,0.5450,8.500
30.869000,8.2772,1.9945,0.6172,8.536
30.869000,8.3246,1.7791,0.7757,8.548
30.873000,8.3094,1.7057,0.9291,8.533
30.877000,8.3229,1.6714,0.9982,8.548
30.882000,8.3315,1.6977,1.0834,8.571
30.887000,8.2682,1.7556,1.2180,8.540
30.897000,8.1885,1.8096,1.3540,8.495
30.899000,8.0994,1.8427,1.4386,8.430
30.901000,8.0250,1.8839,1.5243,8.383
30.964000,7.9367,1.9499,1.6518,8.338
30.965000,7.8775,2.0023,1.7848,8.322
30.965000,7.8404,2.0292,1.9206,8.323
30.965000,7.7795,2.1453,2.0614,8.329
30.966000,7.6686,2.3481,2.1521,8.304
30.966000,7.5484,2.5558,2.3146,8.299
30.966000,7.5020,2.7683,2.5076,8.380
30.967000,7.3883,3.0164,2.6450,8.407
30.967000,7.3436,3.3071,2.7629,8.515
30.967000,7.2902,3.4554,2.8109,8.543
30.968000,7.1952,3.4545,2.7319,8.436
30.968000,7.0698,3.4137,2.6411,8.283
30.968000,6.9813,3.2519,2.4650,8.086
30.972000,6.8557,2.9882,2.2279,7.803
30.977000,6.6541,2.5982,2.0066,7.420
30.982000,6.4444,2.2020,1.6535,7.008
30.986000,6.1965,1.8002,1.3726,6.597
30.992000,5.9694,1.3441,1.0492,6.208
30.997000,5.7501,0.9233,0.8132,5.880
31.000000,5.5641,0.5369,0.5786,5.620
31.075000,5.3240,0.1281,0.3484,5.337
31.076000,5.1381,-0.3071,0.1955,5.151
31.077000,4.9100,-0.7003,0.0724,4.960
31.077000,4.6430,-1.0628,0.0631,4.763
31.077000,4.4025,-1.4058,0.0363,4.622
31.078000,4.1400,-1.8018,-0.0223,4.515
31.078000,3.8619,-2.1966,-0.0978,4.444
31.079000,3.6203,-2.5502,-0.1348,4.430
31.079000,3.3920,-2.8807,-0.1483,4.453
31.079000,3.1324,-3.1228,-0.1643,4.426
31.080000,2.8910,-3.3015,-0.2022,4.393
31.080000,2.6326,-3.3966,-0.1950,4.302
31.080000,2.4032,-3.4864,-0.2433,4.241
31.081000,2.1949,-3.5170,-0.2135,4.151
31.081000,1.9825,-3.4988,-0.2138,4.027
31.082000,1.7960,-3.4643,-0.1964,3.907
31.086000,1.5999,-3.3889,-0.1668,3.751
31.091000,1.4307,-3.2840,-0.1854,3.587
31.095000,1.2776,-3.1843,-0.1397,3.434
31.101000,1.1149,-3.1276,-0.0590,3.321
31.106000,0.9354,-3.0225,0.0124,3.164
31.114000,0.7863,-2.8871,0.0628,2.993
31.115000,0.6441,-2.8088,0.0410,2.882
31.119000,0.5272,-2.7291,0.1720,2.785
31.175000,0.4215,-2.6497,0.2780,2.697
31.176000,0.2936,-2.5919,0.3320,2.629
31.176000,0.2003,-2.5782,0.4731,2.629
31.176000,0.1133,-2.5886,0.5475,2.648
31.177000,0.0175,-2.5741,0.6081,2.645
31.177000,-0.0795,-2.5294,0.7335,2.635
31.177000,-0.2039,-2.5522,0.8210,2.689
31.177000,-0.3492,-2.5769,0.8973,2.751
31.178000,-0.4431,-2.6076,0.9176,2.800
31.178000,-0.5526,-2.6796,0.9343,2.891
31.178000,-0.6852,-2.7464,0.9504,2.986
31.180000,-0.8142,-2.8741,1.0017,3.151
31.185000,-0.9777,-3.0741,0.9828,3.372
31.189000,-1.1495,-3.2221,0.9727,3.557
31.194000,-1.3201,-3.3550,0.9381,3.725
31.199000,-1.4871,-3.4411,0.8959,3.854
31.204000,-1.7099,-3.5566,0.8801,4.043
31.212000,-1.9094,-3.6386,0.8858,4.204
31.216000,-2.0596,-3.7554,0.9210,4.381
31.219000,-2.2106,-3.8989,0.9642,4.585
31.275000,-2.3500,-4.0085,1.0389,4.761
31.275000,-2.4664,-4.1548,1.0978,4.955
31.276000,-2.5810,-4.3083,1.1622,5.155
31.276000,-2.7440,-4.4826,1.2433,5.401
31.276000,-2.9436,-4.6597,1.2647,5.655
31.277000,-3.0456,-4.7375,1.2474,5.768
31.277000,-3.1796,-4.8134,1.1798,5.888
31.278000,-3.3883,-4.9440,1.2461,6.122
31.278000,-3.5306,-5.0206,1.3549,6.286
31.278000,-3.6689,-5.1450,1.3966,6.472
31.279000,-3.8173,-5.2875,1.5242,6.697
31.279000,-3.9568,-5.4089,1.5245,6.873
31.284000,-4.0923,-5.5387,1.5745,7.064
31.288000,-4.2023,-5.6104,1.6503,7.201
31.294000,-4.3442,-5.7284,1.7253,7.393
31.298000,-4.4464,-5.7967,1.8185,7.529
31.304000,-4.5709,-5.9151,1.8172,7.693
31.310000,-4.7516,-5.9986,1.7935,7.860
31.313000,-4.8184,-6.0466,1.7813,7.934
31.317000,-4.8934,-6.1322,1.8473,8.060
31.323000,-4.9099,-6.2664,1.8407,8.171
31.376000,-4.9421,-6.4669,1.7186,8.319
31.377000,-5.0019,-6.6629,1.6440,8.492
31.378000,-4.9843,-6.8538,1.5779,8.620
31.378000,-4.9756,-7.0868,1.4243,8.775
31.379000,-4.9878,-7.3509,1.2833,8.976
31.379000,-5.0114,-7.6645,1.2265,9.239
31.379000,-5.0562,-7.9814,1.1429,9.517
31.380000,-5.1940,-8.2927,1.1066,9.847
31.380000,-5.4368,-8.5442,1.1837,10.196
31.380000,-5.6818,-8.6287,1.2781,10.410
31.381000,-5.8573,-8.6842,1.3636,10.563
31.384000,-6.1332,-8.6952,1.3717,10.729
31.389000,-6.3944,-8.7485,1.4872,10.938
31.394000,-6.6603,-8.8113,1.5886,11.159
31.398000,-6.7467,-8.7568,1.6813,11.182
31.403000,-6.8140,-8.6447,1.8570,11.163
31.407000,-6.8432,-8.6351,1.8064,11.165
31.413000,-6.7985,-8.6447,1.7115,11.130
31.417000,-6.7541,-8.6583,1.6883,11.110
31.425000,-6.6310,-8.6808,1.7247,11.059
31.429000,-6.4199,-8.6503,1.7032,10.906
31.432000,-6.1948,-8.5815,1.6793,10.716
31.437000,-5.9605,-8.5059,1.6030,10.509
31.515000,-5.6930,-8.4312,1.5463,10.290
31.515000,-5.4186,-8.4035,1.4591,10.105
31.516000,-5.0798,-8.3580,1.3459,9.873
31.516000,-4.7460,-8.2454,1.3173,9.605
31.516000,-4.3694,-8.1667,1.3129,9.355
31.517000,-4.0813,-8.1725,1.2396,9.219
31.517000,-3.8314,-8.1411,1.1623,9.072
31.518000,-3.5431,-8.0944,1.1743,8.914
31.518000,-3.2952,-8.0537,1.2777,8.795
31.518000,-3.0711,-8.0099,1.4410,8.699
31.519000,-2.9183,-7.9745,1.4413,8.613
31.519000,-2.8248,-7.9929,1.4200,8.596
31.519000,-2.7905,-7.8145,1.4127,8.417
31.520000,-2.8320,-7.5437,1.3855,8.176
31.520000,-2.9873,-7.2169,1.2974,7.918
31.520000,-3.0698,-6.9088,1.1343,7.645
31.523000,-2.9979,-6.5599,1.0015,7.282
31.528000,-2.8315,-6.1854,0.8421,6.855
31.532000,-2.5491,-5.7863,0.7092,6.363
31.538000,-2.2442,-5.3991,0.5769,5.875
31.543000,-1.9166,-5.1064,0.4818,5.475
31.546000,-1.5927,-4.9385,0.3975,5.204
31.552000,-1.3106,-4.8172,0.2886,5.001
31.598000,-1.0658,-4.7292,0.1911,4.852
31.599000,-0.7623,-4.7067,0.0950,4.769
31.600000,-0.5008,-4.7393,-0.0398,4.766
31.600000,-0.2165,-4.7946,-0.1580,4.802
31.601000,0.0500,-4.8755,-0.2860,4.884
31.601000,0.3247,-4.9920,-0.3185,5.013
31.601000,0.5579,-5.1308,-0.3944,5.176
31.603000,0.7997,-5.2209,-0.4803,5.304
31.603000,1.0643,-5.2772,-0.5929,5.416
31.603000,1.3066,-5.2699,-0.6771,5.472
31.606000,1.5097,-5.2024,-0.7281,5.466
31.611000,1.7356,-5.1522,-0.8439,5.502
31.616000,1.9129,-5.0748,-0.9258,5.502
31.621000,2.0149,-4.9028,-0.9432,5.384
31.628000,2.0444,-4.7045,-0.9922,5.225
31.631000,2.0634,-4.4902,-0.9868,5.039
31.636000,2.1074,-4.3041,-0.9589,4.887
31.644000,2.0285,-4.0563,-0.8754,4.619
31.647000,1.8717,-3.8104,-0.7207,4.306
31.651000,1.6472,-3.5672,-0.5334,3.965
31.656000,1.4578,-3.2959,-0.2833,3.615
31.726000,1.3101,-3.0263,-0.0353,3.298
31.727000,1.1407,-2.7031,0.2275,2.943
31.728000,0.9969,-2.4110,0.5142,2.659
31.728000,0.9220,-2.1189,0.7097,2.417
31.729000,0.8726,-1.8459,0.9336,2.245
31.729000,0.8727,-1.4750,1.1095,2.042
31.729000,0.9336,-1.1391,1.2708,1.945
31.730000,0.9606,-0.7760,1.3317,1.816
31.730000,1.0059,-0.4495,1.3568,1.748
31.730000,1.0667,-0.1526,1.4111,1.776
31.731000,1.1575,0.1863,1.3564,1.793
31.731000,1.3037,0.4607,1.3100,1.905
31.731000,1.4270,0.7244,1.2791,2.049
31.732000,1.4977,0.9804,1.2265,2.170
31.732000,1.5764,1.1919,1.1090,2.266
31.736000,1.6767,1.4224,0.9726,2.404
31.742000,1.7933,1.6495,0.8201,2.571
31.745000,1.8741,1.8385,0.6542,2.706
31.750000,1.9784,2.0938,0.5014,2.924
31.755000,2.1197,2.3141,0.3669,3.160
31.760000,2.1671,2.5050,0.1432,3.315
31.764000,2.1463,2.6396,-0.0279,3.402
31.769000,2.1337,2.6938,-0.1680,3.441
31.840000,2.0389,2.7214,-0.3370,3.417
31.841000,2.0003,2.7169,-0.4654,3.406
31.841000,1.9995,2.6578,-0.5102,3.365
31.841000,1.9812,2.6082,-0.5792,3.326
31.842000,2.0191,2.5442,-0.6535,3.313
31.842000,2.0664,2.4477,-0.6467,3.268
31.842000,2.1297,2.2681,-0.5760,3.164
31.842000,2.2112,2.1342,-0.5683,3.125
31.843000,2.3309,1.9997,-0.4822,3.109
31.843000,2.4005,1.8165,-0.3204,3.027
31.843000,2.5032,1.6179,0.0046,2.981
31.844000,2.5943,1.5268,0.1766,3.015
31.844000,2.6473,1.5189,0.4009,3.078
31.844000,2.7146,1.5508,0.5601,3.176
31.844000,2.7254,1.6116,0.7046,3.244
31.850000,2.7288,1.7070,0.9059,3.344
31.855000,2.7876,1.8593,1.1590,3.546
31.860000,2.9116,2.0354,1.3775,3.810
31.864000,3.1048,2.2225,1.5469,4.120
31.869000,3.3006,2.3708,1.7100,4.409
31.878000,3.5175,2.5756,1.8261,4.727
31.879000,3.6501,2.7433,1.9072,4.948
31.884000,3.8534,2.9263,2.0489,5.255
31.959000,4.0720,3.0907,2.1192,5.534
31.960000,4.2580,3.2965,2.1273,5.790
31.960000,4.3923,3.4768,2.1432,5.998
31.960000,4.5175,3.6238,2.1018,6.161
31.961000,4.6477,3.7258,2.0943,6.314
31.961000,4.7376,3.7445,2.0464,6.376
31.961000,4.8325,3.7302,1.9867,6.420
31.962000,4.8894,3.6998,1.8747,6.412
31.962000,4.9299,3.6533,1.6630,6.357
31.963000,4.9474,3.5195,1.5457,6.265
31.963000,5.0206,3.3844,1.3127,6.195
31.963000,5.1264,3.2510,1.1318,6.175
31.963000,5.2621,3.0953,0.8934,6.170
31.964000,5.4038,2.9506,0.7054,6.197
31.964000,5.5231,2.7647,0.5679,6.202
31.964000,5.6058,2.6214,0.4141,6.202
31.969000,5.7069,2.5540,0.2898,6.259
31.974000,5.8243,2.5507,0.1855,6.361
31.978000,6.0080,2.5779,0.1729,6.540
31.984000,6.1985,2.7075,0.1349,6.765
31.989000,6.3832,2.8003,0.0360,6.971
31.994000,6.6385,2.8059,0.0009,7.207
31.999000,6.8783,2.8561,-0.0251,7.448
32.002000,7.1429,2.9265,-0.0350,7.719
32.065000,7.4290,2.9664,-0.0546,7.999
32.066000,7.7201,2.9688,-0.0125,8.271
32.066000,8.0252,2.9933,0.1367,8.566
32.066000,8.2388,2.9798,0.2037,8.763
32.067000,8.4540,3.0024,0.3413,8.978
32.067000,8.6036,3.0131,0.5422,9.132
32.068000,8.7880,3.0166,0.7029,9.318
32.068000,8.9209,3.0057,0.9543,9.462
32.068000,9.0597,2.9853,1.1094,9.603
32.069000,9.1491,2.9503,1.2920,9.699
32.069000,9.2058,2.9270,1.4131,9.763
32.069000,9.2679,2.8676,1.5489,9.824
32.070000,9.2970,2.7863,1.7514,9.862
32.076000,9.2238,2.7405,1.9029,9.809
32.077000,9.1201,2.6727,2.0200,9.716
32.083000,8.9287,2.7074,2.1092,9.566
32.088000,8.7435,2.6869,2.2188,9.412
32.096000,8.5954,2.6492,2.2526,9.272
32.097000,8.4132,2.6690,2.1872,9.093
32.103000,8.1558,2.6429,2.1326,8.835
32.163000,7.8501,2.6452,2.0436,8.532
32.164000,7.4799,2.6642,1.9182,8.169
32.164000,7.0523,2.7331,1.7638,7.766
32.165000,6.5891,2.7993,1.6162,7.339
32.165000,6.1986,2.8893,1.5119,7.004
32.165000,5.8832,2.9221,1.3744,6.711
32.166000,5.6218,3.0006,1.0226,6.454
32.166000,5.3897,3.0404,0.8278,6.243
32.166000,5.1393,3.0559,0.5972,6.009
32.167000,4.9258,2.9684,0.3101,5.759
32.167000,4.7226,2.8088,0.0482,5.495
32.167000,4.6232,2.5915,-0.1807,5.303
32.168000,4.5440,2.3623,-0.4306,5.139
32.173000,4.5178,2.0823,-0.6490,5.017
32.178000,4.4349,1.7325,-0.9072,4.847
32.183000,4.3197,1.3971,-1.1300,4.678
32.186000,4.1955,1.0515,-1.3106,4.519
32.193000,4.0491,0.6705,-1.4651,4.358
32.197000,3.8634,0.2631,-1.6077,4.193
32.201000,3.6988,-0.0696,-1.6804,4.063
32.252000,3.5131,-0.4608,-1.7765,3.964
32.253000,3.3630,-0.8873,-1.8576,3.943
32.253000,3.0778,-1.3186,-1.8112,3.807
32.254000,2.7815,-1.6479,-1.7501,3.676
32.254000,2.5588,-1.9506,-1.7797,3.677
32.254000,2.3386,-2.1828,-1.7302,3.637
32.255000,2.1752,-2.3477,-1.6208,3.587
32.255000,1.9878,-2.4830,-1.4900,3.512
32.255000,1.8034,-2.5949,-1.3646,3.442
32.256000,1.7099,-2.6722,-1.2806,3.421
32.257000,1.5880,-2.7217,-1.1284,3.347
32.262000,1.5239,-2.7214,-0.8205,3.225
32.267000,1.4619,-2.6080,-0.5920,3.048
32.272000,1.4097,-2.4548,-0.3434,2.851
32.277000,1.3279,-2.2655,-0.0988,2.628
32.281000,1.3412,-2.0781,0.1320,2.477
32.286000,1.2606,-1.8854,0.3479,2.295
32.292000,1.2073,-1.7149,0.5276,2.163
32.297000,1.1407,-1.5734,0.6584,2.052
32.300000,1.0730,-1.5013,0.7326,1.985
32.353000,0.9914,-1.3800,0.8317,1.892
32.356000,0.8820,-1.2997,0.8017,1.764
32.356000,0.8041,-1.2232,0.7699,1.654
32.358000,0.7695,-1.1743,0.7457,1.590
32.359000,0.7210,-1.0976,0.6666,1.473
32.360000,0.6580,-1.1114,0.6621,1.451
32.360000,0.5712,-1.1196,0.6697,1.424
32.361000,0.4177,-1.1555,0.6701,1.400
32.362000,0.2664,-1.1700,0.6611,1.370
32.363000,0.1297,-1.2050,0.6544,1.377
32.363000,-0.0166,-1.2113,0.6556,1.377
32.364000,-0.2200,-1.3078,0.6053,1.458
32.366000,-0.3701,-1.3554,0.5896,1.524
32.371000,-0.4841,-1.4793,0.5566,1.653
32.376000,-0.6574,-1.6120,0.5450,1.824
32.381000,-0.8058,-1.7432,0.5232,1.990
32.385000,-0.9586,-1.8813,0.4628,2.162
32.390000,-1.1079,-2.0179,0.4763,2.351
32.395000,-1.2758,-2.1970,0.4875,2.587
32.400000,-1.4834,-2.3702,0.5370,2.847
32.405000,-1.6178,-2.5269,0.5889,3.058
32.411000,-1.7275,-2.6828,0.6455,3.255
32.415000,-1.8623,-2.8800,0.6880,3.498
32.420000,-2.0075,-3.0582,0.7667,3.738
32.496000,-2.1302,-3.2496,0.8699,3.982
32.497000,-2.2370,-3.4503,1.0064,4.233
32.498000,-2.3354,-3.6615,1.1313,4.488
32.498000,-2.4660,-3.7843,1.2729,4.693
32.498000,-2.6093,-3.9521,1.4166,4.943
32.499000,-2.7274,-4.0775,1.5768,5.153
32.499000,-2.8966,-4.1885,1.7179,5.374
32.500000,-3.0761,-4.3368,1.8777,5.639
32.500000,-3.2207,-4.4685,1.9944,5.858
32.500000,-3.3994,-4.6466,2.0818,6.122
32.501000,-3.5624,-4.7549,2.1879,6.331
32.501000,-3.6926,-4.8907,2.2980,6.545
32.501000,-3.8404,-4.9885,2.3285,6.712
32.502000,-4.0225,-5.0848,2.2870,6.875
32.502000,-4.2222,-5.1584,2.3216,7.059
32.502000,-4.3511,-5.3114,2.3007,7.241
32.505000,-4.4666,-5.4525,2.2745,7.406
32.512000,-4.5472,-5.5623,2.2570,7.531
32.514000,-4.5787,-5.7192,2.1525,7.636
32.521000,-4.5972,-5.8358,2.0716,7.712
32.525000,-4.6074,-5.9851,1.9827,7.809
32.529000,-4.6694,-6.1916,1.8358,7.969
32.534000,-4.7089,-6.3912,1.6477,8.108
32.539000,-4.7260,-6.6305,1.5352,8.286
32.593000,-4.6826,-6.9119,1.3954,8.465
32.594000,-4.6554,-7.2045,1.2761,8.672
32.595000,-4.6922,-7.4501,1.2295,8.890
32.595000,-4.7549,-7.6661,1.2502,9.107
32.596000,-4.8555,-7.8581,1.2610,9.323
32.596000,-5.0514,-8.0101,1.2762,9.555
32.596000,-5.2829,-8.1104,1.3264,9.770
32.597000,-5.4112,-8.2026,1.3974,9.926
32.597000,-5.5776,-8.3009,1.4082,10.099
32.597000,-5.7628,-8.3521,1.5576,10.266
32.598000,-5.8760,-8.3708,1.6924,10.366
32.599000,-5.9031,-8.3586,1.7697,10.385
32.604000,-5.9563,-8.3318,1.7828,10.396
32.608000,-5.9234,-8.3054,1.7654,10.353
32.614000,-5.8666,-8.2914,1.7084,10.300
32.619000,-5.7977,-8.2514,1.6384,10.217
32.625000,-5.6546,-8.2358,1.5965,10.117
32.629000,-5.4613,-8.1969,1.5209,9.966
32.636000,-5.2439,-8.1975,1.4886,9.844
32.638000,-4.9930,-8.2255,1.4443,9.730
32.677000,-4.7133,-8.2287,1.4911,9.600
32.678000,-4.4216,-8.3146,1.4753,9.532
32.678000,-4.1703,-8.3616,1.3972,9.448
32.679000,-3.8663,-8.3297,1.3291,9.279
32.679000,-3.6026,-8.2687,1.2611,9.107
32.679000,-3.2811,-8.2059,1.1772,8.916
32.680000,-2.9902,-8.0623,1.1440,8.675
32.680000,-2.7683,-7.9151,1.0397,8.449
32.683000,-2.6008,-7.7032,0.9340,8.184
32.689000,-2.5521,-7.5168,0.8771,7.987
32.694000,-2.6531,-7.3254,0.8374,7.836
32.698000,-2.8846,-7.1579,0.8074,7.759
32.702000,-3.1362,-6.9054,0.8658,7.633
32.708000,-3.3838,-6.5774,0.9308,7.455
32.712000,-3.4528,-6.2177,1.1009,7.197
32.718000,-3.4509,-5.8773,1.3543,6.949
32.725000,-3.4183,-5.5343,1.6620,6.714
32.727000,-3.2405,-5.2135,2.0167,6.461
32.732000,-2.9630,-4.8863,2.3134,6.165
32.737000,-2.6262,-4.6130,2.5839,5.904
32.779000,-2.2758,-4.4201,2.7539,5.683
32.780000,-1.8877,-4.2554,2.7929,5.429
32.780000,-1.3880,-4.0410,2.8115,5.115
32.781000,-0.7599,-3.7789,2.7924,4.760
32.781000,-0.1811,-3.6273,2.6523,4.497
32.781000,0.3247,-3.4992,2.4247,4.270
32.781000,0.8026,-3.4274,2.0692,4.083
32.782000,1.2357,-3.4103,1.7801,4.041
32.782000,1.5785,-3.3756,1.3438,3.961
32.787000,1.8547,-3.3554,0.8707,3.932
32.793000,2.0114,-3.3436,0.3082,3.914
32.797000,2.0205,-3.3267,-0.2573,3.901
32.802000,1.9843,-3.3302,-0.7485,3.948
32.807000,1.8770,-3.3332,-1.1536,3.996
32.817000,1.7752,-3.3338,-1.4657,4.051
32.817000,1.6501,-3.4058,-1.7901,4.187
32.822000,1.5239,-3.4424,-2.0455,4.284
32.827000,1.3820,-3.4128,-2.1796,4.279
32.831000,1.2101,-3.3916,-2.3369,4.293
32.836000,1.0373,-3.2529,-2.4386,4.196
32.844000,0.8561,-3.0337,-2.4827,4.012
32.846000,0.6457,-2.8139,-2.4096,3.760
32.851000,0.5016,-2.5844,-2.2962,3.493
32.888000,0.4212,-2.3671,-2.0662,3.170
32.889000,0.3668,-2.0914,-1.7533,2.754
32.889000,0.4146,-1.8322,-1.4365,2.365
32.890000,0.4780,-1.6285,-1.0778,2.010
32.891000,0.5096,-1.3691,-0.7233,1.630
32.892000,0.5686,-1.0939,-0.3708,1.287
32.892000,0.6029,-0.8185,-0.0849,1.020
32.893000,0.6312,-0.5631,0.1850,0.866
32.897000,0.6913,-0.2733,0.4295,0.859
32.902000,0.7671,0.0185,0.6441,1.002
32.907000,0.8509,0.2922,0.8413,1.232
32.911000,1.0492,0.5367,1.0263,1.563
32.916000,1.2222,0.8212,1.1346,1.859
32.922000,1.3521,1.0795,1.2981,2.163
32.926000,1.4407,1.2724,1.3424,2.344
32.931000,1.4791,1.3988,1.3465,2.441
32.935000,1.4598,1.5276,1.3224,2.493
32.941000,1.4709,1.6200,1.2272,2.509
32.948000,1.4344,1.7108,1.0897,2.484
32.951000,1.3978,1.8141,0.9318,2.472
32.958000,1.3536,1.8625,0.6939,2.405
32.961000,1.3168,1.8855,0.4456,2.343
32.967000,1.3955,1.8910,0.2873,2.368
32.970000,1.5031,1.9625,0.1375,2.476
33.020000,1.6516,1.9706,-0.0275,2.571
33.020000,1.7447,2.0537,-0.1484,2.699
33.021000,1.8212,2.0663,-0.2347,2.764
33.021000,1.9219,2.1401,-0.3418,2.897
33.021000,2.0448,2.2325,-0.3833,3.052
33.022000,2.1895,2.3097,-0.4357,3.212
33.022000,2.4034,2.4023,-0.4395,3.426
33.022000,2.6109,2.5232,-0.4208,3.655
33.023000,2.8273,2.6210,-0.3487,3.871
33.023000,3.0840,2.7221,-0.3287,4.127
33.025000,3.2947,2.8814,-0.1810,4.381
33.032000,3.4969,3.0171,-0.0378,4.619
33.034000,3.6459,3.1584,0.1320,4.826
33.040000,3.7746,3.2785,0.3256,5.010
33.045000,3.8801,3.3892,0.4946,5.176
33.050000,3.9945,3.4553,0.6150,5.317
33.055000,4.0978,3.5291,0.7084,5.454
33.060000,4.2360,3.6203,0.7700,5.625
33.065000,4.4277,3.7146,0.8118,5.836
33.069000,4.6749,3.8019,0.8814,6.090
33.107000,4.8511,3.8182,0.9956,6.253
33.108000,5.0273,3.8680,1.0654,6.432
33.108000,5.1488,3.9710,1.0762,6.591
33.108000,5.2938,4.0426,1.0907,6.750
33.109000,5.3601,4.0787,1.0468,6.816
33.109000,5.3857,4.0362,1.0951,6.819
33.109000,5.4736,3.9799,1.1254,6.861
33.110000,5.6548,3.9073,1.1257,6.965
33.119000,5.8170,3.8212,1.0768,7.043
33.120000,5.9050,3.6951,0.9576,7.031
33.125000,5.9886,3.5341,0.8378,7.004
33.130000,6.0751,3.3791,0.7628,6.993
33.134000,6.1454,3.2014,0.6563,6.960
33.140000,6.2454,3.0419,0.5328,6.967
33.144000,6.3538,2.9128,0.4308,7.003
33.149000,6.4874,2.8357,0.3670,7.090
33.155000,6.6437,2.8559,0.3321,7.239
33.159000,6.8822,2.9755,0.2329,7.501
33.165000,7.1145,3.0941,0.1817,7.760
33.170000,7.2972,3.1610,0.1094,7.953
33.176000,7.4824,3.2599,0.0546,8.162
33.180000,7.6391,3.3070,0.0051,8.324
33.185000,7.7554,3.3693,-0.0604,8.456
33.248000,7.8836,3.4131,-0.1251,8.592
33.250000,7.9902,3.3883,-0.1174,8.680
33.250000,8.1636,3.4096,-0.1856,8.849
33.251000,8.3698,3.4599,-0.2170,9.059
33.251000,8.5512,3.4051,-0.2093,9.207
33.252000,8.6381,3.2380,-0.1197,9.226
33.252000,8.6955,3.0259,-0.0035,9.207
33.252000,8.7737,2.8214,0.0385,9.216
33.253000,8.8847,2.6581,0.1497,9.275
33.253000,8.9923,2.4616,0.2744,9.327
33.254000,9.0677,2.2652,0.4172,9.356
33.255000,9.0418,2.0836,0.5084,9.293
33.256000,8.9792,1.9572,0.6076,9.210
33.256000,8.9017,1.8286,0.7001,9.114
33.259000,8.7636,1.7168,0.8265,8.968
33.264000,8.4746,1.6340,0.9148,8.679
33.268000,8.1453,1.5492,1.0607,8.359
33.273000,7.8522,1.5797,1.0413,8.077
33.283000,7.4882,1.6682,1.0605,7.745
33.283000,7.1806,1.7743,1.0778,7.475
33.288000,6.8812,1.9621,1.1051,7.240
33.294000,6.5809,2.1889,1.0778,7.019
33.298000,6.2479,2.4134,1.0104,6.774
33.302000,5.9638,2.6237,0.9582,6.586
33.350000,5.6932,2.7963,0.8999,6.406
33.352000,5.4639,2.9065,0.8188,6.243
33.353000,5.2932,3.0098,0.6534,6.124
33.354000,5.1445,2.9907,0.4876,5.971
33.355000,5.0348,2.9094,0.3480,5.825
33.356000,4.9426,2.8018,0.1253,5.683
33.357000,4.8672,2.5836,-0.1182,5.512
33.358000,4.8090,2.3172,-0.2767,5.345
33.359000,4.6919,2.0222,-0.4547,5.129
33.361000,4.5320,1.7290,-0.6047,4.888
33.363000,4.3662,1.3570,-0.7355,4.631
33.366000,4.1940,0.9752,-0.8806,4.395
33.370000,3.9780,0.5843,-1.0514,4.156
33.373000,3.7596,0.2520,-1.2139,3.959
33.378000,3.5836,-0.0774,-1.3369,3.826
33.383000,3.3912,-0.4844,-1.4629,3.725
33.388000,3.2191,-0.8866,-1.5628,3.687
33.393000,3.0810,-1.1890,-1.6579,3.695
33.397000,2.8986,-1.4579,-1.7242,3.674
33.402000,2.7181,-1.7259,-1.8001,3.689
33.464000,2.5155,-1.9645,-1.8277,3.678
33.465000,2.3960,-2.1308,-1.8811,3.717
33.465000,2.2523,-2.2528,-1.9007,3.710
33.465000,2.1730,-2.2876,-1.9202,3.693
33.466000,2.1322,-2.2846,-1.8799,3.647
33.466000,2.1003,-2.2691,-1.7485,3.552
33.466000,2.1135,-2.1665,-1.6034,3.425
33.467000,2.1359,-2.0366,-1.4292,3.279
33.467000,2.1356,-1.8638,-1.2427,3.095
33.468000,2.1393,-1.6954,-1.0429,2.922
33.468000,2.1342,-1.5184,-0.7799,2.733
33.468000,2.0701,-1.4044,-0.5239,2.556
33.469000,1.9496,-1.2502,-0.2736,2.332
33.474000,1.8438,-1.1192,-0.1147,2.160
33.478000,1.7385,-1.0303,0.0861,2.023
33.482000,1.6266,-0.9232,0.2778,1.891
33.487000,1.5508,-0.8349,0.4298,1.813
33.493000,1.4969,-0.7525,0.5842,1.774
33.497000,1.4258,-0.7589,0.6985,1.760
33.502000,1.3523,-0.7842,0.8348,1.772
33.508000,1.2405,-0.7969,0.9754,1.768
33.513000,1.1330,-0.8558,1.0516,1.767
33.516000,1.0228,-0.9482,1.1374,1.800
33.521000,0.8098,-0.9663,1.2327,1.763
33.579000,0.6205,-1.0593,1.3238,1.805
33.580000,0.4168,-1.1622,1.3558,1.834
33.580000,0.2447,-1.2670,1.3839,1.892
33.580000,0.0368,-1.4392,1.4161,2.019
33.581000,-0.1795,-1.5573,1.4162,2.113
33.581000,-0.4101,-1.7315,1.4092,2.270
33.581000,-0.6158,-1.8837,1.3951,2.424
33.581000,-0.8063,-2.0950,1.3282,2.608
33.582000,-1.0458,-2.3363,1.2658,2.856
33.582000,-1.2290,-2.5405,1.2248,3.077
33.582000,-1.4251,-2.7548,1.2552,3.346
33.583000,-1.6105,-2.9398,1.2758,3.587
33.586000,-1.7608,-3.1344,1.3701,3.847
33.592000,-1.8835,-3.3401,1.4188,4.089
33.597000,-2.1195,-3.5678,1.4602,4.399
33.601000,-2.3128,-3.7090,1.6025,4.656
33.612000,-2.4973,-3.8369,1.7642,4.906
33.613000,-2.6298,-4.0556,1.8876,5.189
33.616000,-2.7340,-4.2802,2.0582,5.480
33.621000,-2.8630,-4.4763,2.2044,5.753
33.681000,-3.0139,-4.6948,2.2469,6.014
33.682000,-3.2541,-4.8056,2.4182,6.287
33.683000,-3.4614,-4.8105,2.5525,6.453
33.683000,-3.6715,-4.8687,2.7504,6.689
33.683000,-3.8608,-4.9621,2.8995,6.924
33.684000,-3.9956,-5.1064,2.9283,7.114
33.684000,-4.1188,-5.2312,2.9189,7.270
33.685000,-4.2642,-5.3571,2.9675,7.462
33.685000,-4.3646,-5.5514,3.0331,7.686
33.685000,-4.4084,-5.7722,3.0368,7.872
33.686000,-4.4075,-5.9568,2.9860,7.989
33.686000,-4.3883,-6.1593,2.9495,8.118
33.686000,-4.3487,-6.3906,2.9112,8.260
33.692000,-4.3126,-6.5991,2.8035,8.367
33.696000,-4.2323,-6.7862,2.7465,8.456
33.701000,-4.1654,-7.0253,2.6726,8.594
33.705000,-4.1286,-7.2585,2.5219,8.723
33.711000,-4.1222,-7.5058,2.4162,8.898
33.715000,-4.1293,-7.7620,2.3337,9.096
33.720000,-4.1716,-7.9665,2.2114,9.261
33.726000,-4.2781,-8.1417,2.0802,9.430
33.730000,-4.4749,-8.3012,2.0040,9.641
33.735000,-4.7504,-8.3748,1.9555,9.825
33.815000,-4.9396,-8.3797,2.0059,9.932
33.816000,-5.1862,-8.3246,1.9485,10.000
33.817000,-5.4186,-8.2198,1.9776,10.042
33.817000,-5.6367,-8.1362,2.0212,10.102
33.818000,-5.8239,-8.1020,2.0987,10.196
33.818000,-5.9634,-8.1194,2.2078,10.313
33.818000,-6.0291,-8.1542,2.2959,10.398
33.819000,-6.0115,-8.1439,2.4064,10.404
33.819000,-5.9130,-8.1653,2.4623,10.378
33.820000,-5.8103,-8.1440,2.4599,10.302
33.820000,-5.6912,-8.0900,2.3229,10.160
33.820000,-5.5461,-8.0301,2.2102,10.006
33.821000,-5.3891,-7.9642,2.1227,9.848
33.821000,-5.1987,-7.8760,1.9843,9.643
33.822000,-4.9987,-7.7588,1.9485,9.433
33.822000,-4.8226,-7.6492,1.8605,9.232
33.822000,-4.6654,-7.5256,1.7562,9.027
33.827000,-4.5174,-7.4243,1.7896,8.873
33.829000,-4.3475,-7.3808,1.8405,8.762
33.835000,-4.1843,-7.3549,1.8450,8.661
33.844000,-4.0184,-7.2847,1.8270,8.518
33.845000,-3.8735,-7.2847,1.7715,8.439
33.850000,-3.8118,-7.3096,1.7024,8.418
33.854000,-3.6921,-7.3332,1.5573,8.357
33.914000,-3.6651,-7.3117,1.5198,8.319
33.915000,-3.6972,-7.2071,1.4575,8.230
33.915000,-3.7381,-6.9817,1.4060,8.043
33.916000,-3.8067,-6.6801,1.3506,7.806
33.916000,-3.8910,-6.2983,1.3302,7.522
33.916000,-3.9047,-5.8716,1.3614,7.182
33.917000,-3.8310,-5.4823,1.4450,6.843
33.917000,-3.7009,-5.1749,1.5334,6.544
33.918000,-3.5073,-4.8976,1.6270,6.240
33.918000,-3.2477,-4.6967,1.6573,5.946
33.918000,-2.9437,-4.5641,1.6407,5.673
33.919000,-2.6000,-4.4481,1.6590,5.413
33.919000,-2.2360,-4.3642,1.6479,5.173
33.924000,-1.8875,-4.2542,1.5591,4.908
33.928000,-1.6693,-4.2532,1.4046,4.780
33.933000,-1.4474,-4.3020,1.2065,4.697
33.940000,-1.1500,-4.3873,1.0339,4.652
33.944000,-0.8179,-4.4554,0.7935,4.599
33.949000,-0.4556,-4.5650,0.5738,4.623
33.954000,-0.1567,-4.6977,0.3416,4.713
34.014000,0.1193,-4.8282,0.1065,4.831
34.016000,0.2963,-4.9695,-0.1435,4.980
34.020000,0.4223,-5.0840,-0.4012,5.117
34.021000,0.5568,-5.1720,-0.6042,5.237
34.022000,0.5713,-5.1603,-0.7120,5.240
34.023000,0.6738,-5.1047,-0.8396,5.217
34.026000,0.7421,-5.0394,-1.0059,5.192
34.028000,0.7959,-4.9127,-1.0483,5.086
34.029000,0.8013,-4.7165,-1.0289,4.894
34.031000,0.7566,-4.4449,-1.0539,4.630
34.032000,0.7448,-4.1018,-1.0540,4.300
34.033000,0.6925,-3.7241,-0.9770,3.912
34.034000,0.5968,-3.3443,-0.8570,3.504
34.035000,0.5131,-2.9857,-0.7686,3.125
34.036000,0.4776,-2.6259,-0.6092,2.738
34.036000,0.4900,-2.2705,-0.5679,2.391
34.038000,0.5837,-1.8958,-0.4919,2.044
34.044000,0.6838,-1.5149,-0.3432,1.697
34.048000,0.7978,-1.1657,-0.2727,1.439
34.054000,0.9183,-0.8436,-0.2562,1.273
34.058000,1.0075,-0.5432,-0.1814,1.159
34.064000,1.1390,-0.1700,0.0472,1.153
34.070000,1.3477,0.1122,0.0804,1.355
34.073000,1.4981,0.3981,0.0811,1.552
34.077000,1.6494,0.7104,0.1027,1.799
34.082000,1.7982,0.9738,0.1695,2.052
34.088000,2.0409,1.2565,0.2980,2.415
34.153000,2.2877,1.5135,0.3210,2.762
34.154000,2.4148,1.7463,0.3152,2.997
34.154000,2.5196,1.9537,0.2688,3.200
34.155000,2.6469,2.1376,0.2586,3.412
34.155000,2.7453,2.2734,0.1453,3.567
34.155000,2.7966,2.4121,-0.0132,3.693
34.155000,2.8077,2.4914,-0.1448,3.756
34.156000,2.8108,2.5271,-0.2568,3.788
34.156000,2.7791,2.5618,-0.3991,3.801
34.156000,2.7799,2.5578,-0.4948,3.810
34.157000,2.8295,2.5029,-0.5938,3.824
34.157000,2.9048,2.4150,-0.6725,3.837
34.157000,3.0344,2.4351,-0.7407,3.961
34.158000,3.1291,2.5029,-0.7432,4.075
34.163000,3.1872,2.5759,-0.8236,4.180
34.166000,3.1869,2.5892,-0.8451,4.192
34.171000,3.2022,2.5692,-0.8148,4.186
34.178000,3.2578,2.5552,-0.7279,4.204
34.182000,3.2938,2.5636,-0.5892,4.215
34.186000,3.4246,2.5535,-0.4853,4.299
34.228000,3.5456,2.5998,-0.3899,4.414
34.229000,3.6631,2.6612,-0.2152,4.533
34.229000,3.7230,2.6881,0.0028,4.592
34.229000,3.8398,2.7281,0.1583,4.713
34.230000,3.9412,2.8000,0.2535,4.841
34.230000,4.0878,2.8997,0.3580,5.025
34.230000,4.3194,3.0529,0.4643,5.310
34.231000,4.5398,3.1873,0.5603,5.575
34.231000,4.7518,3.2604,0.6198,5.796
34.237000,4.9306,3.2476,0.7265,5.949
34.242000,5.0958,3.2906,0.8730,6.128
34.246000,5.2017,3.2719,0.9131,6.213
34.251000,5.2766,3.2702,1.0165,6.290
34.260000,5.3499,3.2742,1.0994,6.368
34.263000,5.3976,3.2358,1.1066,6.390
34.309000,5.4673,3.1863,1.1217,6.427
34.310000,5.5549,3.1668,1.0564,6.481
34.311000,5.6791,3.1362,0.9444,6.556
34.311000,5.8330,3.0663,0.8979,6.651
34.311000,5.9398,3.0167,0.7471,6.704
34.312000,5.9851,2.8844,0.5712,6.668
34.312000,5.9743,2.7825,0.3488,6.600
34.312000,6.0034,2.7205,0.1569,6.593
34.313000,6.0652,2.6555,-0.0304,6.621
34.313000,6.1674,2.6214,-0.2013,6.704
34.317000,6.3288,2.6488,-0.3293,6.869
34.320000,6.5303,2.7142,-0.4121,7.084
34.326000,6.7094,2.8529,-0.4734,7.306
34.331000,6.8944,3.0120,-0.5467,7.543
34.335000,7.0829,3.1175,-0.6059,7.762
34.340000,7.1742,3.1931,-0.7583,7.889
34.346000,7.2972,3.3032,-0.7425,8.044
34.350000,7.5861,3.3498,-0.6623,8.319
34.356000,7.8224,3.4333,-0.8357,8.583
34.360000,8.0513,3.4861,-0.9369,8.823
34.366000,8.3347,3.5181,-1.0593,9.109
34.370000,8.6385,3.4712,-1.2260,9.390
34.375000,8.8933,3.3720,-1.3248,9.603
34.380000,9.2016,3.2035,-1.3986,9.843
34.385000,9.4268,2.9824,-1.5052,10.001
34.436000,9.6502,2.7638,-1.5201,10.153
34.437000,9.8525,2.5976,-1.5990,10.314
34.437000,10.0190,2.4644,-1.5962,10.440
34.437000,10.0231,2.3450,-1.6169,10.420
34.438000,9.8986,2.1990,-1.6108,10.267
34.438000,9.7606,2.0740,-1.6165,10.109
34.439000,9.5305,2.0157,-1.5745,9.868
34.439000,9.2807,2.0053,-1.6759,9.642
34.439000,9.0110,2.0400,-1.7581,9.405
34.440000,8.6240,2.1274,-1.8108,9.065
34.440000,8.2948,2.2126,-1.8246,8.777
34.448000,8.0112,2.3217,-1.8380,8.541
34.451000,7.7066,2.5148,-1.8434,8.313
34.456000,7.3590,2.7267,-1.7956,8.051
34.462000,7.0381,2.9719,-1.7949,7.848
34.465000,6.7702,3.1213,-1.7429,7.656
34.471000,6.5165,3.2413,-1.6301,7.458
34.477000,6.3348,3.3275,-1.4350,7.298
34.480000,6.1510,3.3203,-1.3085,7.111
34.484000,6.0073,3.2260,-1.3008,6.942
34.552000,5.8854,3.0789,-1.3182,6.772
34.553000,5.7844,2.8637,-1.3436,6.593
34.554000,5.6592,2.5666,-1.3360,6.356
34.554000,5.5011,2.2144,-1.4171,6.097
34.555000,5.3619,1.7609,-1.4955,5.838
34.555000,5.2329,1.3336,-1.6044,5.633
34.555000,5.0932,0.9091,-1.6291,5.424
34.556000,4.9543,0.3934,-1.6098,5.224
34.556000,4.7483,-0.0111,-1.5993,5.010
34.557000,4.5511,-0.4656,-1.5903,4.843
34.557000,4.3351,-0.9188,-1.5112,4.682
34.557000,4.0988,-1.2719,-1.3956,4.513
34.558000,3.8870,-1.5258,-1.3081,4.376
34.558000,3.6287,-1.7465,-1.2269,4.210
34.562000,3.4541,-1.9523,-1.1883,4.142
34.564000,3.2787,-2.1344,-1.0698,4.056
34.569000,3.0986,-2.2416,-0.9653,3.944
34.574000,2.9154,-2.3083,-0.8747,3.820
34.579000,2.7582,-2.3294,-0.7508,3.687
34.585000,2.6298,-2.2588,-0.6156,3.521
34.589000,2.4624,-2.1170,-0.4161,3.274
34.594000,2.2946,-1.9943,-0.2466,3.050
34.599000,2.1242,-1.8235,-0.0551,2.800
34.604000,1.9887,-1.6535,0.1228,2.589
34.609000,1.8335,-1.5171,0.2934,2.398
34.614000,1.7366,-1.3772,0.4426,2.260
34.618000,1.6412,-1.2928,0.6676,2.193
34.683000,1.4962,-1.2243,0.8677,2.119
34.685000,1.3545,-1.1521,1.0517,2.066
34.686000,1.1944,-1.0645,1.1715,1.983
34.690000,1.0139,-1.0352,1.3699,1.994
34.693000,0.8456,-0.9646,1.5111,1.982
34.695000,0.7095,-0.9189,1.6354,2.006
34.695000,0.5664,-0.9348,1.7263,2.043
34.695000,0.4555,-0.9968,1.8335,2.136
34.696000,0.3735,-1.0342,1.9194,2.212
34.696000,0.2561,-1.1115,1.9934,2.297
34.698000,0.1775,-1.1543,1.9933,2.310
34.698000,0.0829,-1.2314,2.0100,2.359
34.698000,-0.0640,-1.3321,2.0084,2.411
34.699000,-0.1646,-1.4503,2.0239,2.495
34.699000,-0.3269,-1.5608,1.9972,2.556
34.699000,-0.4693,-1.6680,1.9741,2.627
34.703000,-0.6679,-1.7710,1.8972,2.680
34.713000,-0.7627,-1.9184,1.8557,2.776
34.715000,-0.8878,-2.0531,1.8814,2.923
34.720000,-1.0118,-2.1819,1.8477,3.033
34.723000,-1.1154,-2.3333,1.8623,3.187
34.802000,-1.2342,-2.5138,1.8323,3.347
34.804000,-1.2945,-2.7199,1.9062,3.565
34.805000,-1.4228,-2.9483,1.9499,3.810
34.807000,-1.5206,-3.1718,1.9797,4.036
34.808000,-1.6602,-3.3464,2.0605,4.266
34.812000,-1.7744,-3.5145,2.0987,4.462
34.813000,-1.8340,-3.6840,2.1251,4.632
34.815000,-1.9163,-3.8482,2.2194,4.838
34.816000,-1.9923,-4.0392,2.3502,5.080
34.819000,-2.0188,-4.2805,2.4861,5.346
34.820000,-2.0987,-4.4909,2.5598,5.579
34.824000,-2.2511,-4.6194,2.5306,5.728
34.825000,-2.4736,-4.8111,2.6190,6.010
34.826000,-2.6585,-4.9452,2.7236,6.240
34.827000,-2.8295,-5.0781,2.7534,6.432
34.828000,-2.9750,-5.2348,2.9093,6.687
34.828000,-3.0517,-5.3372,2.9634,6.825
34.829000,-3.1797,-5.4420,2.9472,6.958
34.829000,-3.3014,-5.5746,2.9464,7.117
34.830000,-3.4025,-5.7439,2.9322,7.292
34.830000,-3.5357,-5.8838,2.9429,7.469
34.834000,-3.6652,-6.0058,2.9732,7.638
34.837000,-3.7169,-6.1878,2.8865,7.774
34.847000,-3.7867,-6.3427,2.8165,7.906
34.850000,-3.9250,-6.4953,2.6816,8.049
34.852000,-4.0359,-6.7233,2.5684,8.252
34.915000,-4.1793,-6.9372,2.5028,8.477
34.916000,-4.3244,-7.2127,2.4552,8.761
34.917000,-4.3899,-7.4791,2.4327,9.007
34.917000,-4.4692,-7.7211,2.2894,9.210
34.918000,-4.5934,-7.9570,2.2456,9.458
34.918000,-4.7722,-8.2047,2.2027,9.744
34.919000,-5.0343,-8.4169,2.2109,10.054
34.919000,-5.2958,-8.5535,2.2845,10.316
34.920000,-5.4925,-8.6137,2.3060,10.473
34.920000,-5.7462,-8.6518,2.2928,10.636
34.920000,-6.0259,-8.7041,2.3311,10.840
34.921000,-6.3627,-8.6595,2.3880,11.008
34.921000,-6.6440,-8.6155,2.4185,11.145
34.922000,-6.8987,-8.6151,2.5158,11.320
34.927000,-7.0887,-8.5615,2.6133,11.418
34.932000,-7.2261,-8.5436,2.6457,11.498
34.937000,-7.3182,-8.5392,2.5638,11.535
34.944000,-7.3815,-8.5049,2.4718,11.530
34.947000,-7.4449,-8.4244,2.3596,11.488
34.951000,-7.3696,-8.4242,2.2038,11.408
35.013000,-7.2204,-8.4826,1.9809,11.314
35.013000,-7.0164,-8.5234,1.6742,11.166
35.014000,-6.7314,-8.5324,1.4132,10.959
35.014000,-6.4154,-8.5390,1.1343,10.741
35.015000,-5.9920,-8.4644,0.9451,10.414
35.015000,-5.5926,-8.3599,0.7456,10.086
35.015000,-5.2076,-8.2975,0.6173,9.816
35.016000,-4.9158,-8.3445,0.5221,9.699
35.016000,-4.7193,-8.4201,0.3337,9.658
35.017000,-4.5199,-8.4638,0.0828,9.595
35.017000,-4.2938,-8.5119,-0.1894,9.535
35.017000,-3.9857,-8.5145,-0.4347,9.411
35.018000,-3.6889,-8.4353,-0.6248,9.228
35.021000,-3.5422,-8.2972,-0.7694,9.054
35.026000,-3.5260,-8.2070,-0.8191,8.970
35.030000,-3.6570,-8.0264,-0.7936,8.856
35.036000,-3.7722,-7.7338,-0.7435,8.637
35.044000,-3.8666,-7.4519,-0.5620,8.414
35.047000,-3.9281,-7.1475,-0.2540,8.160
35.050000,-3.8060,-6.8138,0.0537,7.805
35.055000,-3.5217,-6.4879,0.3035,7.388
35.107000,-3.2427,-6.1665,0.5465,6.989
35.107000,-2.8585,-5.9158,0.7417,6.612
35.108000,-2.4412,-5.6223,0.8754,6.192
35.108000,-1.9691,-5.3330,0.8617,5.750
35.109000,-1.4900,-5.1163,0.8013,5.389
35.109000,-0.9799,-4.9739,0.7545,5.125
35.109000,-0.5038,-4.8929,0.6212,4.958
35.110000,-0.0469,-4.8074,0.5255,4.836
35.110000,0.4621,-4.7272,0.4008,4.767
35.110000,0.8727,-4.6605,0.2994,4.751
35.111000,1.2802,-4.6332,0.2697,4.814
35.116000,1.5629,-4.6447,0.2252,4.906
35.124000,1.8285,-4.6425,0.2021,4.994
35.125000,2.0987,-4.6330,0.1046,5.087
35.130000,2.4280,-4.6108,-0.0455,5.211
35.134000,2.6877,-4.5815,-0.2405,5.317
35.140000,2.8249,-4.4985,-0.3823,5.326
35.144000,2.9207,-4.3340,-0.4712,5.247
35.151000,3.0020,-4.1295,-0.5917,5.140
35.155000,3.0585,-3.8248,-0.6630,4.942
35.159000,3.0190,-3.5333,-0.7591,4.709
35.164000,3.0098,-3.2177,-0.8523,4.488
35.169000,2.8991,-2.9027,-0.8976,4.200
35.219000,2.7904,-2.6367,-0.9149,3.947
35.220000,2.6685,-2.3473,-0.8671,3.658
35.220000,2.5151,-2.0853,-0.8460,3.375
35.220000,2.4565,-1.7796,-0.7423,3.123
35.221000,2.4256,-1.4088,-0.6522,2.880
35.221000,2.3911,-0.9947,-0.5708,2.652
35.221000,2.3523,-0.6172,-0.4095,2.466
35.222000,2.3843,-0.3083,-0.2352,2.416
35.222000,2.4385,0.0246,-0.0715,2.440
35.222000,2.6004,0.2895,0.1345,2.620
35.229000,2.8512,0.5640,0.2917,2.921
35.230000,3.0395,0.8878,0.3885,3.190
35.235000,3.2007,1.1648,0.4707,3.438
35.240000,3.2627,1.4183,0.4550,3.587
35.244000,3.2494,1.6987,0.5337,3.705
35.248000,3.2917,1.9288,0.5444,3.854
35.253000,3.3162,2.1241,0.4996,3.970
35.258000,3.2621,2.3121,0.4432,4.023
35.263000,3.1662,2.4106,0.2558,3.988
35.268000,3.1022,2.4406,0.1605,3.950
35.275000,3.0339,2.4332,0.0497,3.889
35.278000,2.8999,2.4421,-0.1270,3.793
35.283000,2.8410,2.4742,-0.3834,3.787
35.288000,2.7732,2.4936,-0.5948,3.777
35.334000,2.7141,2.5203,-0.8018,3.790
35.335000,2.5747,2.5658,-0.9870,3.766
35.335000,2.4991,2.5735,-1.1027,3.753
35.336000,2.4152,2.5790,-1.1699,3.722
35.336000,2.3763,2.5736,-1.1675,3.692
35.336000,2.3488,2.5595,-1.0932,3.642
35.337000,2.3709,2.5274,-1.0262,3.614
35.337000,2.3971,2.4532,-0.8832,3.542
35.337000,2.4471,2.4072,-0.7557,3.515
35.346000,2.5088,2.3435,-0.5746,3.481
35.346000,2.5842,2.3123,-0.3475,3.485
35.347000,2.6908,2.3094,-0.1728,3.550
35.354000,2.7803,2.2697,-0.0176,3.589
35.358000,2.9128,2.3492,0.1803,3.746
35.363000,3.0928,2.3992,0.3367,3.929
35.367000,3.2911,2.4862,0.4417,4.148
35.376000,3.4914,2.5988,0.4927,4.380
35.378000,3.6717,2.7149,0.6210,4.608
35.382000,3.8529,2.7481,0.7402,4.790
35.387000,4.0333,2.7611,0.7060,4.939
35.438000,4.1545,2.8537,0.6767,5.085
35.439000,4.1957,2.9497,0.6165,5.166
35.439000,4.2354,2.9747,0.5255,5.202
35.439000,4.1848,2.9883,0.4475,5.162
35.439000,4.1362,3.0322,0.3678,5.142
35.440000,4.2040,3.1181,0.2555,5.240
35.440000,4.2877,3.1934,0.1612,5.349
35.440000,4.3585,3.2676,0.0466,5.448
35.440000,4.4161,3.2998,-0.0162,5.513
35.441000,4.4992,3.2665,-0.1781,5.563
35.443000,4.5814,3.2802,-0.2998,5.643
35.448000,4.6960,3.2760,-0.3978,5.740
35.451000,4.8289,3.2854,-0.6064,5.872
35.457000,4.9058,3.2365,-0.7957,5.931
35.463000,5.0196,3.1746,-0.9128,6.009
35.466000,5.1230,3.0952,-1.0250,6.073
35.473000,5.2157,3.0294,-1.0767,6.127
35.477000,5.3079,3.0062,-1.1882,6.215
35.482000,5.4711,2.9991,-1.2469,6.363
35.487000,5.6262,2.9722,-1.2956,6.494
35.543000,5.8118,2.9903,-1.3370,6.671
35.544000,6.1327,3.0291,-1.4140,6.985
35.545000,6.4852,3.1625,-1.4951,7.368
35.545000,6.7690,3.2946,-1.5641,7.689
35.545000,6.9808,3.3579,-1.6445,7.919
35.546000,7.2046,3.3694,-1.7461,8.143
35.546000,7.4637,3.3479,-1.9712,8.414
35.547000,7.7340,3.2672,-2.1586,8.669
35.547000,8.0154,3.1464,-2.3273,8.920
35.548000,8.3480,3.0403,-2.4935,9.228
35.548000,8.7004,2.8292,-2.5687,9.503
35.548000,9.0534,2.6041,-2.6442,9.784
35.553000,9.2966,2.4077,-2.6360,9.959
35.557000,9.3944,2.1443,-2.6238,9.987
35.562000,9.4092,1.9959,-2.6725,9.983
35.567000,9.3462,1.9001,-2.6813,9.907
35.571000,9.2317,1.8069,-2.6863,9.783
35.576000,9.0495,1.7545,-2.7469,9.619
35.581000,8.8860,1.6427,-2.7914,9.458
35.586000,8.7436,1.5936,-2.7786,9.312
35.593000,8.5966,1.5308,-2.6683,9.130
35.597000,8.4280,1.4829,-2.5947,8.942
35.601000,8.2953,1.5527,-2.5172,8.807
35.674000,8.0480,1.7018,-2.3143,8.545
35.675000,7.8103,1.8676,-2.1513,8.314
35.675000,7.5488,2.0645,-1.9424,8.064
35.676000,7.3141,2.2781,-1.7095,7.849
35.676000,7.0551,2.3717,-1.4430,7.582
35.676000,6.7609,2.5418,-1.2151,7.324
35.677000,6.5834,2.7183,-1.0875,7.205
35.677000,6.3888,2.7457,-1.0052,7.026
35.677000,6.1846,2.7295,-0.8843,6.818
35.678000,6.0254,2.6431,-0.7988,6.628
35.678000,5.9186,2.4771,-0.7678,6.462
35.678000,5.7571,2.2964,-0.8320,6.254
35.679000,5.5974,2.0191,-0.8856,6.016
35.679000,5.4218,1.6722,-0.9714,5.756
35.679000,5.1934,1.3271,-1.0936,5.471
35.682000,4.9469,0.9841,-1.1375,5.170
35.686000,4.7547,0.6298,-1.2534,4.957
35.691000,4.5545,0.2281,-1.2900,4.739
35.696000,4.3631,-0.1542,-1.3239,4.562
35.700000,4.1812,-0.5091,-1.3502,4.423
35.705000,3.9829,-0.8534,-1.3231,4.283
35.710000,3.7520,-1.1049,-1.2501,4.106
35.716000,3.4928,-1.3125,-1.1546,3.906
35.721000,3.2301,-1.4706,-1.0369,3.697
35.725000,3.0028,-1.6524,-1.0406,3.582
35.730000,2.7792,-1.7776,-0.9970,3.446
35.735000,2.5933,-1.8623,-0.7702,3.284
35.787000,2.4313,-1.9440,-0.6360,3.177
35.788000,2.2852,-1.9689,-0.4888,3.056
35.789000,2.1248,-1.9358,-0.3031,2.890
35.789000,1.9661,-1.9297,-0.1381,2.758
35.789000,1.8548,-1.8975,0.0675,2.654
35.790000,1.7363,-1.8433,0.2604,2.546
35.790000,1.5883,-1.7660,0.4674,2.421
35.790000,1.4708,-1.7082,0.6829,2.355
35.790000,1.3627,-1.6383,0.8769,2.304
35.791000,1.2798,-1.5791,1.0761,2.300
35.791000,1.1748,-1.5273,1.2626,2.304
35.800000,1.0662,-1.4790,1.4489,2.329
35.801000,0.9517,-1.4220,1.5813,2.330
35.806000,0.8626,-1.4179,1.6998,2.376
35.810000,0.7456,-1.4083,1.8289,2.426
35.815000,0.6606,-1.4380,1.9105,2.481
35.819000,0.5389,-1.4507,1.9865,2.518
35.870000,0.3864,-1.4704,2.0510,2.553
35.871000,0.2515,-1.5030,2.1176,2.609
35.872000,0.1650,-1.5369,2.1286,2.631
35.872000,0.0433,-1.5647,2.1560,2.664
35.872000,-0.1157,-1.5813,2.1302,2.655
35.873000,-0.2480,-1.6475,2.1718,2.737
35.873000,-0.3485,-1.7148,2.1919,2.805
35.873000,-0.4696,-1.8377,2.2168,2.918
35.874000,-0.5711,-1.9552,2.2040,3.001
35.874000,-0.7126,-2.0929,2.2323,3.142
35.874000,-0.8578,-2.1951,2.2513,3.259
35.880000,-1.0071,-2.2629,2.2853,3.370
35.886000,-1.1196,-2.3839,2.2789,3.483
35.890000,-1.2694,-2.4651,2.2997,3.602
35.894000,-1.3992,-2.5933,2.3507,3.769
35.899000,-1.4802,-2.7009,2.3962,3.902
35.904000,-1.5984,-2.8382,2.4434,4.072
35.909000,-1.7032,-3.0166,2.4688,4.254
35.927000,-1.7803,-3.2260,2.5178,4.463
35.927000,-1.8372,-3.4414,2.5907,4.683
35.928000,-1.9093,-3.6111,2.6536,4.871
35.930000,-2.0234,-3.7843,2.7332,5.088
35.935000,-2.1098,-3.9437,2.8005,5.277
35.939000,-2.1780,-4.0547,2.8549,5.416
36.000000,-2.3765,-4.2292,2.9425,5.674
36.001000,-2.5282,-4.3607,3.0603,5.897
36.002000,-2.6783,-4.4651,3.0213,6.020
36.002000,-2.9108,-4.5534,3.0202,6.191
36.002000,-3.0888,-4.6429,3.0879,6.374
36.003000,-3.2535,-4.7638,3.2003,6.597
36.003000,-3.3832,-4.9031,3.2229,6.773
36.003000,-3.5210,-5.0501,3.1820,6.930
36.003000,-3.7148,-5.2087,3.2189,7.162
36.003000,-3.8499,-5.3372,3.2112,7.323
36.004000,-3.8784,-5.4231,3.2355,7.411
36.004000,-3.9608,-5.5323,3.1748,7.508
36.004000,-4.1137,-5.7181,3.1294,7.708
36.009000,-4.2631,-5.9787,3.1327,7.983
36.013000,-4.3300,-6.2187,3.0986,8.187
36.019000,-4.4104,-6.4514,3.0458,8.387
36.023000,-4.5115,-6.6553,3.0220,8.589
36.028000,-4.5711,-6.8708,2.9864,8.776
36.033000,-4.6826,-7.1379,2.9365,9.028
36.037000,-4.8006,-7.3901,2.9322,9.287
36.096000,-4.9730,-7.5997,2.9182,9.540
36.096000,-5.1783,-7.7985,2.9230,9.807
36.097000,-5.3952,-7.9497,2.8866,10.032
36.097000,-5.6353,-8.0875,2.9049,10.276
36.098000,-5.8561,-8.1607,2.9750,10.476
36.098000,-6.1317,-8.2395,3.0202,10.706
36.098000,-6.3472,-8.2758,3.0764,10.874
36.099000,-6.5244,-8.2402,3.1272,10.966
36.099000,-6.6560,-8.1658,3.1608,10.999
36.100000,-6.7423,-8.0578,3.1702,10.974
36.100000,-6.8095,-8.0021,3.1536,10.970
36.100000,-6.8024,-7.8930,3.0997,10.871
36.104000,-6.7358,-7.8694,3.0034,10.785
36.108000,-6.5233,-7.9266,2.8777,10.661
36.113000,-6.2129,-8.0645,2.6986,10.532
36.119000,-5.9340,-8.1592,2.5547,10.407
36.125000,-5.6481,-8.2065,2.3718,10.241
36.127000,-5.4389,-8.2786,2.1375,10.133
36.133000,-5.3256,-8.2348,1.9024,9.990
36.137000,-5.1977,-8.1542,1.7169,9.821
36.143000,-5.0385,-8.0487,1.5759,9.626
36.147000,-4.7571,-7.9593,1.3748,9.374
36.152000,-4.3294,-7.8150,1.1915,9.013
36.226000,-3.8630,-7.7042,1.1387,8.693
36.229000,-3.5542,-7.6138,1.1277,8.478
36.231000,-3.4959,-7.6018,1.1368,8.444
36.233000,-3.5875,-7.5264,1.1101,8.411
36.234000,-3.8096,-7.4094,1.0764,8.401
36.235000,-4.0590,-7.2778,1.0514,8.399
36.236000,-4.2304,-7.0525,1.0997,8.297
36.237000,-4.3692,-6.7838,1.1590,8.152
36.239000,-4.4559,-6.5875,1.2620,8.052
36.240000,-4.3996,-6.3964,1.3993,7.889
36.241000,-4.1525,-6.1776,1.4638,7.586
36.242000,-3.7478,-5.8995,1.4289,7.134
36.243000,-3.2502,-5.5988,1.2810,6.599
36.244000,-2.7170,-5.3598,1.0401,6.098
36.245000,-2.0619,-5.1230,0.7117,5.568
36.248000,-1.3736,-4.9021,0.4142,5.108
36.249000,-0.7025,-4.7366,0.0976,4.789
36.250000,-0.0776,-4.6999,-0.2710,4.708
36.252000,0.3435,-4.7223,-0.6244,4.776
36.252000,0.7144,-4.7498,-0.8652,4.881
36.258000,1.1039,-4.8566,-1.1026,5.101
36.263000,1.4381,-4.8818,-1.2694,5.245
36.268000,1.7624,-4.8428,-1.3248,5.321
36.272000,2.0839,-4.8348,-1.4275,5.455
36.277000,2.4650,-4.8028,-1.6243,5.638
36.281000,2.7771,-4.6711,-1.7113,5.697
36.287000,3.0478,-4.4167,-1.8628,5.680
36.361000,3.2033,-4.1181,-1.9783,5.580
36.363000,3.3461,-3.7670,-2.0488,5.439
36.363000,3.4332,-3.3844,-2.1273,5.269
36.363000,3.5098,-3.0233,-2.2094,5.132
36.365000,3.5906,-2.6499,-2.2168,4.983
36.366000,3.6245,-2.2915,-2.1485,4.796
36.366000,3.5994,-1.9079,-2.0726,4.571
36.367000,3.5508,-1.5161,-1.9541,4.327
36.367000,3.4475,-1.1736,-1.7296,4.032
36.368000,3.3989,-0.8093,-1.4549,3.785
36.368000,3.3432,-0.4174,-1.2619,3.598
36.369000,3.3133,-0.1109,-0.9839,3.458
36.369000,3.3564,0.1502,-0.7218,3.436
36.369000,3.3485,0.4171,-0.3992,3.398
36.370000,3.3702,0.6891,-0.1262,3.442
36.370000,3.3756,0.9105,0.0949,3.498
36.370000,3.3964,1.1042,0.3167,3.585
36.377000,3.3838,1.3381,0.6017,3.688
36.381000,3.3359,1.5057,0.7674,3.740
36.385000,3.2450,1.6804,0.7237,3.725
36.402000,3.0895,1.7952,0.7204,3.645
36.404000,2.9323,1.9135,0.6716,3.565
36.404000,2.7637,1.9943,0.5160,3.447
36.405000,2.5308,2.0302,0.3696,3.265
36.461000,2.3539,2.0247,0.1725,3.110
36.462000,2.1464,2.0467,0.0264,2.966
36.462000,1.9591,2.0513,-0.1663,2.841
36.463000,1.6845,2.0461,-0.3765,2.677
36.463000,1.4518,2.0480,-0.5173,2.563
36.463000,1.2230,2.0095,-0.6549,2.442
36.464000,1.0078,1.9093,-0.7559,2.288
36.464000,0.7751,1.8386,-0.8560,2.171
36.464000,0.6379,1.7884,-0.9406,2.119
36.465000,0.4429,1.7395,-1.0143,2.062
36.465000,0.2817,1.6616,-1.0412,1.981
36.465000,0.1779,1.6096,-0.9977,1.902
36.470000,0.1388,1.5238,-0.8932,1.772
36.475000,0.1576,1.4766,-0.8146,1.694
36.480000,0.1745,1.3961,-0.6687,1.558
36.486000,0.1845,1.2895,-0.4635,1.383
36.495000,0.2285,1.1952,-0.2880,1.251
36.496000,0.2541,1.1399,-0.1213,1.174
36.499000,0.2973,1.1211,0.0887,1.163
36.504000,0.3555,1.1387,0.2601,1.221
36.568000,0.4287,1.1760,0.3973,1.313
36.569000,0.5914,1.2475,0.5839,1.499
36.569000,0.7569,1.2594,0.7099,1.632
36.570000,0.9034,1.3145,0.8037,1.786
36.570000,1.0745,1.2911,0.9845,1.947
36.570000,1.2073,1.3227,1.1513,2.129
36.570000,1.3811,1.4047,1.3016,2.361
36.571000,1.4857,1.4818,1.4163,2.532
36.571000,1.4944,1.6851,1.6509,2.793
36.571000,1.5294,1.8211,1.7298,2.941
36.572000,1.6292,1.8994,1.7299,3.042
36.572000,1.7767,1.9749,1.7258,3.168
36.572000,1.9793,2.0144,1.7388,3.316
36.578000,2.1407,2.0819,1.6565,3.415
36.579000,2.2611,2.1561,1.5315,3.479
36.585000,2.3618,2.1912,1.3952,3.511
36.597000,2.3924,2.2516,1.2024,3.498
36.598000,2.4776,2.2827,0.9914,3.512
36.600000,2.5651,2.3085,0.7933,3.541
36.603000,2.6569,2.2595,0.5872,3.537
36.653000,2.7796,2.2437,0.3251,3.587
36.654000,2.9208,2.1935,0.1460,3.656
36.655000,3.1334,2.2099,-0.0360,3.834
36.655000,3.3620,2.2088,-0.1728,4.026
36.656000,3.5082,2.1589,-0.2834,4.129
36.656000,3.6418,2.1680,-0.4017,4.257
36.656000,3.8150,2.1809,-0.5226,4.425
36.657000,3.9703,2.2667,-0.5956,4.610
36.657000,4.1174,2.3418,-0.6185,4.777
36.658000,4.2582,2.3604,-0.6682,4.914
36.658000,4.4647,2.4352,-0.7830,5.146
36.664000,4.6647,2.5276,-0.8669,5.376
36.669000,4.8458,2.5702,-1.0342,5.582
36.673000,4.9628,2.5633,-1.1750,5.708
36.679000,5.0799,2.5424,-1.4205,5.855
36.683000,5.1896,2.5505,-1.5882,5.997
36.689000,5.3759,2.6118,-1.7573,6.230
36.749000,5.5951,2.5845,-1.8725,6.441
36.750000,5.7682,2.4521,-2.0821,6.605
36.751000,5.9189,2.2863,-2.2491,6.732
36.751000,6.0352,2.0775,-2.4018,6.820
36.752000,6.1624,1.8305,-2.5522,6.917
36.752000,6.2648,1.6052,-2.7117,7.013
36.753000,6.3088,1.3681,-2.7060,7.000
36.753000,6.3450,0.9998,-2.7722,6.996
36.754000,6.4168,0.7231,-2.8146,7.044
36.754000,6.4307,0.5090,-2.8909,7.069
36.754000,6.4657,0.2977,-2.9197,7.101
36.755000,6.4072,0.1085,-2.9035,7.035
36.755000,6.2076,-0.1138,-2.8830,6.845
36.760000,5.9535,-0.3160,-2.8298,6.599
36.764000,5.6864,-0.5073,-2.7486,6.336
36.768000,5.3920,-0.6590,-2.6280,6.034
36.773000,5.0998,-0.6868,-2.4472,5.698
36.780000,4.7359,-0.6982,-2.2854,5.305
36.782000,4.4204,-0.5759,-2.0712,4.915
36.787000,4.2659,-0.3411,-1.8484,4.662
36.793000,4.1070,-0.0422,-1.6790,4.437
36.798000,3.9459,0.3064,-1.5491,4.250
36.802000,3.8568,0.6639,-1.4562,4.176
36.873000,3.8532,1.0439,-1.4550,4.249
36.874000,3.8559,1.4009,-1.5140,4.373
36.876000,3.9340,1.7035,-1.5778,4.568
36.877000,4.0028,1.9007,-1.6460,4.727
36.878000,4.1197,2.0573,-1.7012,4.909
36.879000,4.2433,2.0529,-1.7984,5.045
36.880000,4.3520,1.9856,-1.8560,5.131
36.882000,4.4530,1.8818,-1.8789,5.187
36.882000,4.5170,1.6403,-1.9171,5.174
36.883000,4.5468,1.3548,-1.8417,5.089
36.883000,4.4830,0.9754,-1.8109,4.932
36.884000,4.3352,0.5544,-1.7957,4.725
36.886000,4.1927,0.1093,-1.8108,4.568
36.886000,4.0600,-0.2885,-1.8409,4.467
36.887000,3.9642,-0.6263,-1.8217,4.407
36.890000,3.8915,-1.0138,-1.7415,4.382
36.892000,3.7361,-1.4157,-1.7842,4.376
36.893000,3.5274,-1.6950,-1.7603,4.291
36.897000,3.3330,-1.9637,-1.6057,4.188
36.901000,3.1526,-2.1650,-1.4470,4.089
36.909000,2.9535,-2.3003,-1.2942,3.961
36.913000,2.6946,-2.3802,-1.1085,3.762
36.916000,2.5102,-2.4064,-0.8687,3.584
36.922000,2.2598,-2.4000,-0.6994,3.370
36.976000,2.1221,-2.4097,-0.4375,3.241
36.978000,2.0017,-2.3777,-0.1816,3.113
36.980000,1.9155,-2.3589,0.0441,3.039
36.983000,1.7886,-2.3831,0.2829,2.993
36.984000,1.6434,-2.3774,0.5915,2.950
36.986000,1.6009,-2.3336,0.8024,2.942
36.987000,1.5826,-2.3807,0.9944,3.027
36.989000,1.5791,-2.4627,1.1410,3.140
36.991000,1.4200,-2.4664,1.4980,3.216
36.992000,1.2586,-2.4800,1.6193,3.218
36.993000,1.1337,-2.5125,1.7176,3.248
36.994000,1.0135,-2.5749,1.7909,3.296
36.995000,0.8581,-2.6895,1.8318,3.365
36.996000,0.7076,-2.8505,1.8737,3.484
36.997000,0.5504,-3.0164,1.8540,3.583
37.002000,0.2987,-3.1863,1.8227,3.683
37.006000,0.1146,-3.3138,1.7681,3.758
37.011000,-0.1451,-3.5559,1.7139,3.950
37.016000,-0.3553,-3.7582,1.6169,4.107
37.020000,-0.5665,-3.9332,1.5254,4.256
37.026000,-0.7430,-4.1102,1.3941,4.403
37.031000,-0.8701,-4.2742,1.2805,4.546
37.035000,-0.9980,-4.4751,1.1776,4.734
37.117000,-1.1790,-4.6523,1.0568,4.914
37.118000,-1.3921,-4.8026,0.9088,5.082
37.118000,-1.5434,-4.9988,0.7884,5.291
37.119000,-1.6949,-5.1994,0.6959,5.513
37.119000,-1.8950,-5.3463,0.5906,5.703
37.119000,-2.0809,-5.5163,0.4486,5.913
37.120000,-2.3080,-5.6825,0.3489,6.143
37.120000,-2.4684,-5.7721,0.2318,6.282
37.120000,-2.6600,-5.9013,0.1162,6.474
37.121000,-3.0314,-6.0334,0.0692,6.753
37.121000,-3.3763,-6.1782,-0.0410,7.041
37.122000,-3.5899,-6.3176,-0.1307,7.268
37.122000,-3.7843,-6.4408,-0.1615,7.472
37.122000,-3.9405,-6.5779,-0.1721,7.670
37.123000,-4.0685,-6.7093,-0.1913,7.849
37.123000,-4.2447,-6.8194,-0.2817,8.037
37.123000,-4.5000,-6.9648,-0.2968,8.297
37.129000,-4.7630,-7.0938,-0.3137,8.550
37.131000,-5.0285,-7.1161,-0.2964,8.719
37.136000,-5.1941,-7.1024,-0.2880,8.804
37.146000,-5.3102,-7.1238,-0.4058,8.894
37.150000,-5.5489,-7.1677,-0.5056,9.079
37.151000,-5.7548,-7.1873,-0.4442,9.218
37.154000,-5.9521,-7.2702,-0.4704,9.408
37.219000,-6.1932,-7.3319,-0.4978,9.610
37.220000,-6.4400,-7.3826,-0.4335,9.806
37.220000,-6.6377,-7.3595,-0.4208,9.920
37.220000,-6.8221,-7.3696,-0.4713,10.054
37.221000,-6.9934,-7.3993,-0.4943,10.193
37.221000,-7.2163,-7.4447,-0.4317,10.377
37.222000,-7.4405,-7.4944,-0.4941,10.572
37.222000,-7.7044,-7.5243,-0.5402,10.783
37.222000,-7.8598,-7.5767,-0.5838,10.933
37.223000,-7.9978,-7.6011,-0.6293,11.052
37.223000,-8.1088,-7.6761,-0.6645,11.186
37.224000,-8.1691,-7.7365,-0.6387,11.269
37.224000,-8.2410,-7.7685,-0.6262,11.343
37.225000,-8.2696,-7.8195,-0.6434,11.399
37.229000,-8.2835,-7.8342,-0.6442,11.420
37.235000,-8.2591,-7.8558,-0.6669,11.418
37.240000,-8.2536,-7.8889,-0.6871,11.438
37.245000,-8.2408,-7.8853,-0.6786,11.426
37.250000,-8.1513,-7.8667,-0.7467,11.353
37.255000,-7.9900,-7.8283,-0.8242,11.216
37.319000,-7.8047,-7.7606,-0.9320,11.046
37.320000,-7.5930,-7.7117,-1.0011,10.869
37.321000,-7.2377,-7.6653,-1.0762,10.597
37.321000,-6.8057,-7.6000,-1.0811,10.259
37.321000,-6.3761,-7.4906,-1.1620,9.905
37.322000,-5.9463,-7.4327,-1.2277,9.597
37.324000,-5.5497,-7.3748,-1.2784,9.318
37.324000,-5.2173,-7.3776,-1.2782,9.126
37.324000,-4.9131,-7.4261,-1.3183,9.001
37.325000,-4.6440,-7.4560,-1.3363,8.885
37.325000,-4.3693,-7.4968,-1.3567,8.783
37.326000,-4.1127,-7.6098,-1.3145,8.749
37.326000,-3.8789,-7.7050,-1.2390,8.715
37.326000,-3.6535,-7.7198,-1.1471,8.617
37.328000,-3.4649,-7.7188,-1.0891,8.531
37.334000,-3.2721,-7.7086,-0.9642,8.430
37.338000,-3.0991,-7.6062,-0.7871,8.251
37.347000,-2.8908,-7.4915,-0.5680,8.050
37.348000,-2.7283,-7.4135,-0.3500,7.907
37.353000,-2.5371,-7.2915,-0.1477,7.722
37.419000,-2.3438,-7.1308,0.0293,7.506
37.420000,-2.1699,-6.9349,0.2258,7.270
37.421000,-1.9434,-6.7775,0.3440,7.059
37.421000,-1.7074,-6.6135,0.5201,6.850
37.421000,-1.4808,-6.4043,0.7043,6.611
37.422000,-1.1491,-6.2182,0.9129,6.389
37.422000,-0.7439,-6.0567,1.0955,6.200
37.422000,-0.3342,-5.9306,1.2673,6.074
37.423000,0.0915,-5.8368,1.4256,6.009
37.423000,0.5374,-5.8004,1.5729,6.034
37.423000,0.9441,-5.7846,1.6762,6.096
37.424000,1.3565,-5.8004,1.7592,6.211
37.424000,1.7720,-5.8312,1.8789,6.378
37.425000,2.2308,-5.9112,1.9494,6.612
37.430000,2.5723,-6.0623,1.9990,6.882
37.433000,2.8037,-6.2748,2.0253,7.165
37.438000,2.9869,-6.4921,2.0809,7.443
37.442000,3.0292,-6.7507,2.1686,7.710
37.447000,3.0382,-7.0415,2.2522,7.993
37.452000,3.0114,-7.2830,2.4082,8.241
37.481000,2.9926,-7.4906,2.6011,8.475
37.482000,3.0034,-7.5900,2.9526,8.680
37.483000,2.9670,-7.6030,3.2775,8.795
37.483000,2.9200,-7.4878,3.6959,8.846
37.484000,2.8308,-7.2618,4.1683,8.839
37.484000,2.7124,-7.0243,4.7049,8.879
37.488000,2.6388,-6.6292,5.1302,8.788
37.493000,2.6432,-6.1081,5.6808,8.750
37.498000,2.7141,-5.5894,6.0841,8.696
37.503000,2.7124,-5.1096,6.3880,8.618
37.507000,2.7838,-4.6402,6.7928,8.685
37.512000,3.0219,-4.1085,7.1260,8.763
37.517000,3.2819,-3.6092,7.3554,8.826
37.524000,3.5283,-3.1295,7.5076,8.866
37.527000,3.7793,-2.6130,7.6084,8.888
37.532000,4.0959,-2.0824,7.7140,8.979
37.537000,4.4331,-1.5058,7.7937,9.092
37.544000,4.7154,-0.9514,7.7846,9.151
37.547000,5.0090,-0.4560,7.7392,9.230
37.551000,5.2708,0.0527,7.6600,9.298
37.620000,5.5642,0.5520,7.5370,9.385
37.621000,5.7648,0.9966,7.2652,9.328
37.622000,5.9126,1.3668,6.9812,9.250
37.622000,6.0023,1.7051,6.6567,9.124
37.622000,6.0224,1.9499,6.2897,8.924
37.623000,5.9653,2.1176,5.8424,8.614
37.623000,5.7715,2.1819,5.4185,8.212
37.623000,5.5494,2.2536,4.8134,7.684
37.624000,5.3277,2.3202,4.3770,7.275
37.624000,5.1020,2.3393,4.0619,6.928
37.625000,4.8844,2.2488,3.7131,6.535
37.625000,4.6729,2.1446,3.3836,6.155
37.625000,4.4917,2.0822,3.1046,5.844
37.626000,4.2502,2.0067,2.8237,5.483
37.632000,4.0705,1.9325,2.6295,5.217
37.635000,3.8474,1.8909,2.4075,4.917
37.638000,3.6359,1.8051,2.2076,4.621
37.644000,3.4053,1.7139,2.0136,4.311
37.646000,3.1892,1.6317,1.7943,4.007
37.651000,2.9759,1.5226,1.5645,3.691
37.659000,2.7271,1.3939,1.4269,3.379
37.661000,2.4670,1.3008,1.3264,3.088
37.665000,2.2291,1.2076,1.1912,2.801
37.670000,1.9680,1.1356,1.1721,2.557
37.728000,1.7131,1.0449,1.1613,2.318
37.732000,1.4523,0.9688,1.2283,2.135
37.733000,1.1956,0.9077,1.2964,1.983
37.734000,0.9597,0.8568,1.3800,1.887
37.736000,0.7546,0.7784,1.5172,1.865
37.737000,0.5993,0.6868,1.7049,1.933
37.738000,0.4462,0.5968,1.8136,1.961
37.743000,0.2447,0.5512,1.9008,1.994
37.744000,0.0645,0.4952,2.0644,2.124
37.744000,-0.0988,0.4652,2.2537,2.303
37.745000,-0.3006,0.4226,2.4375,2.492
37.745000,-0.4495,0.3944,2.6561,2.723
37.746000,-0.5602,0.3754,2.8803,2.958
37.746000,-0.7376,0.3185,3.0314,3.136
37.748000,-0.9674,0.2857,3.1927,3.348
37.751000,-1.1464,0.3012,3.3524,3.556
37.756000,-1.3177,0.3007,3.5889,3.835
37.760000,-1.4332,0.3062,3.7732,4.048
37.766000,-1.6030,0.3316,3.9458,4.272
37.770000,-1.7046,0.3110,4.0638,4.418
37.776000,-1.7981,0.3251,4.1512,4.536
37.780000,-1.8761,0.3363,4.2656,4.672
37.785000,-1.9341,0.3705,4.3587,4.783
37.855000,-2.0266,0.3730,4.3784,4.839
37.856000,-2.1205,0.3821,4.4463,4.941
37.856000,-2.2130,0.4148,4.4194,4.960
37.856000,-2.2609,0.4089,4.3623,4.930
37.857000,-2.2979,0.3718,4.3110,4.899
37.857000,-2.2928,0.3011,4.1840,4.781
37.857000,-2.3078,0.2924,4.0298,4.653
37.858000,-2.2686,0.2573,3.8580,4.483
37.858000,-2.2618,0.1694,3.6872,4.329
37.858000,-2.1650,0.1268,3.5441,4.155
37.859000,-2.1101,0.1270,3.4144,4.016
37.859000,-2.0614,0.1385,3.2355,3.839
37.859000,-1.9876,0.1757,3.0989,3.686
37.860000,-1.9366,0.1476,2.9473,3.530
37.860000,-1.8342,0.1524,2.8287,3.375
37.866000,-1.6971,0.0632,2.6886,3.180
37.871000,-1.6163,-0.0505,2.5337,3.006
37.874000,-1.5126,-0.2098,2.3284,2.785
37.880000,-1.4074,-0.3501,2.1284,2.576
37.883000,-1.3053,-0.4806,1.9781,2.418
37.893000,-1.2183,-0.5893,1.8033,2.255
37.896000,-1.1079,-0.6760,1.6250,2.080
37.898000,-0.9860,-0.6475,1.5820,1.973
37.903000,-0.8670,-0.5755,1.5712,1.885
37.946000,-0.6908,-0.3926,1.6226,1.807
37.947000,-0.4790,-0.2260,1.7195,1.799
37.947000,-0.3130,-0.0565,1.8664,1.893
37.947000,-0.1397,0.2621,2.0940,2.115
37.948000,0.1294,0.5934,2.2054,2.287
37.948000,0.4844,0.9776,2.1556,2.416
37.949000,0.8584,1.3854,2.0843,2.646
37.949000,1.2700,1.8069,1.9399,2.940
37.949000,1.7314,2.1965,1.7201,3.283
37.954000,2.4067,2.6057,1.3351,3.790
37.959000,3.1036,2.9928,0.9658,4.418
37.964000,3.8407,3.4191,0.5429,5.171
37.968000,4.5782,3.7682,0.2136,5.933
37.975000,5.1338,3.9941,-0.1037,6.505
37.978000,5.4852,4.1078,-0.2933,6.859
37.983000,5.8928,4.1447,-0.5464,7.225
37.988000,6.1842,4.0380,-0.7574,7.425
38.034000,6.3376,3.9312,-0.8013,7.501
38.035000,6.4152,3.6401,-0.8718,7.427
38.036000,6.4246,3.2802,-1.0245,7.286
38.036000,6.3159,2.8735,-1.1723,7.037
38.036000,6.1377,2.4350,-1.2244,6.716
38.037000,5.9071,1.9656,-1.2722,6.354
38.037000,5.7109,1.5904,-1.4519,6.103
38.037000,5.5473,1.2309,-1.5629,5.893
38.037000,5.4405,0.9572,-1.6099,5.754
38.038000,5.2449,0.7573,-1.5978,5.535
38.043000,5.0827,0.6412,-1.5891,5.364
38.049000,4.8706,0.6044,-1.5124,5.136
38.054000,4.6901,0.6278,-1.3296,4.915
38.058000,4.5869,0.7188,-1.0150,4.752
38.064000,4.5033,0.9107,-0.6385,4.639
38.068000,4.4729,1.1531,-0.2253,4.625
38.075000,4.4403,1.4170,0.2501,4.668
38.080000,4.3936,1.7094,0.6720,4.762
38.082000,4.3278,1.9680,1.0657,4.872
38.088000,4.2883,2.3049,1.4951,5.093
38.130000,4.4014,2.6480,1.8183,5.449
38.131000,4.6571,3.0638,2.0755,5.948
38.131000,4.9302,3.4773,2.3140,6.462
38.132000,5.1484,3.9117,2.4903,6.929
38.132000,5.2895,4.3445,2.5874,7.318
38.132000,5.3125,4.5741,2.5546,7.461
38.133000,5.1266,4.6675,2.4519,7.354
38.133000,4.9236,4.7280,2.2083,7.174
38.133000,4.6963,4.7316,1.7909,6.903
38.138000,4.3613,4.6998,1.3244,6.547
38.143000,3.9930,4.6020,0.8478,6.152
38.148000,3.7045,4.4053,0.3739,5.768
38.153000,3.5223,4.2966,-0.0369,5.556
38.157000,3.3676,4.1351,-0.3748,5.346
38.163000,3.1732,4.0088,-0.7238,5.164
38.168000,2.9562,3.8464,-1.0443,4.962
38.172000,2.7120,3.6671,-1.4134,4.775
38.177000,2.4384,3.4642,-1.8272,4.614
38.182000,2.2080,3.2384,-2.1413,4.466
38.187000,2.0370,3.0471,-2.4400,4.403
38.194000,1.9379,2.8093,-2.7347,4.373
38.197000,1.8104,2.5282,-3.0008,4.321
38.201000,1.6543,2.2774,-3.2990,4.337
38.256000,1.4843,2.0933,-3.7383,4.534
38.257000,1.3366,1.9217,-3.9714,4.610
38.257000,1.2110,1.7573,-4.3000,4.800
38.258000,0.9621,1.6084,-4.5891,4.957
38.258000,0.7212,1.4673,-4.7839,5.056
38.259000,0.5629,1.2965,-4.9559,5.154
38.259000,0.4203,1.1709,-5.1312,5.280
38.259000,0.2621,0.9801,-5.2359,5.333
38.260000,0.1556,0.8658,-5.2531,5.326
38.260000,0.0745,0.7709,-5.2141,5.271
38.260000,-0.0271,0.6876,-5.1410,5.187
38.261000,-0.1511,0.6426,-4.9931,5.037
38.267000,-0.2717,0.5853,-4.8190,4.862
38.271000,-0.3071,0.4779,-4.6877,4.722
38.277000,-0.3368,0.4061,-4.3549,4.387
38.281000,-0.3202,0.3768,-3.9099,3.941
38.286000,-0.3316,0.3277,-3.4608,3.492
38.291000,-0.3877,0.2634,-3.0606,3.096
38.296000,-0.4049,0.2458,-2.6857,2.727
38.301000,-0.3711,0.2199,-2.3652,2.404
38.310000,-0.3538,0.1827,-2.0082,2.047
38.312000,-0.3170,0.1535,-1.7035,1.740
38.317000,-0.3037,0.0866,-1.4872,1.520
38.321000,-0.3813,0.0294,-1.2754,1.332
38.373000,-0.4467,-0.0540,-1.0824,1.172
38.376000,-0.5571,-0.1416,-0.9468,1.108
38.377000,-0.6361,-0.2265,-0.7610,1.017
38.730000,-0.7481,-0.3348,-0.6165,1.026
38.730000,-0.8786,-0.4113,-0.5399,1.110
38.731000,-1.0085,-0.4822,-0.4734,1.214
38.731000,-1.1329,-0.5284,-0.3670,1.303
38.731000,-1.2853,-0.5954,-0.2541,1.439
38.732000,-1.4296,-0.6681,-0.1730,1.587
38.732000,-1.5490,-0.7346,-0.1068,1.718
38.732000,-1.6102,-0.8067,0.0065,1.801
38.732000,-1.6490,-0.8631,0.0574,1.862
38.733000,-1.7587,-0.9873,0.1150,2.020
38.733000,-1.8293,-1.1051,0.2272,2.149
38.733000,-1.8965,-1.1731,0.3294,2.254
38.734000,-1.9460,-1.2488,0.4168,2.349
38.734000,-2.0230,-1.3580,0.4848,2.484
38.734000,-2.0439,-1.4312,0.5355,2.552
38.735000,-2.0205,-1.4543,0.5497,2.549
38.735000,-1.9722,-1.4965,0.5871,2.544
38.735000,-1.9563,-1.5508,0.5643,2.559
38.736000,-1.9107,-1.5885,0.4765,2.530
38.736000,-1.8499,-1.6695,0.3916,2.522
38.736000,-1.7932,-1.7842,0.4179,2.564
38.736000,-1.7070,-1.8680,0.3740,2.558
38.737000,-1.5962,-1.9282,0.3220,2.524
38.737000,-1.4704,-2.0340,0.2624,2.524
38.737000,-1.3346,-2.0759,0.1904,2.475
38.738000,-1.2413,-2.1687,0.0438,2.499
38.738000,-1.1212,-2.2550,-0.1435,2.522
38.738000,-1.0580,-2.3538,-0.2996,2.598
38.739000,-0.9703,-2.4151,-0.4677,2.644
38.739000,-0.8581,-2.4936,-0.6881,2.725
38.739000,-0.7525,-2.4963,-0.8242,2.734
38.740000,-0.6941,-2.5475,-0.9885,2.819
38.740000,-0.5895,-2.6135,-1.1137,2.901
38.740000,-0.4342,-2.6519,-1.2889,2.980
38.741000,-0.2615,-2.7556,-1.4151,3.109
38.741000,-0.0426,-2.8024,-1.5760,3.215
38.742000,0.1694,-2.8457,-1.5422,3.241
38.742000,0.3965,-3.0215,-1.5893,3.437
38.742000,0.5955,-3.2366,-1.6006,3.660
38.743000,0.9412,-3.2969,-1.6210,3.793
38.743000,1.3542,-3.3875,-1.6272,3.995
38.743000,1.5975,-3.5494,-1.6431,4.225
38.744000,1.7932,-3.6969,-1.5402,4.388
38.744000,1.8264,-3.7583,-1.3624,4.395
38.744000,1.8196,-3.7766,-1.1463,4.346
38.744000,1.7465,-3.7064,-0.8806,4.191
38.745000,1.6333,-3.6268,-0.6786,4.035
38.745000,1.5665,-3.6401,-0.4652,3.990
38.745000,1.4528,-3.5502,-0.2121,3.842
38.746000,1.4188,-3.4912,0.2741,3.778
38.746000,1.3213,-3.3838,0.7011,3.700
38.746000,1.1575,-3.1352,1.2926,3.583
38.747000,0.9973,-2.8121,1.7420,3.455
38.747000,0.8259,-2.4553,2.1139,3.344
38.747000,0.6481,-2.0964,2.5466,3.362
38.748000,0.5837,-1.7539,3.0998,3.609
38.748000,0.6275,-1.4208,3.5312,3.858
38.748000,0.7695,-1.0451,3.8575,4.070
38.748000,0.9999,-0.6769,4.0581,4.234
38.749000,1.0599,-0.3461,4.3958,4.535
38.749000,1.1045,0.1074,4.7950,4.922
38.749000,1.2056,0.4013,4.6814,4.851
38.750000,1.3653,0.6027,4.4988,4.740
38.750000,1.5714,0.8473,4.4051,4.753
38.750000,1.8830,1.0390,4.1924,4.712
38.751000,2.1683,1.1223,3.8132,4.528
38.751000,2.3716,1.2090,3.4088,4.325
38.751000,2.4234,1.2915,2.9320,4.017
38.751000,2.3433,1.2623,2.3808,3.571
38.752000,2.2124,1.1835,1.8614,3.124
38.752000,2.0716,1.0960,1.4773,2.770
38.752000,1.8330,0.9740,1.0894,2.344
38.753000,1.6425,0.8490,0.6720,1.967
38.753000,1.4648,0.7667,0.2947,1.679
38.754000,1.2736,0.6892,-0.0326,1.448
38.754000,1.0380,0.6310,-0.3334,1.260
38.754000,0.7488,0.5827,-0.6775,1.166
38.755000,0.4516,0.5327,-1.0289,1.244
38.755000,0.1252,0.5293,-1.2726,1.384
38.755000,-0.1369,0.5679,-1.5569,1.663
38.756000,-0.3727,0.5435,-1.8118,1.928
38.756000,-0.6779,0.5616,-2.0469,2.228
38.756000,-0.9946,0.5389,-2.2574,2.525
38.757000,-1.2558,0.5426,-2.4693,2.823
38.757000,-1.5522,0.5778,-2.5320,3.026
38.764000,-1.7711,0.5921,-2.5339,3.148
38.767000,-2.0202,0.5474,-2.5271,3.281
38.835000,-2.3422,0.4753,-2.4356,3.412
38.836000,-2.6244,0.4934,-2.2378,3.484
38.836000,-2.8069,0.6139,-1.9886,3.494
38.836000,-2.9305,0.7264,-1.7885,3.509
38.837000,-3.0716,0.8145,-1.6012,3.558
38.837000,-3.2161,0.8590,-1.3643,3.598
38.838000,-3.3422,0.9009,-1.1349,3.643
38.838000,-3.3996,0.9832,-0.8319,3.635
38.838000,-3.3621,1.0582,-0.6156,3.578
38.839000,-3.3090,1.1733,-0.3805,3.531
38.839000,-3.1879,1.3091,-0.1217,3.448
38.839000,-3.1233,1.4221,0.1057,3.433
38.840000,-3.0579,1.4406,0.3133,3.395
38.840000,-2.9629,1.5370,0.5418,3.382
38.844000,-2.8269,1.6794,0.6690,3.355
38.848000,-2.7214,1.7675,0.8579,3.356
38.853000,-2.6013,1.8226,1.0003,3.330
38.861000,-2.5288,1.8611,1.0198,3.301
38.862000,-2.3893,1.9214,1.0552,3.242
38.867000,-2.3427,1.9581,1.1112,3.249
38.872000,-2.2290,1.9256,1.0509,3.127
38.927000,-2.1319,1.8671,0.9894,3.002
38.928000,-1.9916,1.7755,0.9284,2.825
38.929000,-1.8871,1.6675,0.8626,2.662
38.929000,-1.7679,1.5624,0.7586,2.478
38.929000,-1.6795,1.4437,0.7429,2.336
38.930000,-1.5956,1.3064,0.7314,2.188
38.930000,-1.5230,1.1773,0.6903,2.045
38.930000,-1.3949,1.0373,0.7322,1.886
38.931000,-1.2590,0.9390,0.8396,1.781
38.931000,-1.1871,0.8990,0.8642,1.722
38.931000,-1.0571,0.8530,0.9235,1.643
38.932000,-0.9097,0.7986,0.9788,1.557
38.937000,-0.7544,0.7954,1.0419,1.512
38.941000,-0.5605,0.8551,1.1078,1.508
38.947000,-0.3854,0.8747,1.1169,1.470
38.952000,-0.2797,0.9064,1.0980,1.451
38.956000,-0.2240,0.9218,1.1062,1.457
38.963000,-0.1509,0.9162,1.1131,1.450
38.971000,-0.0225,0.9877,1.1236,1.496
38.972000,0.0536,1.0452,1.0229,1.463
38.977000,0.1874,1.0933,0.9307,1.448
38.981000,0.2470,1.0959,0.8617,1.416
38.987000,0.3571,1.0654,0.7229,1.336
38.993000,0.4459,1.0039,0.5859,1.245
38.996000,0.5757,0.9931,0.5585,1.277
39.000000,0.7032,1.0017,0.4992,1.322
39.006000,0.7709,1.0555,0.4055,1.368
39.048000,0.8532,1.1238,0.3636,1.457
39.049000,0.8996,1.2136,0.3376,1.548
39.050000,0.9556,1.2672,0.2797,1.612
39.050000,1.0358,1.2970,0.2665,1.681
39.050000,1.1567,1.3506,0.2311,1.793
39.051000,1.2706,1.3278,0.1141,1.841
39.051000,1.4467,1.2978,0.0449,1.944
39.051000,1.6297,1.2484,-0.0576,2.054
39.052000,1.7985,1.1872,-0.1599,2.161
39.056000,1.9672,1.0972,-0.2953,2.272
39.060000,2.1547,0.9927,-0.4084,2.407
39.066000,2.3566,0.8932,-0.5472,2.579
39.071000,2.5678,0.8006,-0.6086,2.758
39.075000,2.8220,0.7392,-0.6335,2.985
39.080000,3.0496,0.7208,-0.6597,3.202
39.085000,3.3055,0.7210,-0.6757,3.450
39.136000,3.5968,0.7998,-0.6217,3.737
39.137000,3.8635,0.9354,-0.6722,4.032
39.138000,4.1533,1.0317,-0.7339,4.342
39.138000,4.4753,1.0814,-0.8230,4.677
39.139000,4.8411,1.0865,-0.9368,5.049
39.139000,5.1906,0.9082,-1.0512,5.373
39.139000,5.5262,0.7403,-1.1422,5.691
39.140000,5.8020,0.5034,-1.2483,5.956
39.140000,5.9751,0.3007,-1.2762,6.117
39.140000,6.0550,0.1295,-1.2498,6.184
39.141000,6.0853,-0.0122,-1.1022,6.184
39.146000,6.1690,-0.0860,-0.9321,6.240
39.150000,6.2391,-0.0920,-0.6705,6.276
39.154000,6.3604,-0.0277,-0.4469,6.376
39.159000,6.4609,0.0136,-0.2708,6.467
39.164000,6.5144,-0.0136,-0.0538,6.515
39.169000,6.5714,0.0774,0.1968,6.575
39.175000,6.6555,0.2625,0.3277,6.669
39.179000,6.7066,0.4622,0.4079,6.735
39.184000,6.7318,0.7196,0.5097,6.789
39.233000,6.6429,1.0395,0.5967,6.750
39.234000,6.5018,1.4238,0.6976,6.692
39.235000,6.3660,1.7794,0.7788,6.656
39.235000,6.1566,2.0774,0.8498,6.553
39.235000,5.9957,2.4327,0.9345,6.538
39.235000,5.8879,2.7449,1.0569,6.582
39.236000,5.7589,3.0065,1.1330,6.595
39.236000,5.6658,3.2985,1.2514,6.674
39.236000,5.6131,3.4582,1.3758,6.735
39.236000,5.5721,3.5215,1.4702,6.754
39.242000,5.5519,3.5286,1.5847,6.767
39.245000,5.5620,3.4390,1.6117,6.735
39.250000,5.5159,3.2569,1.7234,6.633
39.254000,5.4426,2.9849,1.8813,6.486
39.258000,5.2849,2.6354,1.9317,6.213
39.264000,5.1076,2.2131,1.9153,5.887
39.268000,4.9520,1.8143,1.8443,5.587
39.273000,4.8496,1.4657,1.7479,5.359
39.278000,4.6517,1.0854,1.6213,5.044
39.283000,4.4071,0.7365,1.4145,4.687
39.288000,4.1732,0.4066,1.1378,4.345
39.293000,3.8931,0.1179,0.7922,3.975
39.298000,3.7302,-0.1959,0.5103,3.770
39.304000,3.5475,-0.3681,0.2326,3.574
39.348000,3.3838,-0.5993,0.0217,3.437
39.350000,3.1702,-0.8075,-0.1125,3.273
39.351000,2.9086,-1.0101,-0.2751,3.091
39.354000,2.5861,-1.1720,-0.4855,2.881
39.355000,2.2329,-1.2659,-0.6212,2.641
39.356000,1.9454,-1.3026,-0.7569,2.461
39.357000,1.6258,-1.2989,-0.8664,2.254
39.359000,1.3243,-1.2783,-0.9448,2.069
39.360000,1.0005,-1.2289,-0.9994,1.873
39.361000,0.7406,-1.1549,-1.0306,1.716
39.363000,0.5207,-1.0494,-1.0098,1.547
39.364000,0.3402,-0.9893,-0.9754,1.430
39.368000,0.1804,-0.9192,-0.9447,1.330
39.375000,0.0889,-0.8343,-0.8558,1.198
39.378000,0.0179,-0.7225,-0.7670,1.054
39.383000,-0.0286,-0.6759,-0.6522,0.940
39.387000,-0.1389,-0.6557,-0.5526,0.869
39.394000,-0.2003,-0.5610,-0.4136,0.725
39.398000,-0.2567,-0.4674,-0.3119,0.618
39.402000,-0.3340,-0.3647,-0.2093,0.537
39.409000,-0.4374,-0.3111,-0.0887,0.544
39.413000,-0.5549,-0.3447,0.0546,0.656
39.417000,-0.6527,-0.3501,0.1968,0.766
39.422000,-0.7573,-0.3756,0.2925,0.895
39.475000,-0.8714,-0.4097,0.3637,1.029
39.477000,-0.9420,-0.4401,0.4105,1.118
39.479000,-0.9814,-0.5558,0.5099,1.238
39.483000,-1.1828,-0.7293,0.5489,1.494
39.484000,-1.3048,-0.8560,0.6190,1.679
39.485000,-1.3330,-0.8951,0.6028,1.715
39.487000,-1.3750,-0.9183,0.5796,1.752
39.491000,-1.5413,-1.0224,0.4880,1.913
39.493000,-1.7380,-1.1612,0.4529,2.139
39.494000,-1.9433,-1.3578,0.4290,2.409
39.495000,-2.1000,-1.5173,0.4137,2.624
39.496000,-2.2627,-1.6960,0.3261,2.846
39.498000,-2.3792,-1.8468,0.3506,3.032
39.502000,-2.4587,-2.0073,0.3739,3.196
39.503000,-2.5775,-2.2219,0.3907,3.425
39.503000,-2.6453,-2.4326,0.3679,3.613
39.507000,-2.7504,-2.5569,0.4054,3.777
39.513000,-2.8639,-2.7147,0.4359,3.970
39.527000,-2.9880,-2.8882,0.4017,4.175
39.530000,-3.1183,-3.0468,0.5038,4.389
39.531000,-3.2833,-3.2460,0.6175,4.658
39.532000,-3.4614,-3.4368,0.7497,4.935
39.536000,-3.6550,-3.5570,0.8452,5.170
39.595000,-3.7634,-3.6805,0.9660,5.352
39.596000,-3.8467,-3.7780,1.1908,5.522
39.596000,-3.9383,-3.8545,1.3163,5.666
39.597000,-4.0718,-4.0156,1.4289,5.895
39.597000,-4.1756,-4.1177,1.5290,6.060
39.597000,-4.2684,-4.1956,1.5997,6.195
39.598000,-4.3172,-4.2597,1.6341,6.281
39.598000,-4.3768,-4.3790,1.6632,6.411
39.598000,-4.3851,-4.5170,1.6705,6.513
39.599000,-4.3567,-4.6649,1.7065,6.607
39.599000,-4.3512,-4.8842,1.6398,6.744
39.599000,-4.3377,-5.0721,1.6304,6.870
39.603000,-4.2658,-5.2663,1.5995,6.963
39.608000,-4.2650,-5.4532,1.5926,7.104
39.612000,-4.2850,-5.7012,1.5277,7.294
39.617000,-4.2515,-5.9196,1.4623,7.433
39.622000,-4.2533,-6.1661,1.3775,7.616
39.626000,-4.2759,-6.3971,1.3500,7.812
39.631000,-4.2977,-6.6335,1.3386,8.017
39.638000,-4.2949,-6.7674,1.3499,8.128
39.642000,-4.4159,-6.8974,1.3768,8.305
39.646000,-4.5290,-6.9126,1.3401,8.372
39.651000,-4.5982,-6.8799,1.3568,8.386
39.655000,-4.6787,-6.8350,1.3719,8.396
39.708000,-4.6988,-6.7495,1.3929,8.341
39.709000,-4.6512,-6.6639,1.4058,8.247
39.710000,-4.5815,-6.5662,1.4703,8.140
39.710000,-4.4157,-6.4997,1.5341,8.006
39.710000,-4.2065,-6.4266,1.5804,7.842
39.711000,-3.9348,-6.3830,1.6167,7.671
39.711000,-3.6413,-6.3524,1.5836,7.491
39.712000,-3.3118,-6.3474,1.5771,7.331
39.712000,-2.9750,-6.3537,1.5663,7.188
39.713000,-2.6644,-6.3527,1.4985,7.050
39.713000,-2.3754,-6.3856,1.4288,6.961
39.716000,-2.1700,-6.4214,1.3401,6.909
39.720000,-2.0722,-6.4750,1.2563,6.914
39.725000,-2.0411,-6.5461,1.1433,6.952
39.730000,-2.0672,-6.5387,1.0392,6.936
39.735000,-2.1647,-6.4913,0.9530,6.909
39.742000,-2.2713,-6.4971,0.7990,6.929
39.746000,-2.3844,-6.4789,0.7089,6.940
39.750000,-2.4371,-6.4748,0.6156,6.946
39.755000,-2.4723,-6.4439,0.5905,6.927
39.817000,-2.4686,-6.4027,0.5926,6.888
39.818000,-2.4954,-6.4282,0.6524,6.926
39.820000,-2.6147,-6.3068,0.7602,6.869
39.821000,-2.7307,-6.1396,0.9849,6.791
39.823000,-2.8672,-5.8706,1.2571,6.653
39.825000,-2.9784,-5.5288,1.5558,6.470
39.827000,-3.0406,-5.1790,1.9026,6.300
39.828000,-3.0534,-4.8327,2.2836,6.156
39.829000,-3.0002,-4.4904,2.5898,5.989
39.829000,-2.8185,-4.2137,2.8381,5.810
39.830000,-2.6021,-3.9603,3.0526,5.637
39.830000,-2.2696,-3.7048,3.1693,5.378
39.831000,-1.8616,-3.4441,3.1858,5.047
39.831000,-1.4670,-3.1820,3.1481,4.710
39.832000,-1.1125,-3.0227,3.0516,4.437
39.835000,-0.8002,-2.8959,2.8675,4.153
39.843000,-0.5637,-2.8193,2.6822,3.932
39.845000,-0.3601,-2.7936,2.4452,3.730
39.849000,-0.1892,-2.7749,2.0776,3.472
39.855000,-0.0728,-2.7615,1.7208,3.255
39.917000,0.0590,-2.7716,1.3269,3.073
39.918000,0.1915,-2.8082,0.9987,2.987
39.919000,0.3031,-2.8669,0.6787,2.962
39.919000,0.4061,-2.9203,0.4286,2.979
39.919000,0.5555,-2.9448,0.1525,3.001
39.920000,0.6241,-2.9436,-0.0635,3.010
39.920000,0.6412,-2.8963,-0.3009,2.982
39.920000,0.7045,-2.8089,-0.4353,2.928
39.920000,0.7332,-2.7425,-0.5773,2.897
39.921000,0.7437,-2.6042,-0.7485,2.810
39.921000,0.7264,-2.4664,-0.8746,2.716
39.921000,0.7200,-2.2444,-0.9562,2.544
39.922000,0.6693,-2.0298,-0.9649,2.345
39.929000,0.6265,-1.7945,-1.0082,2.152
39.930000,0.5612,-1.5182,-1.0076,1.907
39.935000,0.4943,-1.2261,-0.9940,1.654
39.940000,0.4337,-0.9505,-0.9583,1.418
39.948000,0.4267,-0.6229,-0.9386,1.205
39.949000,0.4253,-0.2869,-0.9822,1.108
39.953000,0.3938,0.0510,-0.9507,1.030
40.007000,0.4158,0.3401,-0.9107,1.057
40.008000,0.4238,0.6297,-0.9021,1.179
40.008000,0.5425,0.8707,-0.7432,1.267
40.008000,0.6612,1.0928,-0.6183,1.419
40.008000,0.7948,1.2685,-0.5734,1.603
40.009000,0.9378,1.5164,-0.5412,1.863
40.009000,1.0990,1.8498,-0.5905,2.231
40.010000,1.1831,2.1399,-0.6832,2.539
40.010000,1.1370,2.3576,-0.7180,2.714
40.010000,1.0826,2.5097,-0.7348,2.830
40.011000,1.0275,2.6523,-0.8150,2.959
40.014000,0.9974,2.7964,-0.9081,3.105
40.020000,0.9449,2.9237,-0.9969,3.230
40.023000,0.9174,2.9381,-1.0239,3.244
40.028000,0.8312,2.8877,-1.1206,3.207
40.034000,0.7300,2.8524,-1.2034,3.181
40.038000,0.5992,2.8605,-1.3276,3.210
40.044000,0.5249,2.8523,-1.4927,3.262
40.048000,0.4263,2.7903,-1.5982,3.244
40.053000,0.3056,2.7007,-1.6343,3.171
40.058000,0.2352,2.6226,-1.6393,3.102
40.062000,0.2486,2.5487,-1.6083,3.024
40.067000,0.2881,2.4982,-1.5656,2.962
40.125000,0.3472,2.4551,-1.5544,2.926
40.126000,0.4686,2.3663,-1.4336,2.806
40.127000,0.6328,2.3177,-1.3090,2.736
40.127000,0.8308,2.2381,-1.1185,2.636
40.127000,0.9570,2.1536,-0.9488,2.541
40.128000,1.0782,2.0806,-0.7526,2.461
40.128000,1.1807,2.0866,-0.5685,2.464
40.128000,1.2806,2.1040,-0.3726,2.491
40.129000,1.3785,2.1622,-0.2057,2.572
40.129000,1.4455,2.2296,0.0156,2.657
40.129000,1.5074,2.3034,0.1930,2.760
40.130000,1.7090,2.3968,0.3812,2.968
40.137000,1.9153,2.5232,0.4968,3.207
40.137000,2.1642,2.6177,0.5588,3.442
40.144000,2.4630,2.7237,0.6244,3.725
40.148000,2.7297,2.7877,0.5764,3.944
40.152000,2.9139,2.8288,0.5537,4.099
40.159000,3.0156,2.8136,0.4631,4.150
40.163000,3.1230,2.8135,0.4408,4.227
40.167000,3.2750,2.8387,0.4841,4.361
40.171000,3.3637,2.8290,0.4161,4.415
40.230000,3.3505,2.8275,0.2680,4.392
40.231000,3.3391,2.8515,0.2437,4.398
40.232000,3.4631,2.7785,0.2854,4.449
40.232000,3.5863,2.6499,0.1919,4.463
40.232000,3.7475,2.5162,-0.0389,4.514
40.233000,3.9366,2.3795,-0.2702,4.608
40.234000,4.1226,2.2614,-0.5139,4.730
40.235000,4.2858,2.1257,-0.7143,4.837
40.236000,4.4077,2.0110,-0.8690,4.922
40.237000,4.5672,1.8910,-0.9875,5.041
40.239000,4.7018,1.7704,-1.1532,5.155
40.241000,4.7738,1.6591,-1.2317,5.202
40.242000,4.9268,1.5906,-1.2590,5.328
40.243000,5.1389,1.5360,-1.2632,5.510
40.247000,5.4464,1.4647,-1.2331,5.773
40.252000,5.6815,1.3907,-1.3454,6.002
40.258000,5.8318,1.4380,-1.4488,6.179
40.263000,6.1199,1.5539,-1.2302,6.433
40.268000,6.3632,1.5370,-1.2597,6.666
40.271000,6.6814,1.6911,-1.3625,7.025
40.276000,7.0095,1.7504,-1.4301,7.365
40.282000,7.2801,1.7745,-1.5341,7.649
40.286000,7.5431,1.6962,-1.6026,7.896
40.351000,7.7695,1.5274,-1.6091,8.080
40.352000,7.9667,1.3639,-1.6017,8.240
40.353000,8.1751,1.2415,-1.5520,8.413
40.353000,8.2991,1.1647,-1.4199,8.500
40.353000,8.3602,1.1026,-1.3036,8.533
40.354000,8.3967,1.0574,-1.1174,8.536
40.354000,8.4207,1.1078,-0.8571,8.536
40.355000,8.3961,1.0960,-0.6687,8.494
40.355000,8.3685,1.1176,-0.4498,8.455
40.355000,8.2614,1.1512,-0.2674,8.346
40.355000,8.1324,1.1774,-0.1075,8.218
40.356000,8.0294,1.2300,0.0535,8.123
40.356000,7.8090,1.3041,0.1628,7.919
40.357000,7.6150,1.3781,0.2537,7.743
40.362000,7.4237,1.4597,0.2905,7.571
40.366000,7.1775,1.6680,0.3471,7.377
40.372000,6.9462,1.9074,0.3567,7.212
40.376000,6.6839,2.1225,0.4030,7.024
40.381000,6.4575,2.3923,0.4957,6.904
40.385000,6.2027,2.5803,0.6227,6.747
40.392000,5.9669,2.7581,0.7171,6.613
40.398000,5.7476,2.8993,0.7385,6.480
40.400000,5.5310,3.0232,0.8164,6.356
40.405000,5.3378,3.0336,0.8480,6.198
40.449000,5.1899,2.9260,0.8311,6.016
40.450000,5.0183,2.7606,0.7637,5.778
40.452000,4.8774,2.5130,0.5814,5.517
40.453000,4.7347,2.2125,0.3879,5.240
40.454000,4.6467,1.9136,0.2594,5.032
40.456000,4.5353,1.5856,0.0743,4.805
40.457000,4.3625,1.2648,-0.1647,4.545
40.459000,4.2308,0.9457,-0.3328,4.348
40.461000,4.0309,0.5931,-0.5251,4.108
40.462000,3.8664,0.2364,-0.6671,3.931
40.463000,3.6816,-0.1179,-0.7920,3.768
40.465000,3.4993,-0.4208,-0.9024,3.638
40.471000,3.3309,-0.7280,-0.9953,3.552
40.485000,3.0647,-0.9959,-1.1351,3.416
40.488000,2.8233,-1.2404,-1.2546,3.329
40.489000,2.6302,-1.3882,-1.2961,3.244
40.490000,2.3812,-1.5455,-1.3314,3.135
40.565000,2.1211,-1.6702,-1.4391,3.059
40.566000,1.8626,-1.7569,-1.5260,2.981
40.567000,1.6230,-1.8309,-1.5370,2.889
40.569000,1.4255,-1.8669,-1.4888,2.781
40.571000,1.2491,-1.8906,-1.4250,2.677
40.572000,1.1158,-1.8583,-1.3706,2.565
40.575000,1.0083,-1.7875,-1.2249,2.390
40.577000,0.9116,-1.7483,-1.0673,2.242
40.579000,0.7329,-1.7043,-0.8960,2.060
40.579000,0.5750,-1.6771,-0.6303,1.882
40.580000,0.4502,-1.6326,-0.4024,1.741
40.582000,0.3840,-1.6007,-0.1264,1.651
40.582000,0.3264,-1.5403,0.1345,1.580
40.583000,0.2441,-1.5036,0.3941,1.573
40.584000,0.1983,-1.4633,0.6310,1.606
40.585000,0.1080,-1.4764,0.8946,1.730
40.586000,0.0260,-1.4658,1.1915,1.889
40.586000,-0.0699,-1.4495,1.3853,2.006
40.587000,-0.1888,-1.5053,1.6238,2.222
40.592000,-0.3239,-1.5505,1.8116,2.406
40.595000,-0.4561,-1.5106,1.9222,2.487
40.600000,-0.5944,-1.5214,2.0557,2.626
40.604000,-0.7204,-1.5552,2.1913,2.782
40.610000,-0.8530,-1.6091,2.2859,2.923
40.614000,-0.9869,-1.6775,2.3275,3.034
40.620000,-1.0965,-1.7258,2.3643,3.126
40.628000,-1.2532,-1.7941,2.3174,3.187
40.631000,-1.3947,-1.8389,2.2635,3.233
40.634000,-1.5714,-1.8851,2.1937,3.292
40.638000,-1.7327,-1.9673,2.1512,3.391
40.691000,-1.8906,-2.0481,2.0866,3.482
40.691000,-2.0571,-2.1557,1.9693,3.572
40.692000,-2.2345,-2.2836,1.8955,3.715
40.692000,-2.3678,-2.3785,1.8245,3.820
40.692000,-2.4781,-2.4996,1.7539,3.933
40.693000,-2.6019,-2.6718,1.7031,4.100
40.693000,-2.6765,-2.8323,1.7293,4.263
40.693000,-2.8527,-2.9737,1.5765,4.412
40.693000,-3.0467,-3.0770,1.4373,4.562
40.694000,-3.1887,-3.1725,1.4906,4.739
40.694000,-3.3653,-3.3301,1.5401,4.979
40.699000,-3.4567,-3.5260,1.6169,5.196
40.706000,-3.5442,-3.7377,1.7515,5.441
40.710000,-3.6733,-3.9411,1.7931,5.678
40.715000,-3.7936,-4.0949,1.8706,5.887
40.718000,-3.9270,-4.2214,1.9765,6.095
40.725000,-4.1546,-4.3346,1.9690,6.319
40.728000,-4.2946,-4.4179,2.0329,6.488
40.732000,-4.3638,-4.5181,2.0368,6.603
40.737000,-4.4701,-4.6457,2.0424,6.763
40.788000,-4.5393,-4.7646,2.0430,6.891
40.789000,-4.6742,-4.9214,1.9806,7.070
40.790000,-4.7624,-5.0257,1.9104,7.183
40.790000,-4.8160,-5.1678,1.8179,7.294
40.790000,-4.8160,-5.3485,1.7631,7.410
40.791000,-4.8175,-5.5577,1.6548,7.539
40.791000,-4.8301,-5.7612,1.5357,7.673
40.791000,-4.8300,-6.0246,1.4300,7.853
40.792000,-4.7815,-6.2708,1.3396,7.999
40.792000,-4.7682,-6.5182,1.2836,8.177
40.797000,-4.7353,-6.7983,1.1901,8.370
40.798000,-4.7259,-7.0325,1.1595,8.552
40.803000,-4.7807,-7.3206,1.0961,8.812
40.808000,-4.8876,-7.6286,1.1117,9.128
40.812000,-5.0586,-7.7979,1.0341,9.352
40.817000,-5.2650,-7.8744,1.0191,9.527
40.823000,-5.5043,-7.9769,1.1476,9.759
40.828000,-5.6665,-8.0183,1.2758,9.901
40.833000,-5.7876,-7.9415,1.4682,9.936
40.838000,-5.9036,-7.9969,1.6116,10.070
40.843000,-6.1773,-8.0977,1.6909,10.324
40.847000,-6.3356,-7.9488,1.8367,10.329
40.852000,-6.1777,-7.6942,1.8724,10.043
40.912000,-5.9407,-7.5356,1.7648,9.757
40.913000,-5.6749,-7.4441,1.6898,9.512
40.913000,-5.4183,-7.3579,1.5764,9.273
40.914000,-5.0252,-7.2655,1.3914,8.943
40.914000,-4.6080,-7.1799,1.1044,8.603
40.915000,-4.2265,-7.0636,0.7896,8.269
40.915000,-3.9094,-6.9844,0.5335,8.022
40.915000,-3.7092,-6.9147,0.2721,7.851
40.916000,-3.4966,-6.8944,0.1151,7.731
40.916000,-3.3075,-6.8834,0.0198,7.637
40.916000,-3.1226,-6.9030,0.0196,7.576
40.917000,-2.9251,-6.9869,0.0617,7.575
40.917000,-2.7654,-7.0635,0.1341,7.587
40.922000,-2.6648,-7.2160,0.2578,7.697
40.927000,-2.5084,-7.3510,0.3088,7.773
40.932000,-2.3416,-7.4757,0.2630,7.838
40.937000,-2.1403,-7.5440,0.3718,7.851
40.943000,-2.0387,-7.5683,0.5623,7.858
40.947000,-2.1369,-7.6348,0.6877,7.958
40.951000,-2.2863,-7.5388,0.8331,7.922
41.003000,-2.4462,-7.3862,1.1173,7.860
41.004000,-2.5587,-7.0627,1.4675,7.654
41.005000,-2.5354,-6.5022,1.8572,7.222
41.005000,-2.4744,-5.9377,2.1571,6.785
41.006000,-2.3324,-5.4472,2.5064,6.434
41.006000,-2.0999,-4.9263,2.7285,6.010
41.006000,-1.7651,-4.4433,2.8558,5.569
41.007000,-1.3565,-3.9618,2.8839,5.085
41.007000,-0.9703,-3.5297,2.8046,4.611
41.007000,-0.4771,-3.1965,2.6829,4.200
41.008000,-0.0568,-2.9712,2.5125,3.891
41.014000,0.3859,-2.8166,2.3653,3.698
41.016000,0.7508,-2.6863,2.1694,3.534
41.022000,1.0759,-2.6030,1.9345,3.417
41.026000,1.4253,-2.5630,1.7685,3.425
41.030000,1.7300,-2.5628,1.4962,3.435
41.037000,1.9559,-2.6321,1.2616,3.514
41.044000,2.1156,-2.6788,0.9665,3.548
41.047000,2.2448,-2.7011,0.6686,3.575
41.050000,2.3886,-2.7139,0.3275,3.630
41.056000,2.5068,-2.7446,0.0199,3.717
41.109000,2.5849,-2.7198,-0.2665,3.762
41.110000,2.6249,-2.6781,-0.5200,3.786
41.110000,2.6060,-2.5897,-0.7287,3.745
41.111000,2.5418,-2.4366,-0.9145,3.638
41.111000,2.3949,-2.2177,-1.0778,3.437
41.111000,2.2319,-1.9695,-1.1995,3.209
41.112000,2.0861,-1.7019,-1.2920,2.986
41.112000,1.8862,-1.3613,-1.3055,2.667
41.112000,1.7205,-1.0726,-1.3622,2.443
41.112000,1.5958,-0.7810,-1.3719,2.245
41.113000,1.4482,-0.4783,-1.3398,2.030
41.119000,1.3276,-0.1411,-1.2399,1.822
41.120000,1.2454,0.1414,-1.1301,1.688
41.126000,1.1877,0.4109,-0.9774,1.592
41.135000,1.1565,0.6641,-0.7459,1.528
41.143000,1.1588,0.9014,-0.5700,1.575
41.144000,1.1445,1.1346,-0.3801,1.656
41.146000,1.1662,1.3663,-0.2074,1.808
41.149000,1.1948,1.5935,-0.0508,1.992
41.155000,1.2158,1.7802,0.1111,2.159
41.219000,1.2171,1.9239,0.1786,2.284
41.220000,1.2607,2.1417,0.2741,2.500
41.220000,1.2505,2.3276,0.3409,2.664
41.221000,1.2110,2.4133,0.3144,2.718
41.221000,1.1273,2.5010,0.3219,2.762
41.222000,1.0566,2.5834,0.2755,2.805
41.222000,0.9395,2.6394,0.1824,2.808
41.222000,0.8647,2.6600,0.0333,2.797
41.222000,0.7747,2.6785,-0.0520,2.789
41.223000,0.6767,2.6758,-0.1907,2.767
41.223000,0.5824,2.6258,-0.3969,2.719
41.223000,0.4375,2.5506,-0.6321,2.664
41.224000,0.3736,2.5127,-0.7980,2.663
41.224000,0.3281,2.4614,-0.9089,2.644
41.230000,0.3070,2.3910,-1.0537,2.631
41.234000,0.3267,2.2772,-1.1771,2.584
41.240000,0.3609,2.2232,-1.1833,2.544
41.245000,0.4026,2.1332,-1.1730,2.467
41.250000,0.4852,2.0863,-1.1420,2.427
41.254000,0.6546,2.0996,-1.0593,2.441
41.259000,0.8434,2.1320,-0.9132,2.468
41.264000,1.0320,2.1472,-0.7783,2.506
41.268000,1.2259,2.1842,-0.6502,2.588
41.329000,1.3958,2.2471,-0.4713,2.687
41.330000,1.6325,2.3001,-0.2446,2.831
41.330000,1.7877,2.2615,-0.0379,2.883
41.332000,1.9807,2.2870,0.1170,3.028
41.334000,2.1379,2.3432,0.2748,3.184
41.335000,2.2778,2.4943,0.3395,3.395
41.335000,2.3163,2.6559,0.3781,3.544
41.336000,2.3903,2.7878,0.3549,3.689
41.336000,2.3846,2.8587,0.3326,3.738
41.338000,2.3591,2.8807,0.3855,3.743
41.339000,2.4313,2.8947,0.4849,3.811
41.340000,2.5416,2.9034,0.5346,3.896
41.342000,2.6608,2.9950,0.5086,4.038
41.343000,2.8104,3.0474,0.4812,4.173
41.347000,3.0164,3.0124,0.4142,4.283
41.350000,3.2216,2.9983,0.3960,4.419
41.353000,3.4472,2.9974,0.2305,4.574
41.358000,3.6090,2.9519,0.0619,4.663
41.363000,3.6813,2.8266,-0.1287,4.643
41.368000,3.7068,2.6929,-0.3166,4.593
41.377000,3.7486,2.4822,-0.4516,4.519
41.381000,3.8355,2.2378,-0.5814,4.479
41.383000,4.0177,1.9885,-0.6818,4.534
41.389000,4.2956,1.8280,-0.7912,4.735
41.454000,4.6329,1.7010,-0.9382,5.024
41.456000,5.0105,1.6600,-1.0633,5.384
41.457000,5.3417,1.7117,-1.1905,5.734
41.457000,5.5809,1.8176,-1.3555,6.024
41.458000,5.7713,1.9083,-1.5370,6.270
41.458000,5.9653,2.0242,-1.7604,6.541
41.458000,6.1675,2.1246,-1.8577,6.783
41.459000,6.4639,2.2167,-1.9393,7.103
41.459000,6.7391,2.3217,-2.0290,7.411
41.459000,6.9569,2.4058,-2.1552,7.670
41.460000,7.1317,2.4378,-2.2390,7.862
41.460000,7.2918,2.4082,-2.2560,8.004
41.460000,7.5091,2.3003,-2.3284,8.191
41.461000,7.7619,2.1977,-2.3290,8.396
41.463000,8.0139,2.0645,-2.2774,8.583
41.468000,8.1885,1.8313,-2.1693,8.667
41.473000,8.3027,1.6224,-2.0836,8.712
41.478000,8.4018,1.3543,-1.9608,8.733
41.483000,8.4839,1.1036,-1.8444,8.752
41.488000,8.5178,0.9133,-1.6559,8.725
41.495000,8.4892,0.7643,-1.5583,8.665
41.499000,8.3483,0.6063,-1.3842,8.484
41.502000,8.2748,0.5329,-1.1054,8.365
41.568000,8.1873,0.5510,-0.9593,8.262
41.569000,8.0475,0.5959,-0.8189,8.111
41.570000,7.8341,0.7300,-0.6965,7.899
41.570000,7.4874,0.9026,-0.5533,7.562
41.570000,7.2205,1.1284,-0.4398,7.321
41.571000,7.0095,1.4478,-0.2964,7.164
41.571000,6.7538,1.7746,-0.2308,6.987
41.571000,6.5206,2.1088,-0.1449,6.855
41.572000,6.2923,2.4211,-0.1632,6.744
41.572000,6.1098,2.7428,-0.1514,6.699
41.572000,5.9416,3.0159,-0.1310,6.665
41.572000,5.7350,3.2047,-0.1594,6.572
41.573000,5.6238,3.3352,-0.2528,6.543
41.573000,5.4930,3.3597,-0.2960,6.446
41.580000,5.4067,3.3087,-0.3796,6.350
41.583000,5.2863,3.1301,-0.6039,6.173
41.587000,5.0861,2.8736,-0.7529,5.890
41.593000,4.8931,2.5402,-0.8746,5.582
41.597000,4.6758,2.1820,-1.0976,5.275
41.601000,4.4683,1.8521,-1.3113,5.012
41.653000,4.2571,1.4604,-1.4891,4.741
41.654000,3.9892,1.0758,-1.6741,4.458
41.655000,3.7281,0.6754,-1.8274,4.206
41.655000,3.4947,0.2995,-1.9870,4.031
41.656000,3.2757,-0.0200,-2.0591,3.869
41.656000,3.0927,-0.3786,-2.1153,3.766
41.656000,2.8629,-0.6774,-2.1267,3.630
41.657000,2.6720,-0.9240,-2.1430,3.548
41.657000,2.5205,-1.1657,-2.1447,3.509
41.657000,2.3300,-1.3876,-2.1157,3.440
41.658000,2.1359,-1.5975,-2.0098,3.340
41.661000,1.9821,-1.6941,-1.8587,3.202
41.667000,1.8418,-1.7736,-1.6286,3.032
41.672000,1.7369,-1.8547,-1.3684,2.886
41.678000,1.6583,-1.8772,-1.0788,2.727
41.682000,1.5598,-1.8683,-0.6595,2.522
41.687000,1.4826,-1.7747,-0.4327,2.353
41.699000,1.4072,-1.6952,-0.1564,2.209
41.700000,1.4361,-1.5632,0.2123,2.133
41.701000,1.4208,-1.4384,0.5239,2.089
41.772000,1.3472,-1.3136,0.7796,2.037
41.772000,1.2577,-1.1659,1.0322,2.002
41.773000,1.2144,-1.1002,1.2019,2.032
41.773000,1.1384,-1.0091,1.3771,2.052
41.773000,1.0821,-0.9190,1.5618,2.111
41.774000,0.9595,-0.8487,1.7028,2.131
41.774000,0.8752,-0.7634,1.8436,2.179
41.774000,0.8057,-0.7054,1.9262,2.204
41.775000,0.7124,-0.6729,2.0390,2.262
41.775000,0.5543,-0.6423,2.1055,2.270
41.775000,0.4658,-0.6438,2.1777,2.318
41.775000,0.3363,-0.6141,2.2037,2.312
41.776000,0.1900,-0.5886,2.1835,2.269
41.776000,0.0173,-0.5531,2.2154,2.283
41.776000,-0.0809,-0.5283,2.2539,2.316
41.780000,-0.2223,-0.5820,2.2278,2.313
41.785000,-0.3470,-0.6644,2.1566,2.283
41.791000,-0.4690,-0.7386,2.1246,2.298
41.795000,-0.6293,-0.8462,2.0459,2.302
41.804000,-0.7914,-0.9574,1.9567,2.318
41.804000,-0.9365,-1.0829,1.8885,2.370
41.810000,-1.1214,-1.2332,1.7553,2.421
41.814000,-1.2556,-1.3066,1.6799,2.471
41.819000,-1.3723,-1.4534,1.6385,2.585
41.866000,-1.4998,-1.6273,1.5569,2.706
41.867000,-1.6554,-1.8080,1.5382,2.894
41.867000,-1.8123,-1.9733,1.4917,3.066
41.868000,-1.9535,-2.1580,1.4295,3.243
41.868000,-2.0747,-2.3237,1.3950,3.413
41.868000,-2.2015,-2.5087,1.4241,3.629
41.869000,-2.3078,-2.7305,1.4617,3.862
41.869000,-2.4102,-3.0119,1.6172,4.183
41.869000,-2.5303,-3.2702,1.7184,4.478
41.870000,-2.6968,-3.4953,1.8149,4.773
41.877000,-2.8401,-3.6862,1.9397,5.041
41.879000,-2.9509,-3.8658,2.1025,5.298
41.886000,-3.1320,-4.0785,2.1884,5.589
41.891000,-3.3424,-4.3042,2.3235,5.924
41.896000,-3.5678,-4.5100,2.5061,6.273
41.901000,-3.6383,-4.6395,2.5896,6.440
41.904000,-3.7264,-4.8064,2.6914,6.651
41.909000,-3.8227,-4.9788,2.7515,6.854
41.915000,-4.0107,-5.1558,2.7883,7.102
41.919000,-4.1232,-5.3169,2.7352,7.263
41.926000,-4.2294,-5.4201,2.5562,7.335
41.930000,-4.3558,-5.5120,2.4201,7.430
41.934000,-4.4640,-5.6709,2.3337,7.585
41.938000,-4.5183,-5.9197,2.2272,7.773
42.000000,-4.5596,-6.1757,2.0911,7.956
42.001000,-4.5640,-6.4405,1.9585,8.133
42.002000,-4.5459,-6.6898,1.7767,8.281
42.002000,-4.5797,-6.9148,1.6534,8.457
42.002000,-4.6415,-7.1771,1.5594,8.688
42.003000,-4.6955,-7.4735,1.5278,8.957
42.003000,-4.7920,-7.7471,1.5489,9.240
42.003000,-4.9095,-7.9752,1.6049,9.502
42.004000,-5.1200,-8.0817,1.6190,9.703
42.004000,-5.3110,-8.1688,1.6818,9.888
42.005000,-5.4873,-8.2451,1.8122,10.069
42.005000,-5.7541,-8.2460,1.8432,10.223
42.005000,-5.9392,-8.1902,1.9977,10.312
42.014000,-5.9900,-8.1538,2.1254,10.338
42.015000,-6.0310,-8.1132,2.2140,10.349
42.019000,-6.0455,-8.0793,2.3357,10.358
42.030000,-6.0097,-8.0144,2.4521,10.313
42.031000,-5.9211,-7.9639,2.4965,10.233
42.033000,-5.8085,-7.9040,2.4478,10.110
42.038000,-5.6240,-7.7846,2.3998,9.899
42.109000,-5.3604,-7.6491,2.3413,9.629
42.110000,-5.0510,-7.4575,2.1990,9.272
42.110000,-4.7750,-7.3441,2.0712,9.001
42.111000,-4.5201,-7.2358,1.9295,8.747
42.111000,-4.2362,-7.0584,1.7145,8.409
42.112000,-3.9590,-6.8557,1.4937,8.056
42.112000,-3.7364,-6.6908,1.2865,7.771
42.112000,-3.6209,-6.5945,1.1765,7.615
42.113000,-3.5287,-6.5361,1.0226,7.498
42.113000,-3.4358,-6.5708,0.8153,7.460
42.113000,-3.3373,-6.5517,0.7456,7.390
42.114000,-3.1687,-6.5346,0.7032,7.296
42.114000,-3.0641,-6.4640,0.5655,7.176
42.115000,-3.0494,-6.4240,0.4788,7.127
42.115000,-3.1080,-6.3668,0.5265,7.104
42.118000,-3.2322,-6.2338,0.5786,7.046
42.122000,-3.4077,-6.0369,0.6489,6.963
42.127000,-3.4812,-5.7882,0.7182,6.793
42.133000,-3.3498,-5.4533,0.7984,6.450
42.149000,-3.1476,-5.1338,0.8827,6.086
42.150000,-2.8435,-4.8127,1.0116,5.681
42.151000,-2.5212,-4.5069,1.0891,5.278
42.153000,-2.1639,-4.2507,1.0493,4.884
42.212000,-1.8149,-3.9515,1.0047,4.463
42.213000,-1.4669,-3.8061,0.8532,4.167
42.213000,-1.1463,-3.7555,0.7053,3.989
42.213000,-0.7980,-3.6839,0.5393,3.808
42.213000,-0.4485,-3.6336,0.3104,3.674
42.214000,-0.0474,-3.5343,0.0450,3.535
42.214000,0.3428,-3.4974,-0.1679,3.518
42.214000,0.6404,-3.5095,-0.4428,3.595
42.215000,0.9082,-3.6027,-0.7320,3.787
42.215000,1.1387,-3.6559,-0.9680,3.950
42.215000,1.2863,-3.7150,-1.1342,4.092
42.215000,1.4568,-3.7716,-1.3668,4.268
42.218000,1.6042,-3.7815,-1.5392,4.387
42.223000,1.6956,-3.7627,-1.7207,4.471
42.227000,1.8049,-3.6943,-1.8323,4.501
42.232000,1.8697,-3.6153,-1.9337,4.506
42.236000,1.9598,-3.4840,-1.8649,4.411
42.250000,2.0338,-3.3616,-1.8155,4.328
42.252000,2.0564,-3.2181,-1.6641,4.166
42.252000,2.0227,-3.0564,-1.3638,3.911
42.257000,1.9039,-2.8577,-1.1406,3.618
42.335000,1.7739,-2.6102,-0.8615,3.271
42.336000,1.6095,-2.2794,-0.6128,2.857
42.336000,1.4480,-1.9625,-0.2757,2.454
42.337000,1.3434,-1.6356,0.1161,2.120
42.337000,1.2663,-1.2925,0.4352,1.861
42.338000,1.1879,-0.9261,0.5881,1.617
42.338000,1.1561,-0.5653,0.8547,1.545
42.338000,1.1945,-0.2272,1.0644,1.616
42.339000,1.2426,0.1714,1.0834,1.657
42.339000,1.3705,0.5808,1.1226,1.864
42.339000,1.5025,1.0016,1.1324,2.131
42.340000,1.6033,1.3578,1.1202,2.381
42.340000,1.6460,1.6318,1.1606,2.592
42.340000,1.6276,1.8471,1.1490,2.717
42.341000,1.5752,2.0834,1.1620,2.859
42.341000,1.4979,2.3331,1.1114,2.987
42.341000,1.3976,2.5334,1.0391,3.074
42.346000,1.2822,2.6878,0.9285,3.119
42.352000,1.1465,2.8028,0.7734,3.125
42.365000,1.0244,2.8676,0.6122,3.106
42.367000,0.8873,2.9083,0.3855,3.065
42.368000,0.7706,2.9344,0.1179,3.036
42.370000,0.6656,2.9014,-0.1283,2.979
42.432000,0.5409,2.8642,-0.3576,2.937
42.433000,0.4371,2.8348,-0.5890,2.928
42.433000,0.3931,2.8212,-0.8229,2.965
42.434000,0.3677,2.8205,-0.9964,3.014
42.434000,0.3688,2.8216,-1.0956,3.049
42.434000,0.4009,2.7381,-1.1848,3.010
42.435000,0.4732,2.7302,-1.3237,3.071
42.435000,0.5745,2.6407,-1.4094,3.048
42.435000,0.7308,2.4934,-1.4157,2.959
42.435000,0.8844,2.3480,-1.4100,2.878
42.436000,1.0528,2.2291,-1.4190,2.844
42.436000,1.2975,2.1958,-1.3524,2.887
42.436000,1.4919,2.2125,-1.2799,2.960
42.443000,1.5974,2.2761,-1.1229,2.999
42.445000,1.6711,2.3218,-0.9029,3.000
42.451000,1.7282,2.3718,-0.6082,2.997
42.457000,1.8403,2.4667,-0.3256,3.095
42.462000,1.9852,2.5174,-0.0721,3.207
42.465000,2.1993,2.5485,0.0973,3.368
42.469000,2.4246,2.5856,0.2969,3.557
42.476000,2.5941,2.6338,0.4740,3.727
42.480000,2.7028,2.7022,0.5803,3.866
42.484000,2.7598,2.7665,0.6470,3.961
42.542000,2.8158,2.7960,0.7698,4.042
42.543000,2.8902,2.7934,0.7906,4.097
42.543000,2.9827,2.7801,0.8771,4.171
42.544000,3.0504,2.7466,0.8855,4.199
42.544000,3.1506,2.6714,0.8206,4.211
42.544000,3.3121,2.5380,0.7375,4.237
42.545000,3.4368,2.4588,0.6002,4.268
42.545000,3.5674,2.3140,0.4476,4.276
42.545000,3.6949,2.1137,0.2535,4.264
42.546000,3.8050,1.9344,0.0353,4.269
42.546000,3.8784,1.7450,-0.1589,4.256
42.546000,4.0065,1.5578,-0.2953,4.309
42.549000,4.1509,1.3847,-0.3785,4.392
42.555000,4.2500,1.2334,-0.4346,4.447
42.560000,4.3729,1.1061,-0.5162,4.540
42.564000,4.5508,1.0481,-0.4896,4.696
42.570000,4.7458,1.0550,-0.5032,4.888
42.577000,4.9551,1.0882,-0.5447,5.102
42.582000,5.2524,1.1903,-0.5833,5.417
42.584000,5.5518,1.3352,-0.5731,5.739
42.588000,5.8260,1.4431,-0.5668,6.029
42.629000,6.0323,1.5550,-0.5355,6.253
42.630000,6.2469,1.6252,-0.5058,6.475
42.630000,6.5126,1.6917,-0.5566,6.752
42.630000,6.7528,1.7308,-0.5372,6.992
42.631000,6.9791,1.7445,-0.4666,7.209
42.631000,7.2126,1.7422,-0.4387,7.433
42.631000,7.4511,1.8243,-0.4127,7.682
42.631000,7.7348,1.9142,-0.4386,7.980
42.633000,7.9220,1.8797,-0.3921,8.151
42.638000,8.0510,1.7665,-0.3163,8.249
42.643000,8.2080,1.6416,-0.1781,8.372
42.649000,8.4168,1.5361,-0.0571,8.556
42.655000,8.5648,1.4762,0.0203,8.691
42.660000,8.6448,1.4185,0.0970,8.761
42.663000,8.6711,1.2987,0.2685,8.772
42.669000,8.6509,1.1980,0.4458,8.745
42.674000,8.6635,1.1835,0.5518,8.761
42.678000,8.8070,1.2551,0.6031,8.916
42.683000,8.8367,1.4122,0.5904,8.968
42.688000,8.6448,1.5231,0.5879,8.798
42.694000,8.3227,1.6092,0.5362,8.494
42.698000,7.9618,1.6853,0.5405,8.156
42.703000,7.6366,1.8017,0.4976,7.862
42.757000,7.2829,1.9539,0.5345,7.559
42.758000,6.8505,2.1155,0.5766,7.193
42.759000,6.3804,2.3081,0.5805,6.810
42.759000,5.8802,2.5773,0.5749,6.446
42.759000,5.4410,2.8395,0.5839,6.165
42.760000,5.0937,3.0897,0.5260,5.981
42.760000,4.8074,3.2491,0.3491,5.813
42.760000,4.5772,3.3274,0.1068,5.660
42.761000,4.4391,3.3224,-0.1374,5.546
42.761000,4.3492,3.1737,-0.3550,5.396
42.761000,4.3053,2.9391,-0.5143,5.238
42.764000,4.2695,2.6262,-0.7249,5.065
42.768000,4.2625,2.3393,-0.9414,4.953
42.773000,4.2248,2.0500,-1.1299,4.830
42.778000,4.1186,1.7038,-1.2755,4.636
42.782000,3.9339,1.3862,-1.4117,4.403
42.787000,3.7795,1.0812,-1.6046,4.246
42.792000,3.5858,0.7698,-1.7655,4.070
42.797000,3.3458,0.3800,-1.9656,3.899
42.802000,3.1082,0.0563,-2.1086,3.756
42.862000,2.9211,-0.2177,-2.3089,3.730
42.863000,2.7681,-0.5110,-2.4445,3.728
42.864000,2.5758,-0.7296,-2.6825,3.790
42.864000,2.3604,-0.8909,-2.9194,3.858
42.864000,2.1703,-0.9966,-3.1141,3.924
42.865000,2.0109,-1.0367,-3.1976,3.917
42.865000,1.8506,-1.0619,-3.1623,3.815
42.866000,1.7668,-1.0163,-3.1504,3.752
42.866000,1.7349,-0.9507,-3.1453,3.716
42.867000,1.6639,-0.9135,-3.0058,3.555
42.867000,1.6689,-0.8324,-2.7691,3.339
42.867000,1.6607,-0.7393,-2.4597,3.059
42.868000,1.6687,-0.6457,-2.1222,2.776
42.872000,1.6323,-0.5715,-1.7790,2.481
42.876000,1.5823,-0.4310,-1.4377,2.181
42.884000,1.5620,-0.3294,-1.1855,1.988
42.886000,1.4560,-0.2769,-0.8287,1.698
42.892000,1.3361,-0.2255,-0.4065,1.415
42.896000,1.2719,-0.1990,-0.0658,1.289
42.901000,1.1765,-0.1813,0.2677,1.220
42.908000,1.0382,-0.1699,0.5789,1.201
42.912000,0.9527,-0.1408,0.8651,1.294
42.916000,0.8578,-0.1032,1.1833,1.465
42.921000,0.7291,-0.1038,1.4194,1.599
42.973000,0.6268,-0.1081,1.5944,1.717
42.974000,0.4877,-0.0939,1.7334,1.803
42.974000,0.3774,-0.1124,1.8455,1.887
42.975000,0.2574,-0.1735,1.9288,1.954
42.975000,0.1253,-0.1985,1.9839,1.998
42.975000,-0.0114,-0.2872,1.9704,1.991
42.975000,-0.1268,-0.4265,1.9559,2.006
42.976000,-0.2898,-0.5528,1.9071,2.007
42.976000,-0.5077,-0.7008,1.8650,2.056
42.976000,-0.7467,-0.8459,1.7871,2.113
42.976000,-0.9776,-0.9777,1.7165,2.204
42.982000,-1.1912,-1.1306,1.6442,2.324
42.986000,-1.3965,-1.3230,1.5823,2.491
42.991000,-1.5694,-1.5181,1.5282,2.665
42.996000,-1.7173,-1.6881,1.4921,2.833
43.001000,-1.8590,-1.8557,1.4973,3.023
43.005000,-1.9827,-2.0889,1.4796,3.238
43.010000,-2.0717,-2.2985,1.5274,3.451
43.015000,-2.2021,-2.4457,1.5898,3.655
43.020000,-2.3362,-2.6081,1.7005,3.893
43.031000,-2.4210,-2.7324,1.8065,4.073
43.032000,-2.5115,-2.8967,2.0124,4.330
43.035000,-2.5627,-3.1240,2.2677,4.633
43.066000,-2.6507,-3.2953,2.2610,4.796
43.067000,-2.8284,-3.3881,2.3906,5.019
43.067000,-3.0093,-3.4902,2.5509,5.267
43.068000,-3.1789,-3.6101,2.6555,5.495
43.068000,-3.2610,-3.7704,2.7932,5.714
43.068000,-3.3010,-3.9344,2.8274,5.863
43.070000,-3.2917,-4.1303,2.8917,6.021
43.078000,-3.3387,-4.3545,2.8308,6.174
43.080000,-3.5040,-4.5434,2.8170,6.392
43.085000,-3.6248,-4.7411,2.8623,6.619
43.090000,-3.7418,-4.9986,2.8154,6.849
43.095000,-3.8768,-5.2879,2.7983,7.129
43.100000,-3.9601,-5.5912,2.8872,7.435
43.105000,-4.0257,-5.8632,2.9452,7.698
43.110000,-4.0614,-6.0598,2.8236,7.822
43.115000,-4.1847,-6.2635,2.6433,7.983
43.119000,-4.2899,-6.4513,2.5864,8.168
43.125000,-4.4034,-6.6955,2.5408,8.407
43.129000,-4.3461,-6.9933,2.5113,8.608
43.134000,-4.2973,-7.2676,2.4501,8.791
43.172000,-4.2692,-7.5063,2.3565,8.951
43.173000,-4.3193,-7.6948,2.3021,9.120
43.173000,-4.4572,-7.7956,2.2340,9.254
43.173000,-4.6541,-7.8725,2.2194,9.411
43.174000,-4.8383,-7.8580,2.2864,9.507
43.174000,-4.9620,-7.7858,2.3151,9.518
43.174000,-5.1066,-7.7630,2.3582,9.587
43.175000,-5.2672,-7.7508,2.3585,9.663
43.180000,-5.3220,-7.7899,2.4546,9.748
43.185000,-5.3596,-7.7936,2.5769,9.803
43.190000,-5.3322,-7.7712,2.6845,9.799
43.194000,-5.1944,-7.6725,2.6911,9.648
43.200000,-5.0422,-7.5265,2.5705,9.417
43.205000,-4.8251,-7.3746,2.4337,9.143
43.209000,-4.5144,-7.2265,2.2531,8.814
43.215000,-4.1413,-7.1141,2.0245,8.477
43.219000,-3.7752,-7.0357,1.8103,8.187
43.224000,-3.4496,-6.9753,1.6898,7.963
43.229000,-3.1526,-6.9214,1.5646,7.765
43.234000,-2.9798,-6.8838,1.4464,7.639
43.238000,-2.8569,-6.7937,1.4263,7.507
43.244000,-2.7576,-6.6945,1.4707,7.388
43.255000,-2.7679,-6.6454,1.5097,7.355
43.255000,-2.7944,-6.6322,1.5915,7.371
43.305000,-2.7340,-6.6540,1.6585,7.382
43.306000,-2.6370,-6.6389,1.7108,7.346
43.306000,-2.5465,-6.5563,1.7436,7.246
43.307000,-2.5462,-6.3986,1.8635,7.134
43.307000,-2.6553,-6.1453,2.0101,6.990
43.307000,-2.8973,-5.8290,2.1159,6.845
43.307000,-3.0975,-5.4426,2.2192,6.644
43.308000,-3.2701,-5.0675,2.3640,6.478
43.308000,-3.3214,-4.6766,2.5240,6.267
43.309000,-3.3020,-4.2990,2.7448,6.076
43.309000,-3.2190,-3.9809,2.8952,5.881
43.314000,-3.1152,-3.7643,2.9824,5.724
43.320000,-2.9596,-3.5635,2.9781,5.507
43.326000,-2.6806,-3.3293,2.8949,5.162
43.331000,-2.3594,-3.1783,2.7330,4.810
43.334000,-2.0226,-3.1191,2.5146,4.488
43.339000,-1.6629,-3.0842,2.3111,4.197
43.344000,-1.3619,-3.1344,1.9982,3.959
43.351000,-1.0411,-3.1754,1.7059,3.752
43.354000,-0.7427,-3.2457,1.4003,3.612
43.425000,-0.5245,-3.3611,1.0581,3.563
43.426000,-0.2885,-3.4211,0.7441,3.513
43.427000,-0.0847,-3.4664,0.4466,3.496
43.427000,0.1656,-3.4785,0.0867,3.484
43.427000,0.4171,-3.4995,-0.2089,3.531
43.428000,0.5692,-3.5089,-0.5191,3.592
43.428000,0.6984,-3.5333,-0.7623,3.681
43.428000,0.7834,-3.4449,-0.9034,3.647
43.429000,0.8600,-3.2732,-1.1030,3.560
43.429000,0.8752,-3.0647,-1.2174,3.412
43.429000,0.8462,-2.8207,-1.2971,3.218
43.430000,0.8372,-2.5710,-1.3543,3.024
43.430000,0.7936,-2.3838,-1.3364,2.846
43.430000,0.7151,-2.1355,-1.2700,2.585
43.431000,0.6492,-1.8433,-1.1747,2.280
43.434000,0.5512,-1.5444,-1.0652,1.955
43.439000,0.4829,-1.2560,-0.9300,1.636
43.444000,0.4173,-0.9699,-0.7788,1.312
43.448000,0.4272,-0.6885,-0.5837,0.999
43.454000,0.4092,-0.3914,-0.4498,0.723
43.460000,0.3657,-0.1553,-0.2934,0.494
43.465000,0.3921,0.1010,-0.0117,0.405
43.467000,0.4449,0.2766,0.2124,0.565
43.472000,0.5369,0.4301,0.3099,0.754
43.537000,0.6075,0.7208,0.4582,1.048
43.538000,0.6874,0.9898,0.5570,1.328
43.539000,0.6718,1.1735,0.5799,1.471
43.539000,0.6842,1.3280,0.6403,1.625
43.539000,0.6421,1.4910,0.6540,1.750
43.539000,0.6525,1.6113,0.5884,1.835
43.540000,0.6246,1.7443,0.5346,1.928
43.540000,0.6229,1.8586,0.5095,2.025
43.540000,0.6257,1.9376,0.4722,2.090
43.541000,0.5969,1.9785,0.3394,2.094
43.541000,0.5731,2.1045,0.2185,2.192
43.541000,0.5225,2.1924,0.0978,2.256
43.542000,0.5247,2.2480,-0.0753,2.310
43.542000,0.4524,2.2637,-0.2497,2.322
43.549000,0.4546,2.3002,-0.4135,2.381
43.552000,0.4856,2.2782,-0.5233,2.387
43.561000,0.5167,2.1908,-0.6536,2.344
43.562000,0.5406,2.1384,-0.7157,2.319
43.567000,0.6178,2.1241,-0.8463,2.368
43.571000,0.7046,2.1496,-0.8848,2.429
43.577000,0.8375,2.1343,-0.9247,2.472
43.582000,0.9636,2.1402,-0.9610,2.536
43.587000,1.1374,2.1620,-0.9362,2.616
43.643000,1.3309,2.1429,-0.8937,2.676
43.644000,1.5722,2.1353,-0.8525,2.785
43.645000,1.8227,2.0741,-0.7650,2.865
43.645000,2.0280,2.0843,-0.6581,2.982
43.645000,2.2327,2.1602,-0.5700,3.159
43.646000,2.3965,2.2545,-0.4177,3.317
43.646000,2.4902,2.3880,-0.3445,3.467
43.646000,2.5591,2.5078,-0.3074,3.596
43.646000,2.6494,2.6052,-0.2131,3.722
43.647000,2.8132,2.6367,-0.1762,3.860
43.647000,2.9878,2.6905,-0.1517,4.024
43.649000,3.2023,2.7216,-0.2253,4.209
43.652000,3.3481,2.6982,-0.4446,4.323
43.657000,3.6031,2.7215,-0.3265,4.527
43.663000,3.9451,2.5949,-0.4005,4.739
43.667000,4.1441,2.5384,-0.6137,4.898
43.676000,4.3679,2.5403,-0.5742,5.085
43.677000,4.5732,2.5116,-0.6053,5.252
43.682000,4.6734,2.4569,-0.7975,5.340
43.730000,4.7244,2.4057,-0.9352,5.383
43.731000,4.7881,2.3266,-1.0801,5.432
43.731000,4.8652,2.1867,-1.2373,5.476
43.731000,4.9842,1.9956,-1.4134,5.552
43.732000,5.1473,1.7773,-1.5313,5.657
43.732000,5.3336,1.6423,-1.6443,5.818
43.732000,5.4662,1.5448,-1.6994,5.929
43.733000,5.6023,1.4224,-1.6892,6.022
43.733000,5.7138,1.3211,-1.7601,6.123
43.733000,5.8482,1.2788,-1.7275,6.231
43.736000,5.9270,1.3222,-1.7091,6.309
43.741000,5.9906,1.3959,-1.6331,6.364
43.746000,6.0776,1.5575,-1.6383,6.484
43.750000,6.2163,1.7348,-1.6191,6.654
43.755000,6.3587,1.9708,-1.5446,6.834
43.762000,6.5352,2.1671,-1.5271,7.052
43.766000,6.7005,2.3931,-1.5479,7.281
43.770000,6.8109,2.5096,-1.6229,7.438
43.776000,7.0268,2.6030,-1.6948,7.683
43.780000,7.3329,2.6681,-1.7320,7.993
43.785000,7.6141,2.6496,-1.7299,8.245
43.793000,7.8918,2.6553,-1.7364,8.506
43.795000,8.1297,2.6609,-1.7850,8.738
43.799000,8.3822,2.6589,-1.8971,8.996
43.804000,8.5033,2.4577,-1.9719,9.068
43.866000,8.5076,2.1799,-1.9926,9.006
43.867000,8.5032,1.9093,-2.0382,8.950
43.867000,8.5408,1.6869,-2.0112,8.935
43.867000,8.5462,1.4120,-2.1010,8.913
43.868000,8.4408,1.2237,-2.1854,8.805
43.868000,8.3398,1.0622,-2.2354,8.699
43.869000,8.1573,0.9803,-2.3228,8.538
43.869000,7.8696,0.9849,-2.3567,8.274
43.869000,7.5946,1.0119,-2.3563,8.016
43.870000,7.3276,1.0684,-2.3764,7.777
43.870000,7.0833,1.1164,-2.3260,7.539
43.870000,6.8356,1.1945,-2.2220,7.286
43.871000,6.6271,1.4168,-2.0695,7.086
43.879000,6.3838,1.7401,-1.8904,6.881
43.880000,6.1345,2.0425,-1.6706,6.678
43.887000,5.9263,2.3472,-1.4436,6.536
43.891000,5.7782,2.5849,-1.2096,6.445
43.896000,5.6429,2.8730,-1.0021,6.411
43.900000,5.6218,3.0549,-0.8977,6.461
43.905000,5.5619,3.1260,-0.8482,6.436
43.910000,5.4893,3.0959,-0.8702,6.362
43.914000,5.3492,2.9261,-0.9179,6.166
43.920000,5.2211,2.7250,-1.0651,5.985
43.982000,5.1759,2.5159,-1.2635,5.892
43.983000,5.0779,2.2702,-1.4551,5.749
43.984000,4.8772,1.9408,-1.6441,5.501
43.984000,4.6455,1.5916,-1.8565,5.250
43.984000,4.4416,1.2766,-2.0516,5.056
43.985000,4.2559,0.9146,-2.2141,4.884
43.985000,4.0984,0.4938,-2.3582,4.754
43.985000,3.9144,0.1558,-2.4382,4.614
43.986000,3.7397,-0.2144,-2.4967,4.502
43.986000,3.5800,-0.5994,-2.4933,4.404
43.986000,3.4001,-0.9171,-2.4259,4.276
43.987000,3.1909,-1.1192,-2.4167,4.156
43.987000,3.0023,-1.2711,-2.3594,4.024
43.990000,2.8659,-1.3576,-2.2422,3.884
43.995000,2.7961,-1.4195,-2.0560,3.750
44.000000,2.8077,-1.4636,-1.8181,3.651
44.005000,2.8282,-1.4761,-1.5093,3.529
44.010000,2.8382,-1.4410,-1.1349,3.379
44.014000,2.8640,-1.3869,-0.7392,3.267
44.018000,2.8097,-1.2497,-0.3995,3.101
44.026000,2.7733,-1.1111,-0.0755,2.989
44.030000,2.7023,-0.9901,0.3011,2.894
44.033000,2.6154,-0.8657,0.6417,2.829
44.038000,2.5028,-0.8028,0.9149,2.783
44.115000,2.3807,-0.7687,1.1281,2.744
44.116000,2.2499,-0.7552,1.3991,2.755
44.116000,2.0862,-0.7147,1.6513,2.755
44.116000,1.9229,-0.6786,1.8365,2.744
44.117000,1.7340,-0.6486,1.9826,2.713
44.117000,1.5955,-0.5637,2.1405,2.729
44.117000,1.3903,-0.5860,2.2620,2.719
44.118000,1.2217,-0.6073,2.3729,2.737
44.118000,1.0674,-0.6190,2.4307,2.726
44.119000,0.9040,-0.6876,2.4591,2.709
44.119000,0.7172,-0.7644,2.4769,2.690
44.119000,0.5498,-0.8722,2.4632,2.670
44.119000,0.3328,-1.0216,2.4628,2.687
44.120000,0.0922,-1.1322,2.4354,2.687
44.120000,-0.1118,-1.2033,2.4741,2.754
44.120000,-0.3603,-1.2942,2.4471,2.792
44.123000,-0.5653,-1.3677,2.4008,2.820
44.128000,-0.7646,-1.4494,2.3859,2.894
44.133000,-0.9578,-1.5599,2.4335,3.045
44.137000,-1.1167,-1.6575,2.3912,3.116
44.148000,-1.2120,-1.8030,2.4147,3.248
44.150000,-1.3422,-1.9947,2.4302,3.418
44.152000,-1.4834,-2.1635,2.4594,3.596
44.221000,-1.5802,-2.3231,2.4904,3.754
44.223000,-1.6997,-2.4665,2.4922,3.897
44.223000,-1.8299,-2.6462,2.5442,4.102
44.224000,-2.0231,-2.8137,2.6054,4.336
44.224000,-2.1599,-2.9917,2.6573,4.547
44.224000,-2.2735,-3.1427,2.7047,4.729
44.225000,-2.4144,-3.2992,2.8053,4.958
44.225000,-2.5082,-3.4652,2.8944,5.165
44.225000,-2.5860,-3.6374,2.9762,5.364
44.226000,-2.7389,-3.8124,3.0319,5.588
44.226000,-2.8807,-3.9055,3.0754,5.745
44.227000,-2.9969,-4.0693,3.1064,5.932
44.227000,-3.1380,-4.2019,3.1226,6.104
44.227000,-3.2536,-4.3401,3.1214,6.258
44.228000,-3.3962,-4.4964,3.1175,6.440
44.233000,-3.5663,-4.6812,3.1061,6.654
44.238000,-3.6965,-4.8024,3.1014,6.808
44.241000,-3.8395,-4.9650,3.0888,6.995
44.247000,-3.9523,-5.1518,3.1135,7.201
44.252000,-3.9944,-5.3024,3.1369,7.342
44.259000,-4.0856,-5.4874,2.9390,7.446
44.264000,-4.2185,-5.5906,2.7907,7.539
44.267000,-4.3239,-5.7403,2.6754,7.668
44.272000,-4.3969,-5.9683,2.6167,7.861
44.311000,-4.3973,-6.2514,2.5522,8.058
44.312000,-4.3919,-6.5005,2.4838,8.229
44.312000,-4.4433,-6.7777,2.3585,8.441
44.312000,-4.5084,-6.9985,2.2789,8.631
44.312000,-4.6279,-7.2335,2.2279,8.872
44.313000,-4.7828,-7.4691,2.1737,9.132
44.313000,-4.9254,-7.6007,2.0609,9.289
44.313000,-5.0963,-7.7160,1.9952,9.460
44.317000,-5.3025,-7.8119,2.0077,9.653
44.322000,-5.4702,-7.8625,2.0791,9.801
44.328000,-5.5420,-7.8673,2.1970,9.871
44.332000,-5.6757,-7.8185,2.2302,9.915
44.336000,-5.7806,-7.8073,2.2454,9.971
44.342000,-5.8494,-7.7185,2.2009,9.931
44.347000,-5.8294,-7.7342,2.2117,9.934
44.350000,-5.8235,-7.7918,2.2355,9.981
44.415000,-5.8198,-7.8525,2.2698,10.034
44.416000,-5.7967,-7.8618,2.2998,10.035
44.416000,-5.7951,-7.8483,2.3039,10.024
44.417000,-5.7454,-7.8021,2.3474,9.970
44.417000,-5.7097,-7.7712,2.3058,9.915
44.417000,-5.5589,-7.7483,2.2661,9.802
44.418000,-5.3670,-7.7094,2.1640,9.640
44.418000,-5.1198,-7.6954,2.0457,9.467
44.418000,-4.9152,-7.7257,1.9466,9.361
44.419000,-4.6959,-7.6834,1.7876,9.180
44.419000,-4.4427,-7.5616,1.5808,8.911
44.419000,-4.2368,-7.3924,1.4058,8.636
44.420000,-4.0949,-7.2930,1.3150,8.467
44.420000,-3.9714,-7.2830,1.2279,8.386
44.429000,-3.7847,-7.2685,1.1422,8.274
44.431000,-3.5588,-7.2708,1.1419,8.175
44.435000,-3.3559,-7.2354,1.2198,8.068
44.441000,-3.2309,-7.1266,1.3292,7.937
44.445000,-3.2052,-6.9423,1.4746,7.787
44.450000,-3.2764,-6.6300,1.6412,7.575
44.455000,-3.3699,-6.2867,1.8327,7.365
44.460000,-3.3541,-5.8840,2.0832,7.086
44.465000,-3.2362,-5.4298,2.2439,6.708
44.470000,-3.0496,-5.0761,2.4703,6.416
44.542000,-2.8327,-4.8169,2.5787,6.154
44.544000,-2.5061,-4.5223,2.6597,5.814
44.546000,-2.1110,-4.2794,2.6278,5.447
44.546000,-1.6283,-4.0138,2.4816,4.992
44.549000,-1.1462,-3.7832,2.3835,4.616
44.550000,-0.6866,-3.6184,2.2623,4.322
44.551000,-0.1827,-3.5035,2.0271,4.052
44.552000,0.2505,-3.4796,1.7334,3.896
44.553000,0.6248,-3.4499,1.4029,3.776
44.554000,0.9382,-3.4464,1.0049,3.711
44.555000,1.2001,-3.5085,0.5947,3.755
44.556000,1.4484,-3.5100,0.2014,3.802
44.556000,1.7052,-3.5502,-0.1654,3.942
44.557000,1.9151,-3.6057,-0.5101,4.114
44.558000,2.0875,-3.5890,-0.8850,4.245
44.559000,2.2371,-3.5156,-1.2185,4.342
44.560000,2.3777,-3.4206,-1.5245,4.436
44.560000,2.4286,-3.2309,-1.7429,4.402
44.564000,2.4586,-3.0578,-1.9079,4.363
44.571000,2.4292,-2.8349,-2.0247,4.247
44.577000,2.3671,-2.5897,-2.0843,4.081
44.581000,2.2553,-2.3112,-2.1377,3.873
44.584000,2.0552,-2.0522,-2.1230,3.598
44.589000,1.8919,-1.7591,-2.0123,3.275
44.655000,1.7000,-1.5022,-1.8161,2.906
44.657000,1.5472,-1.2037,-1.5758,2.515
44.658000,1.4522,-0.9096,-1.3545,2.184
44.658000,1.2855,-0.6322,-1.0759,1.792
44.660000,1.1410,-0.3368,-0.8145,1.442
44.660000,1.1044,-0.0695,-0.4182,1.183
44.661000,1.1011,0.1358,-0.1149,1.115
44.662000,1.0623,0.3233,0.0928,1.114
44.663000,1.0805,0.5443,0.2606,1.238
44.663000,1.0796,0.7684,0.3114,1.361
44.664000,1.0234,0.9522,0.3798,1.449
44.665000,1.0072,1.1117,0.4021,1.553
44.665000,0.9718,1.2719,0.3450,1.637
44.666000,0.9167,1.4296,0.2211,1.713
44.667000,0.8298,1.5655,0.1299,1.777
44.670000,0.7212,1.7137,0.0071,1.859
44.677000,0.5951,1.7994,-0.1868,1.904
44.679000,0.4738,1.8190,-0.3557,1.913
44.685000,0.3665,1.8607,-0.6282,1.998
44.693000,0.2803,1.8979,-0.8239,2.088
44.696000,0.1604,1.8740,-1.0602,2.159
44.699000,0.0694,1.8923,-1.3511,2.326
44.703000,-0.0048,1.8474,-1.5503,2.412
44.748000,-0.0811,1.7805,-1.6005,2.395
44.749000,-0.0975,1.6748,-1.6618,2.361
44.750000,-0.1035,1.6051,-1.6918,2.334
44.752000,-0.1016,1.5573,-1.6664,2.283
44.753000,-0.0347,1.4998,-1.6289,2.214
44.755000,0.0166,1.4072,-1.5221,2.073
44.755000,0.1095,1.3392,-1.3534,1.907
44.757000,0.1722,1.2980,-1.2764,1.829
44.759000,0.3823,1.2339,-1.1237,1.712
44.760000,0.6050,1.2466,-0.9339,1.671
44.762000,0.8504,1.2889,-0.7577,1.720
44.763000,1.1851,1.3887,-0.5785,1.915
44.768000,1.4886,1.4713,-0.5141,2.155
44.782000,1.7544,1.5371,-0.3922,2.365
44.784000,1.9509,1.5809,-0.2706,2.526
44.785000,2.1330,1.6454,-0.1786,2.700
44.787000,2.3035,1.7359,-0.0663,2.885
44.862000,2.4379,1.9139,-0.0488,3.100
44.862000,2.5702,2.0266,0.1131,3.275
44.863000,2.6713,2.1242,0.1561,3.416
44.863000,2.7603,2.2111,0.1807,3.541
44.863000,2.9239,2.2427,0.1275,3.687
44.864000,3.1234,2.2713,0.1497,3.865
44.864000,3.3560,2.2941,0.1896,4.070
44.864000,3.6103,2.3643,0.1611,4.319
44.865000,3.8399,2.4692,0.0928,4.566
44.865000,4.0788,2.5635,0.0232,4.817
44.865000,4.2687,2.6753,-0.0523,5.038
44.866000,4.4270,2.6833,-0.1958,5.180
44.866000,4.6086,2.6422,-0.3356,5.323
44.866000,4.8850,2.6576,-0.5500,5.588
44.867000,5.1746,2.6261,-0.7237,5.848
44.867000,5.4538,2.5817,-0.9214,6.104
44.873000,5.7624,2.5524,-1.0445,6.388
44.879000,6.0172,2.5101,-1.1485,6.620
44.882000,6.2682,2.4975,-1.2428,6.861
44.888000,6.4791,2.5001,-1.3753,7.080
44.899000,6.6723,2.5375,-1.4840,7.291
44.900000,6.9045,2.6068,-1.6043,7.553
44.904000,7.1257,2.7442,-1.7198,7.827
44.979000,7.3382,2.8680,-1.8614,8.096
44.980000,7.5172,3.0927,-2.0668,8.387
44.980000,7.8233,3.3610,-2.1875,8.791
44.981000,8.0212,3.5671,-2.3047,9.076
44.981000,8.2299,3.7393,-2.4438,9.364
44.981000,8.4637,3.8946,-2.5310,9.654
44.982000,8.7820,4.0207,-2.5204,9.982
44.982000,9.1191,4.0813,-2.6011,10.324
44.983000,9.3194,4.1312,-2.5766,10.515
44.983000,9.4468,4.0815,-2.4808,10.586
44.984000,9.5685,3.9038,-2.4264,10.615
44.984000,9.6486,3.6938,-2.3681,10.599
44.984000,9.6870,3.5135,-2.3372,10.566
44.985000,9.6479,3.2291,-2.2070,10.411
44.985000,9.5030,2.8741,-2.0329,10.134
44.986000,9.2982,2.4824,-1.9687,9.823
44.986000,9.0196,2.1666,-1.9643,9.482
44.991000,8.6060,1.8672,-1.9741,9.025
44.996000,8.1798,1.6061,-1.9906,8.570
45.002000,7.7417,1.3788,-2.0045,8.115
45.007000,7.3691,1.1571,-1.9940,7.721
45.015000,6.9496,0.9339,-2.0069,7.294
45.019000,6.6225,0.8006,-1.9735,6.957
45.020000,6.2738,0.7264,-1.8436,6.579
45.079000,5.8864,0.7016,-1.6964,6.166
45.080000,5.4917,0.7667,-1.4650,5.735
45.080000,5.0828,0.8838,-1.1593,5.288
45.080000,4.6887,1.0720,-0.8420,4.883
45.081000,4.3984,1.3004,-0.5831,4.623
45.081000,4.2085,1.5207,-0.3825,4.491
45.081000,4.0407,1.7715,-0.2568,4.419
45.082000,3.9082,1.9109,-0.1959,4.355
45.082000,3.8470,2.0132,-0.1516,4.345
45.082000,3.8450,1.9829,-0.1288,4.328
45.083000,3.8685,1.8725,-0.1629,4.301
45.083000,3.8835,1.7845,-0.3278,4.286
45.086000,3.8732,1.6110,-0.5058,4.225
45.091000,3.8139,1.3860,-0.7300,4.123
45.095000,3.7436,1.1401,-0.9018,4.016
45.100000,3.6942,0.8646,-1.1072,3.952
45.105000,3.6413,0.5422,-1.2978,3.903
45.110000,3.5781,0.2667,-1.4443,3.868
45.115000,3.5291,0.0075,-1.5944,3.873
45.122000,3.4245,-0.3340,-1.7094,3.842
45.130000,3.3394,-0.6541,-1.8034,3.851
45.131000,3.2481,-0.8709,-1.8881,3.857
45.135000,3.1882,-1.0926,-1.8745,3.856
45.140000,3.1221,-1.2613,-1.8753,3.854
45.190000,3.0786,-1.3315,-1.8043,3.809
45.190000,3.0651,-1.4038,-1.6855,3.769
45.191000,3.0577,-1.4421,-1.5525,3.720
45.192000,3.1067,-1.4225,-1.3053,3.658
45.192000,3.1094,-1.3451,-1.0455,3.546
45.192000,3.1418,-1.2632,-0.7703,3.473
45.193000,3.1392,-1.0957,-0.4933,3.361
45.193000,3.0589,-0.9308,-0.0859,3.199
45.193000,3.0343,-0.7505,0.2868,3.139
45.194000,2.9291,-0.5661,0.6134,3.046
45.194000,2.9008,-0.3785,0.9232,3.068
45.201000,2.8702,-0.1904,1.2055,3.119
45.205000,2.7823,-0.0301,1.5076,3.165
45.210000,2.7681,0.1204,1.7434,3.274
45.216000,2.7890,0.2827,1.9741,3.429
45.220000,2.7708,0.3417,2.1392,3.517
45.228000,2.7271,0.4041,2.2657,3.568
45.229000,2.6580,0.4367,2.3840,3.597
45.234000,2.5829,0.4253,2.5273,3.639
45.239000,2.4675,0.3806,2.6553,3.645
45.280000,2.3198,0.2106,2.7933,3.637
45.281000,2.1561,0.1461,2.8227,3.555
45.281000,2.0578,0.1420,2.8896,3.550
45.281000,1.7934,-0.0670,2.8718,3.386
45.282000,1.4392,-0.3332,2.8588,3.218
45.282000,1.0847,-0.6147,2.9342,3.188
45.282000,0.8024,-0.8004,2.8663,3.082
45.283000,0.5798,-0.9682,2.7422,2.965
45.285000,0.3626,-1.2051,2.6291,2.915
45.290000,0.0740,-1.3450,2.4921,2.833
45.294000,-0.1778,-1.5711,2.3457,2.829
45.299000,-0.4735,-1.8656,2.2308,2.946
45.304000,-0.7202,-2.1602,2.1194,3.111
45.310000,-0.9437,-2.4302,2.0236,3.300
45.314000,-1.1148,-2.6360,1.9074,3.439
45.319000,-1.3464,-2.9062,1.9247,3.737
45.324000,-1.5804,-3.1716,1.9361,4.038
45.330000,-1.7980,-3.4789,2.0183,4.406
45.335000,-1.9773,-3.7673,2.1204,4.754
45.339000,-2.1516,-3.9828,2.2607,5.060
45.344000,-2.3311,-4.2251,2.3222,5.355
45.349000,-2.4961,-4.3688,2.2979,5.531
45.353000,-2.7780,-4.5492,2.4796,5.879
45.366000,-2.9857,-4.7557,2.7164,6.238
45.368000,-3.0927,-4.9432,2.9067,6.515
45.371000,-3.2622,-5.0938,2.9601,6.734
45.455000,-3.4389,-5.1709,3.1488,6.963
45.459000,-3.5726,-5.2572,3.3310,7.176
45.460000,-3.7427,-5.3160,3.4641,7.367
45.461000,-3.8963,-5.3152,3.5381,7.480
45.464000,-4.0600,-5.3615,3.6127,7.634
45.465000,-4.1931,-5.4206,3.6667,7.772
45.467000,-4.3174,-5.4452,3.6611,7.855
45.468000,-4.3517,-5.5205,3.5698,7.884
45.469000,-4.4087,-5.6267,3.4981,7.958
45.470000,-4.5050,-5.7033,3.4120,8.029
45.471000,-4.5621,-5.7448,3.3192,8.052
45.473000,-4.6134,-5.8865,3.2597,8.158
45.474000,-4.6543,-6.0057,3.1160,8.212
45.475000,-4.7208,-6.1039,3.0320,8.291
45.476000,-4.8034,-6.2347,2.9594,8.409
45.477000,-4.8688,-6.3276,2.8338,8.472
45.479000,-4.9360,-6.4799,2.6910,8.579
45.480000,-5.0553,-6.6908,2.6267,8.788
45.480000,-5.1241,-6.8726,2.6213,8.964
45.482000,-5.2022,-7.0630,2.5741,9.142
45.482000,-5.3590,-7.2157,2.5139,9.333
45.483000,-5.5658,-7.3553,2.6294,9.591
45.483000,-5.7364,-7.4588,2.6620,9.779
45.488000,-5.9715,-7.5005,2.5284,9.915
45.502000,-6.1463,-7.5031,2.6366,10.051
45.504000,-6.2874,-7.6035,2.7583,10.245
45.504000,-6.4092,-7.7218,2.9204,10.451
45.551000,-6.5045,-7.7975,3.0723,10.609
45.553000,-6.5949,-7.8564,3.1018,10.716
45.553000,-6.6877,-7.8585,3.1475,10.788
45.554000,-6.7661,-7.8391,3.1046,10.811
45.555000,-6.8586,-7.8339,3.0935,10.862
45.556000,-6.9007,-7.8211,3.1118,10.884
45.556000,-6.8396,-7.8599,3.0264,10.850
45.557000,-6.6778,-7.8787,2.9118,10.731
45.558000,-6.4966,-7.8895,2.8209,10.602
45.558000,-6.2409,-7.8898,2.6895,10.413
45.559000,-5.9370,-7.8418,2.4822,10.144
45.563000,-5.5658,-7.7579,2.2691,9.814
45.567000,-5.1797,-7.7083,1.9815,9.496
45.572000,-4.8337,-7.7096,1.6887,9.255
45.579000,-4.4654,-7.6912,1.3245,8.992
45.583000,-3.9792,-7.6814,0.9151,8.699
45.586000,-3.4732,-7.7146,0.5382,8.478
45.648000,-2.9927,-7.7729,0.1889,8.331
45.649000,-2.6215,-7.8438,-0.1741,8.272
45.650000,-2.4575,-7.8855,-0.4502,8.272
45.650000,-2.4501,-7.8900,-0.6434,8.287
45.651000,-2.6518,-7.8835,-0.7856,8.355
45.651000,-2.8303,-7.7390,-0.8394,8.283
45.651000,-2.8562,-7.4881,-0.8441,8.059
45.652000,-2.7677,-7.2035,-0.6821,7.747
45.652000,-2.5433,-6.8170,-0.4166,7.288
45.653000,-2.2235,-6.3846,-0.0566,6.761
45.653000,-1.8920,-5.9857,0.3547,6.288
45.653000,-1.5991,-5.5905,0.7845,5.867
45.654000,-1.1770,-5.1431,1.1105,5.392
45.658000,-0.6452,-4.6937,1.3216,4.919
45.662000,-0.1996,-4.3658,1.4489,4.604
45.666000,0.2098,-4.1033,1.4286,4.350
45.671000,0.7214,-3.8410,1.3374,4.131
45.677000,1.2829,-3.5611,1.1010,3.942
45.681000,1.7645,-3.3180,0.8916,3.862
45.686000,2.2302,-3.1231,0.6662,3.895
45.752000,2.6467,-3.0236,0.4320,4.042
45.754000,2.9830,-2.9188,0.1747,4.177
45.756000,3.2698,-2.8911,-0.1795,4.368
45.757000,3.5069,-2.8688,-0.5125,4.560
45.758000,3.6774,-2.7786,-0.7574,4.671
45.760000,3.8080,-2.6599,-0.9930,4.750
45.762000,3.9101,-2.5113,-1.2309,4.807
45.763000,4.0145,-2.3502,-1.4661,4.877
45.764000,4.0643,-2.1803,-1.6531,4.899
45.765000,4.0490,-1.9790,-1.8064,4.855
45.767000,4.0026,-1.7718,-1.8952,4.770
45.768000,3.8815,-1.5329,-1.9966,4.626
45.769000,3.7477,-1.2629,-2.0558,4.457
45.771000,3.5419,-0.9966,-1.9822,4.179
45.772000,3.3305,-0.7226,-1.8961,3.900
45.773000,3.0895,-0.4171,-1.7525,3.576
45.773000,2.8529,-0.1889,-1.6335,3.293
45.778000,2.6059,0.0066,-1.4483,2.981
45.782000,2.4302,0.2378,-1.2410,2.739
45.787000,2.2897,0.4396,-1.1076,2.581
45.790000,2.1265,0.6474,-0.9263,2.408
45.795000,2.0367,0.8407,-0.7263,2.320
45.800000,1.9219,0.9759,-0.5721,2.230
45.804000,1.7769,1.0622,-0.4304,2.114
45.870000,1.6119,1.1412,-0.4039,2.016
45.872000,1.4002,1.2317,-0.3535,1.898
45.873000,1.2237,1.3150,-0.3102,1.823
45.874000,1.0152,1.3912,-0.2682,1.743
45.875000,0.7938,1.4505,-0.2124,1.667
45.875000,0.6031,1.4819,-0.2024,1.613
45.877000,0.4024,1.4734,-0.2229,1.544
45.878000,0.2587,1.4515,-0.2301,1.492
45.879000,0.0886,1.4117,-0.1856,1.427
45.880000,-0.0771,1.3230,-0.1964,1.340
45.881000,-0.1851,1.2412,-0.2266,1.275
45.882000,-0.2762,1.1663,-0.2424,1.223
45.883000,-0.4055,1.0933,-0.2745,1.198
45.883000,-0.4673,0.9918,-0.2346,1.121
45.884000,-0.5500,0.8691,-0.1825,1.045
45.885000,-0.6562,0.7443,-0.1373,1.002
45.890000,-0.7183,0.6324,-0.0920,0.961
45.906000,-0.8056,0.5980,-0.0371,1.004
45.909000,-0.8196,0.5626,0.1182,1.001
45.910000,-0.7653,0.5573,0.2828,0.988
45.911000,-0.6238,0.5697,0.4465,0.956
45.914000,-0.5404,0.5719,0.6351,1.011
45.920000,-0.4221,0.5586,0.7524,1.028
45.969000,-0.2572,0.6182,0.7500,1.005
45.970000,-0.0213,0.6792,0.8239,1.068
45.970000,0.2441,0.8053,0.8898,1.225
45.971000,0.4770,0.8821,0.9832,1.404
45.971000,0.6797,0.9736,1.0342,1.575
45.971000,0.8564,1.0962,1.0880,1.766
45.972000,1.0101,1.2479,1.1254,1.961
45.972000,1.1784,1.4065,1.1868,2.185
45.972000,1.3038,1.5717,1.2315,2.385
45.972000,1.4370,1.7441,1.3215,2.618
45.981000,1.5488,1.9038,1.2989,2.777
45.982000,1.7065,2.0729,1.2309,2.954
45.985000,1.8617,2.2509,1.1868,3.153
45.990000,2.0142,2.4206,1.1093,3.339
45.996000,2.2028,2.5898,0.9555,3.532
45.999000,2.4173,2.7794,0.8425,3.779
46.004000,2.6403,2.9411,0.7157,4.017
46.012000,2.8338,3.0990,0.5534,4.236
46.015000,2.9782,3.2860,0.3368,4.448
46.018000,3.1048,3.4117,0.1739,4.616
46.072000,3.2184,3.5093,-0.0261,4.762
46.073000,3.3757,3.5188,-0.2221,4.881
46.075000,3.5177,3.5412,-0.4429,5.011
46.076000,3.7682,3.5525,-0.6902,5.225
46.077000,4.1030,3.4972,-0.8609,5.460
46.078000,4.3833,3.3997,-1.0367,5.643
46.079000,4.6829,3.3479,-1.3391,5.910
46.080000,4.9084,3.2798,-1.6007,6.117
46.081000,5.1483,3.2431,-1.7633,6.335
46.082000,5.3662,3.1896,-1.8889,6.522
46.083000,5.5243,3.1819,-2.0354,6.692
46.085000,5.7203,3.2126,-2.1162,6.894
46.086000,5.8845,3.2598,-2.2004,7.078
46.088000,5.9525,3.3834,-2.4029,7.256
46.093000,6.0408,3.4967,-2.5151,7.419
46.098000,6.1686,3.6213,-2.6060,7.613
46.104000,6.2590,3.7428,-2.7827,7.806
46.111000,6.3091,3.8273,-2.8771,7.920
46.113000,6.3667,3.8267,-2.9924,8.008
46.117000,6.4435,3.7867,-3.0757,8.082
46.185000,6.4938,3.6496,-3.2174,8.114
46.186000,6.5270,3.4847,-3.2740,8.091
46.187000,6.5718,3.2058,-3.1856,7.976
46.188000,6.5734,2.8301,-3.1273,7.810
46.188000,6.4483,2.4173,-3.0012,7.512
46.190000,6.2425,1.9198,-2.8295,7.118
46.190000,6.0685,1.4550,-2.5985,6.760
46.191000,5.8389,1.0114,-2.3976,6.393
46.192000,5.5590,0.6276,-2.1772,6.003
46.193000,5.2000,0.3536,-1.9663,5.571
46.193000,4.8538,0.0223,-1.8349,5.189
46.195000,4.4848,-0.3059,-1.7016,4.807
46.196000,4.1586,-0.6878,-1.5497,4.491
46.196000,3.9131,-1.0135,-1.3411,4.259
46.197000,3.6128,-1.3325,-1.1121,4.008
46.197000,3.2750,-1.5823,-0.9707,3.765
46.202000,2.9548,-1.8106,-0.8332,3.564
46.215000,2.6116,-1.9385,-0.6590,3.318
46.216000,2.2461,-1.9988,-0.5101,3.050
46.217000,1.8851,-2.0533,-0.3004,2.804
46.221000,1.5985,-1.9937,-0.0686,2.556
46.255000,1.3716,-1.8754,0.0564,2.324
46.256000,1.2069,-1.6980,0.1565,2.089
46.256000,1.0592,-1.4448,0.2630,1.811
46.256000,1.0236,-1.1828,0.2135,1.579
46.257000,1.0018,-0.9078,0.1135,1.357
46.257000,1.0772,-0.6102,-0.1388,1.246
46.257000,1.2733,-0.3453,-0.3922,1.376
46.263000,1.6010,-0.2264,-0.6822,1.755
46.268000,1.8545,-0.1483,-0.8817,2.059
46.273000,2.1144,-0.1475,-1.0552,2.368
46.278000,2.2724,-0.2655,-1.1788,2.574
46.283000,2.4197,-0.4326,-1.2618,2.763
46.286000,2.5062,-0.6249,-1.2209,2.857
46.292000,2.5871,-0.8469,-1.0732,2.926
46.296000,2.6860,-1.1515,-0.9266,3.066
46.301000,2.7483,-1.4738,-0.7885,3.217
46.307000,2.8343,-1.7798,-0.6760,3.414
46.313000,2.9075,-2.0056,-0.6204,3.586
46.317000,2.8965,-2.1772,-0.5853,3.671
46.321000,2.8830,-2.3064,-0.5235,3.729
46.327000,2.8307,-2.3843,-0.4972,3.734
46.332000,2.7136,-2.3749,-0.4877,3.639
46.336000,2.5392,-2.2682,-0.5093,3.443
46.348000,2.3695,-2.1749,-0.5259,3.259
46.350000,2.1565,-2.0426,-0.4583,3.005
46.351000,1.9554,-1.9164,-0.3596,2.761
46.549000,1.7881,-1.7340,-0.2779,2.506
46.550000,1.6636,-1.5988,-0.1411,2.312
46.550000,1.5126,-1.5418,0.0291,2.160
46.550000,1.3829,-1.4673,0.1346,2.021
46.551000,1.3060,-1.4277,0.3231,1.962
46.551000,1.2237,-1.4117,0.4487,1.921
46.551000,1.0936,-1.4403,0.5731,1.897
46.552000,1.0183,-1.4778,0.5963,1.891
46.552000,0.8875,-1.5463,0.6453,1.896
46.552000,0.7995,-1.6525,0.6241,1.939
46.552000,0.6421,-1.7822,0.6120,1.991
46.553000,0.4870,-1.9182,0.5660,2.058
46.553000,0.3300,-2.0841,0.4863,2.165
46.553000,0.1299,-2.2901,0.3754,2.324
46.554000,-0.0265,-2.4777,0.2432,2.490
46.554000,-0.1827,-2.6142,0.0542,2.621
46.554000,-0.3597,-2.7421,-0.0358,2.766
46.554000,-0.5334,-2.8560,-0.1465,2.909
46.555000,-0.7544,-2.9855,-0.3035,3.094
46.555000,-0.9504,-3.1750,-0.4035,3.339
46.555000,-1.1260,-3.3210,-0.4468,3.535
46.555000,-1.2743,-3.4485,-0.5168,3.713
46.556000,-1.4187,-3.5706,-0.4991,3.874
46.556000,-1.5024,-3.6689,-0.4652,3.992
46.556000,-1.5658,-3.7407,-0.4033,4.075
46.557000,-1.6349,-3.8021,-0.3616,4.154
46.557000,-1.7246,-3.9475,-0.2988,4.318
46.558000,-1.7076,-4.1397,-0.2133,4.483
46.558000,-1.6348,-4.2912,-0.0477,4.592
46.558000,-1.5607,-4.4655,0.0749,4.731
46.559000,-1.5003,-4.5301,0.1332,4.774
46.559000,-1.5635,-4.5947,0.1674,4.856
46.559000,-1.6856,-4.6262,0.1128,4.925
46.560000,-1.8328,-4.6261,-0.0067,4.976
46.560000,-1.9529,-4.6267,-0.1237,5.023
46.560000,-2.1079,-4.6585,-0.2771,5.121
46.561000,-2.2664,-4.7209,-0.4288,5.254
46.561000,-2.4075,-4.7911,-0.5552,5.391
46.561000,-2.5237,-4.8181,-0.6638,5.479
46.562000,-2.6844,-4.8639,-0.7555,5.607
46.562000,-2.8492,-4.9365,-0.7393,5.748
46.563000,-3.0753,-5.0419,-0.7214,5.950
46.597000,-3.2096,-5.1712,-0.6920,6.126
46.598000,-3.3336,-5.2567,-0.6634,6.260
46.599000,-3.4327,-5.3266,-0.6929,6.375
46.599000,-3.4714,-5.4226,-0.6220,6.469
46.599000,-3.5763,-5.7086,-0.6190,6.765
46.600000,-3.8168,-5.9742,-0.5694,7.112
46.600000,-3.9822,-6.0199,-0.5160,7.236
46.601000,-4.0246,-6.0179,-0.5668,7.262
46.606000,-4.1238,-6.0438,-0.6441,7.345
46.610000,-4.3060,-6.1685,-0.6638,7.552
46.614000,-4.4942,-6.2715,-0.6181,7.740
46.619000,-4.5739,-6.3942,-0.5594,7.882
46.625000,-4.5906,-6.5238,-0.5522,7.996
46.629000,-4.6304,-6.5987,-0.7466,8.096
46.634000,-4.7675,-6.6691,-0.7535,8.232
46.639000,-4.9561,-6.7703,-0.6470,8.415
46.644000,-5.0911,-6.9577,-0.5777,8.641
46.649000,-5.1965,-7.1061,-0.4572,8.815
46.654000,-5.3152,-7.2313,-0.4050,8.984
46.663000,-5.4568,-7.3291,-0.5208,9.152
46.666000,-5.5185,-7.3755,-0.4403,9.222
46.668000,-5.5864,-7.4750,-0.3765,9.339
46.729000,-5.6678,-7.6564,-0.2887,9.530
46.730000,-5.7435,-7.7467,-0.1959,9.646
46.731000,-5.7967,-7.7847,-0.1271,9.707
46.731000,-5.8276,-7.8488,-0.0181,9.776
46.732000,-5.8817,-7.8527,-0.0631,9.811
46.732000,-5.9612,-7.8182,-0.0718,9.832
46.732000,-6.0087,-7.7739,0.0391,9.825
46.733000,-5.9981,-7.7582,0.0496,9.807
46.733000,-5.9746,-7.7180,0.0840,9.761
46.734000,-5.8667,-7.6465,0.1541,9.639
46.734000,-5.7725,-7.5939,0.2237,9.541
46.735000,-5.7087,-7.5176,0.2545,9.443
46.737000,-5.6179,-7.3845,0.3413,9.285
46.738000,-5.5169,-7.2685,0.4218,9.135
46.743000,-5.4250,-7.1083,0.4621,8.954
46.749000,-5.3061,-6.9969,0.4717,8.794
46.753000,-5.1650,-6.8751,0.4913,8.613
46.760000,-5.0211,-6.7934,0.5446,8.465
46.763000,-4.9149,-6.7590,0.5931,8.378
46.767000,-4.7939,-6.7745,0.6267,8.323
46.773000,-4.7011,-6.7660,0.5969,8.260
46.828000,-4.5982,-6.7571,0.6306,8.198
46.829000,-4.5475,-6.7840,0.6175,8.190
46.829000,-4.4700,-6.8187,0.5193,8.170
46.830000,-4.3751,-6.8795,0.4922,8.168
46.830000,-4.2892,-6.9075,0.4886,8.146
46.831000,-4.1571,-6.9955,0.4586,8.150
46.831000,-4.0266,-7.1318,0.4051,8.200
46.831000,-3.8812,-7.2428,0.4049,8.227
46.832000,-3.7491,-7.4642,0.4491,8.365
46.832000,-3.5827,-7.7269,0.4918,8.531
46.832000,-3.4539,-7.9815,0.6379,8.720
46.833000,-3.3382,-8.2382,0.7398,8.920
46.838000,-3.2070,-8.4951,0.8810,9.123
46.844000,-3.1130,-8.7503,0.9967,9.341
46.847000,-2.9767,-9.0004,1.0712,9.540
46.853000,-3.0254,-9.1238,1.3773,9.710
46.858000,-2.9717,-9.2878,1.5677,9.877
46.863000,-2.8608,-9.4848,1.7390,10.058
46.866000,-2.7526,-9.6813,2.1541,10.293
46.873000,-2.6248,-9.8594,2.5192,10.509
46.878000,-2.4706,-9.9530,2.8647,10.648
46.883000,-2.2893,-9.9564,3.2750,10.728
46.888000,-2.0308,-9.8678,3.6468,10.714
46.895000,-1.8172,-9.7862,4.0188,10.734
46.899000,-1.6811,-9.6363,4.4514,10.747
46.902000,-1.4836,-9.5406,4.8369,10.799
46.975000,-1.2318,-9.4157,5.3357,10.892
46.976000,-0.8580,-9.2341,5.7757,10.925
46.976000,-0.4420,-9.0333,6.2368,10.986
46.976000,-0.0235,-8.7429,6.5691,10.936
46.977000,0.4396,-8.4632,6.8244,10.881
46.977000,0.9172,-8.2408,7.0632,10.892
46.978000,1.3802,-7.9285,7.2946,10.862
46.978000,1.9307,-7.5732,7.5175,10.844
46.978000,2.5572,-7.2553,7.6433,10.844
46.979000,3.1655,-6.9282,7.6857,10.821
46.979000,3.7498,-6.5819,7.6894,10.794
46.980000,4.2963,-6.2849,7.6215,10.772
46.980000,4.8062,-5.9095,7.5839,10.749
46.980000,5.3236,-5.5601,7.5855,10.807
46.981000,5.8253,-5.1666,7.5242,10.828
46.981000,6.2477,-4.7923,7.5642,10.919
46.987000,6.6226,-4.4865,7.5800,11.020
46.992000,6.9820,-4.1308,7.7133,11.194
46.996000,7.3570,-3.6383,7.8596,11.364
47.002000,7.6621,-3.2525,7.6876,11.331
47.007000,7.8098,-2.9431,7.6921,11.350
47.015000,7.8757,-2.6553,7.8533,11.435
47.016000,7.9658,-2.3165,7.9775,11.509
47.020000,8.0618,-1.9987,8.1233,11.618
47.076000,8.0169,-1.7091,8.1849,11.584
47.077000,8.0951,-1.2532,8.3758,11.716
47.077000,8.1006,-0.9143,8.3815,11.692
47.078000,7.9407,-0.6819,8.3582,11.549
47.078000,7.7158,-0.4863,8.3723,11.396
47.078000,7.4543,-0.2413,8.2899,11.151
47.079000,7.2117,-0.0851,8.1590,10.890
47.079000,6.9256,0.0161,7.9387,10.535
47.079000,6.4717,0.0839,7.7153,10.070
47.080000,5.9798,0.1093,7.4579,9.560
47.080000,5.4316,0.0739,7.1930,9.014
47.080000,4.9595,0.0358,6.9160,8.511
47.087000,4.5472,0.0574,6.6849,8.085
47.093000,4.2091,0.0956,6.5642,7.798
47.096000,3.9123,0.1272,6.4866,7.576
47.100000,3.6405,0.1405,6.4401,7.399
47.106000,3.2987,0.1790,6.2194,7.042
47.110000,2.8995,0.2764,6.1074,6.766
47.115000,2.5040,0.3374,5.9374,6.453
47.120000,2.1937,0.3937,5.8027,6.216
47.186000,1.8692,0.4767,5.7016,6.019
47.192000,1.6125,0.5415,5.4959,5.753
47.194000,1.4046,0.5951,5.2746,5.491
47.198000,1.2268,0.6236,5.0885,5.271
47.202000,1.1152,0.6961,4.8977,5.071
47.203000,0.9788,0.7935,4.7305,4.895
47.203000,0.8706,0.8512,4.5260,4.687
47.204000,0.7616,0.9359,4.2910,4.457
47.204000,0.6330,1.0213,4.1509,4.321
47.205000,0.5015,1.0929,3.9339,4.114
47.205000,0.3935,1.1579,3.7812,3.974
47.207000,0.3400,1.2665,3.5614,3.795
47.207000,0.2524,1.3251,3.4163,3.673
47.208000,0.1786,1.3742,3.2361,3.520
47.209000,0.1543,1.3876,3.0901,3.391
47.209000,0.0836,1.4059,2.9500,3.269
47.210000,-0.0239,1.4503,2.7775,3.133
47.210000,-0.1060,1.4561,2.6735,3.046
47.215000,-0.1462,1.4954,2.6399,3.038
47.219000,-0.1684,1.4984,2.5214,2.938
47.228000,-0.2660,1.4819,2.3638,2.803
47.230000,-0.3002,1.4556,2.3485,2.779
47.235000,-0.3336,1.4146,2.3126,2.731
47.239000,-0.3398,1.2896,2.3205,2.676
47.302000,-0.3763,1.1621,2.3644,2.661
47.304000,-0.4075,1.0560,2.4605,2.708
47.305000,-0.4406,0.9356,2.5967,2.795
47.307000,-0.4682,0.8464,2.7246,2.891
47.308000,-0.4689,0.7790,2.9607,3.097
47.309000,-0.4716,0.6379,3.2232,3.319
47.310000,-0.4618,0.5287,3.4492,3.520
47.312000,-0.4683,0.5040,3.7319,3.795
47.312000,-0.4718,0.5257,4.0492,4.110
47.313000,-0.4772,0.5675,4.3169,4.380
47.314000,-0.4580,0.6081,4.5276,4.591
47.315000,-0.3710,0.6214,4.6936,4.749
47.317000,-0.2712,0.6578,4.8603,4.912
47.317000,-0.0799,0.5997,5.0395,5.076
47.319000,0.0975,0.5981,5.1353,5.171
47.319000,0.2299,0.5500,5.1647,5.199
47.326000,0.3724,0.4697,5.2782,5.312
47.330000,0.5105,0.4172,5.3943,5.434
47.334000,0.6732,0.3304,5.4936,5.545
47.339000,0.8028,0.2977,5.6766,5.741
47.344000,0.8521,0.2622,5.8255,5.893
47.348000,0.9525,0.2859,5.9618,6.044
47.353000,1.0158,0.2710,6.0735,6.164
47.420000,1.0782,0.3086,6.1821,6.283
47.420000,1.2499,0.3080,6.2685,6.399
47.421000,1.4903,0.3027,6.2871,6.468
47.421000,1.7684,0.3098,6.2709,6.523
47.422000,2.1054,0.3455,6.1699,6.528
47.422000,2.3237,0.4261,6.0295,6.476
47.422000,2.5244,0.4466,5.8181,6.358
47.422000,2.6830,0.4494,5.5580,6.188
47.423000,2.8958,0.5259,5.2583,6.026
47.423000,3.1577,0.5847,4.9670,5.915
47.425000,3.3678,0.6396,4.7563,5.863
47.426000,3.5885,0.7315,4.5752,5.860
47.430000,3.7694,0.8073,4.4598,5.895
47.431000,3.9077,0.8665,4.3959,5.945
47.432000,4.0280,0.9598,4.3400,5.998
47.433000,4.1237,1.1163,4.3153,6.072
47.438000,4.2833,1.2711,4.2625,6.175
47.448000,4.4369,1.3972,4.1172,6.212
47.450000,4.6592,1.5334,3.8930,6.262
47.452000,4.9642,1.7629,3.6504,6.409
47.519000,5.2675,1.8721,3.3964,6.541
47.519000,5.5662,1.9776,2.9428,6.600
47.520000,5.6672,2.0487,2.5381,6.539
47.520000,5.7591,2.1590,2.1662,6.521
47.520000,5.9130,2.2456,1.7205,6.555
47.521000,5.9862,2.2899,1.1643,6.514
47.521000,5.9228,2.3030,0.8965,6.418
47.521000,5.8936,2.2307,0.1605,6.304
47.522000,6.1264,2.4200,-0.3107,6.594
47.522000,6.3764,2.5164,-0.6975,6.890
47.522000,6.5068,2.4288,-1.1671,7.043
47.523000,6.6064,2.3535,-1.5540,7.183
47.523000,6.6771,2.3480,-1.8644,7.319
47.523000,6.7077,2.3383,-2.2167,7.441
47.528000,6.7957,2.3817,-2.6399,7.670
47.533000,6.8985,2.4069,-2.9144,7.866
47.538000,7.0687,2.4068,-3.1973,8.123
47.545000,7.2741,2.4123,-3.6066,8.470
47.549000,7.4866,2.5219,-3.8463,8.787
47.552000,7.5780,2.6918,-4.0470,9.003
47.615000,7.6748,2.8552,-4.2626,9.232
47.616000,7.7865,3.0337,-4.4438,9.465
47.617000,7.8905,3.2150,-4.5605,9.664
47.617000,7.9581,3.4089,-4.5701,9.790
47.617000,8.1174,3.5817,-4.5368,9.965
47.618000,8.2002,3.6902,-4.4292,10.024
47.618000,8.3189,3.8562,-4.3705,10.158
47.619000,8.3790,3.9694,-4.1015,10.138
47.619000,8.3205,4.0465,-3.8604,10.025
47.619000,8.2770,4.0920,-3.6115,9.914
47.620000,8.2387,4.1369,-3.4054,9.828
47.620000,8.1434,4.1285,-3.1947,9.673
47.621000,7.9981,4.1003,-3.0157,9.480
47.621000,7.8673,4.0497,-2.8301,9.290
47.627000,7.7079,3.9408,-2.6649,9.058
47.632000,7.4794,3.7951,-2.4891,8.749
47.636000,7.3329,3.6629,-2.5158,8.574
47.642000,7.1483,3.4650,-2.5172,8.333
47.646000,6.8406,3.2568,-2.4746,7.970
47.651000,6.4552,2.9904,-2.3641,7.497
47.656000,6.0867,2.7715,-2.1503,7.025
47.662000,5.8795,2.3637,-2.3050,6.743
47.666000,5.5368,2.1234,-2.3320,6.372
47.671000,5.0903,2.0387,-2.1787,5.900
47.740000,4.7134,1.9616,-2.0777,5.512
47.741000,4.3793,1.7866,-2.0118,5.140
47.742000,3.9822,1.6127,-1.8764,4.688
47.742000,3.6561,1.3970,-1.7098,4.271
47.743000,3.4632,1.3045,-1.5431,4.010
47.743000,3.3034,1.1964,-1.3456,3.762
47.743000,3.2463,1.0778,-1.0748,3.585
47.743000,3.1770,0.9700,-0.8052,3.418
47.744000,3.0841,0.8374,-0.6262,3.256
47.744000,3.0097,0.6458,-0.4393,3.109
47.745000,2.9358,0.4891,-0.2142,2.984
47.745000,2.8639,0.3834,0.0202,2.889
47.745000,2.8134,0.2880,0.1987,2.835
47.745000,2.8108,0.1933,0.3137,2.835
47.746000,2.7569,0.0771,0.3658,2.782
47.750000,2.5543,-0.0532,0.6084,2.626
47.755000,2.3497,-0.1780,0.7053,2.460
47.760000,2.1664,-0.3028,0.7071,2.299
47.766000,1.9648,-0.4815,0.6973,2.140
47.771000,1.7446,-0.5303,0.7766,1.982
47.782000,1.6521,-0.5183,0.7387,1.882
47.784000,1.6662,-0.4689,0.7362,1.881
47.788000,1.7285,-0.5053,0.7071,1.935
47.832000,1.6913,-0.5834,0.7202,1.929
47.833000,1.5497,-0.7563,0.7105,1.865
47.833000,1.3491,-1.0145,0.6514,1.809
47.833000,1.1168,-1.2205,0.6812,1.789
47.833000,0.9156,-1.3668,0.6626,1.774
47.834000,0.7125,-1.4814,0.5688,1.739
47.834000,0.5035,-1.5610,0.4431,1.699
47.834000,0.2785,-1.5798,0.2356,1.621
47.834000,0.0643,-1.5872,-0.0149,1.589
47.835000,-0.1287,-1.6157,-0.3651,1.661
47.842000,-0.2153,-1.5462,-0.7501,1.732
47.844000,-0.2498,-1.4566,-1.0732,1.826
47.849000,-0.2545,-1.4052,-1.4210,2.015
47.855000,-0.2054,-1.2956,-1.8330,2.254
47.859000,-0.0570,-1.1730,-2.1769,2.473
47.864000,0.1466,-0.9932,-2.4645,2.661
47.921000,0.3284,-0.7921,-2.6639,2.799
47.921000,0.4957,-0.6389,-2.8266,2.940
47.921000,0.6090,-0.5449,-2.9195,3.032
47.922000,0.7257,-0.4043,-2.9294,3.045
47.922000,0.7689,-0.3851,-2.8083,2.937
47.922000,0.6883,-0.2865,-2.8862,2.981
47.922000,0.6799,-0.2088,-2.7551,2.845
47.922000,0.7241,-0.2076,-2.7308,2.833
47.923000,0.7491,-0.1967,-2.6813,2.791
47.923000,0.7427,-0.1999,-2.5462,2.660
47.923000,0.7594,-0.1632,-2.5005,2.618
47.927000,0.7038,-0.1677,-2.4841,2.587
47.928000,0.6136,-0.1183,-2.4156,2.495
47.933000,0.4773,-0.1630,-2.3643,2.418
47.939000,0.3715,-0.2107,-2.3518,2.390
47.944000,0.2266,-0.2809,-2.2775,2.306
47.949000,0.0549,-0.3612,-2.1875,2.218
47.953000,-0.1598,-0.4631,-2.1037,2.160
47.958000,-0.3244,-0.5248,-2.0860,2.175
47.963000,-0.5535,-0.6534,-2.0154,2.190
47.968000,-0.7889,-0.7667,-1.9855,2.270
47.974000,-0.9711,-0.8412,-1.9223,2.312
47.978000,-1.1139,-0.9142,-1.8241,2.325
47.984000,-1.2536,-0.9530,-1.7246,2.335
47.988000,-1.3469,-0.9525,-1.6096,2.305
48.029000,-1.4057,-0.9364,-1.4843,2.249
48.030000,-1.5572,-1.0515,-1.4250,2.358
48.030000,-1.7292,-1.1366,-1.3078,2.448
48.031000,-1.8429,-1.2304,-1.1780,2.510
48.031000,-1.9365,-1.2392,-1.1070,2.552
48.031000,-1.9932,-1.2418,-0.8990,2.515
48.032000,-2.0516,-1.3965,-0.9512,2.658
48.032000,-2.2000,-1.5068,-0.9978,2.847
48.033000,-2.4312,-1.4534,-0.7326,2.926
48.037000,-2.5297,-1.5521,-0.6717,3.043
48.044000,-2.5696,-1.7042,-0.7457,3.172
48.048000,-2.6370,-1.8901,-0.8177,3.346
48.053000,-2.6341,-2.0624,-0.8726,3.457
48.058000,-2.6924,-2.2853,-0.8847,3.641
48.063000,-2.7568,-2.4824,-0.8733,3.811
48.069000,-2.7938,-2.6463,-0.9100,3.954
48.076000,-2.9300,-2.7885,-0.9570,4.157
48.078000,-3.0841,-2.9478,-0.9944,4.381
48.084000,-3.2201,-3.1067,-0.9625,4.577
48.089000,-3.2399,-3.2385,-0.9594,4.680
48.113000,-3.2153,-3.4675,-1.1090,4.857
48.114000,-3.3235,-3.5639,-1.0917,4.994
48.114000,-3.3704,-3.6642,-0.8488,5.050
48.114000,-3.3920,-3.7873,-0.8020,5.147
48.114000,-3.4169,-3.8733,-0.7598,5.221
48.117000,-3.4164,-4.0416,-0.7006,5.338
48.123000,-3.3808,-4.1510,-0.7270,5.403
48.127000,-3.3271,-4.1919,-0.7409,5.403
48.133000,-3.1714,-4.2024,-0.7434,5.317
48.137000,-2.9833,-4.2188,-0.7468,5.221
48.142000,-2.8084,-4.2390,-0.7324,5.137
48.147000,-2.6442,-4.3226,-0.7809,5.127
48.157000,-2.4430,-4.3767,-0.8350,5.081
48.157000,-2.2359,-4.4448,-0.8494,5.047
48.162000,-2.0661,-4.4552,-0.8715,4.988
48.168000,-1.9169,-4.5374,-0.7199,4.978
48.173000,-1.7499,-4.6127,-0.6205,4.972
48.177000,-1.6370,-4.6527,-0.5019,4.958
48.183000,-1.6021,-4.6070,-0.3585,4.891
48.188000,-1.5827,-4.6028,-0.1096,4.869
48.195000,-1.6007,-4.5829,0.1968,4.858
48.197000,-1.5145,-4.5252,0.4868,4.797
48.203000,-1.4750,-4.6620,0.4019,4.906
48.269000,-1.6209,-4.5748,1.1262,4.982
48.270000,-1.7198,-4.5672,1.5683,5.126
48.271000,-1.8196,-4.5934,1.7156,5.230
48.273000,-1.8743,-4.5091,2.1482,5.335
48.274000,-1.9557,-4.2977,2.6540,5.417
48.275000,-2.0903,-4.1151,3.0789,5.548
48.277000,-2.1651,-3.8764,3.3804,5.580
48.278000,-2.2254,-3.6105,3.7259,5.645
48.279000,-2.2357,-3.3681,4.0670,5.734
48.280000,-2.2434,-3.1197,4.1913,5.686
48.281000,-2.1552,-2.7701,4.2448,5.508
48.282000,-2.0739,-2.3859,4.3858,5.406
48.283000,-1.8707,-1.9895,4.4251,5.200
48.285000,-1.5534,-1.6828,4.3247,4.894
48.285000,-1.2672,-1.4113,4.2168,4.624
48.287000,-0.9217,-1.1454,4.0422,4.301
48.288000,-0.5580,-0.7972,3.8513,3.972
48.292000,-0.1341,-0.4523,3.5577,3.589
48.296000,0.1756,-0.1723,3.2315,3.241
48.302000,0.5045,0.0869,2.8685,2.914
48.310000,0.8282,0.2748,2.4020,2.556
48.312000,1.1509,0.4072,2.0382,2.376
48.316000,1.4779,0.6046,1.7651,2.380
48.322000,1.8394,0.7893,1.3772,2.430
48.371000,2.2274,0.8862,0.9945,2.595
48.372000,2.5487,0.9340,0.6579,2.793
48.372000,2.7594,0.9579,0.3557,2.942
48.372000,2.9722,0.9729,0.0827,3.129
48.373000,3.1601,0.9949,-0.2280,3.321
48.373000,3.2683,1.0672,-0.4137,3.463
48.373000,3.3345,1.1606,-0.6087,3.583
48.555000,3.3685,1.1869,-0.8268,3.666
48.556000,3.3247,1.1962,-0.9651,3.663
48.556000,3.2221,1.2101,-1.0834,3.608
48.557000,3.0781,1.2077,-1.1939,3.516
48.557000,2.9406,1.1916,-1.3035,3.430
48.557000,2.7450,1.1451,-1.3716,3.275
48.558000,2.4892,1.0996,-1.3863,3.054
48.558000,2.2500,1.0484,-1.4294,2.864
48.558000,1.9801,0.9943,-1.4289,2.637
48.559000,1.6796,0.9377,-1.3233,2.335
48.559000,1.3515,0.8790,-1.2204,2.022
48.559000,1.0412,0.8232,-1.1183,1.736
48.560000,0.6917,0.7755,-1.0246,1.459
48.560000,0.3610,0.7294,-0.8414,1.171
48.560000,0.1065,0.7470,-0.6428,0.991
48.561000,-0.1769,0.7905,-0.4364,0.920
48.561000,-0.4267,0.8146,-0.2200,0.945
48.561000,-0.6092,0.8673,0.0496,1.061
48.562000,-0.7700,0.9178,0.2929,1.233
48.562000,-0.9065,0.9301,0.3855,1.355
48.562000,-1.0570,1.0120,0.5483,1.563
48.562000,-1.2047,1.0631,0.7717,1.782
48.564000,-1.4094,1.1406,0.9265,2.036
48.565000,-1.5537,1.2233,1.1228,2.274
48.565000,-1.7259,1.3018,1.2489,2.497
48.565000,-1.8471,1.4119,1.3959,2.712
48.566000,-1.9339,1.4869,1.5063,2.867
48.566000,-1.9338,1.5243,1.5536,2.912
48.566000,-1.8876,1.5361,1.6050,2.915
48.567000,-1.8241,1.4554,1.6148,2.838
48.567000,-1.8079,1.3825,1.5233,2.739
48.567000,-1.8079,1.3606,1.3111,2.615
48.567000,-1.8722,1.3509,1.0767,2.547
48.568000,-1.9742,1.3105,0.8159,2.506
48.568000,-2.0443,1.2590,0.5096,2.454
48.568000,-2.1182,1.1892,0.2423,2.441
48.569000,-2.1384,1.0801,0.0165,2.396
48.569000,-2.0927,0.9916,-0.1172,2.319
48.569000,-2.0245,0.9690,-0.2016,2.253
48.569000,-1.9311,0.8999,-0.2588,2.146
48.570000,-1.8247,0.7965,-0.2643,2.008
48.570000,-1.7555,0.7064,-0.2902,1.914
48.572000,-1.6730,0.6251,-0.4014,1.831
48.591000,-1.6012,0.5956,-0.5497,1.795
48.592000,-1.5543,0.6036,-0.7134,1.814
48.592000,-1.4391,0.5821,-0.8325,1.761
48.593000,-1.3154,0.5884,-0.9570,1.730
48.594000,-1.1281,0.6226,-1.0608,1.669
48.600000,-0.9181,0.6367,-1.0986,1.567
48.604000,-0.6905,0.6352,-1.0991,1.445
48.609000,-0.4641,0.6469,-1.0411,1.311
48.614000,-0.2657,0.6549,-0.9177,1.158
48.620000,-0.0692,0.6682,-0.7530,1.009
48.626000,0.1735,0.7516,-0.4997,0.919
48.629000,0.4045,0.8329,-0.3115,0.977
48.634000,0.5835,0.9266,-0.1167,1.101
48.639000,0.7410,1.0178,0.0657,1.261
48.686000,0.8983,1.1182,0.1588,1.443
48.687000,1.0125,1.2159,0.2702,1.605
48.687000,1.0836,1.2247,0.4354,1.692
48.687000,1.2024,1.2235,0.4270,1.768
48.687000,1.4387,1.3134,0.4216,1.993
48.688000,1.7701,1.4049,0.3736,2.291
48.688000,2.1369,1.4839,0.2924,2.618
48.688000,2.4857,1.6261,0.1353,2.973
48.689000,2.8134,1.8045,-0.0308,3.342
48.689000,3.0051,1.8780,-0.2368,3.552
48.697000,3.0847,1.8321,-0.4918,3.621
48.700000,3.0809,1.6812,-0.7353,3.586
48.704000,3.0732,1.5336,-0.9239,3.557
48.708000,3.0496,1.3416,-1.1528,3.525
48.713000,3.0420,1.1632,-1.4124,3.550
48.718000,3.0575,0.9412,-1.6831,3.615
48.726000,3.0558,0.6592,-1.8738,3.645
48.733000,3.0184,0.3656,-2.0564,3.671
48.734000,3.0104,0.1136,-2.2262,3.746
48.738000,3.0487,-0.0441,-2.3831,3.870
48.790000,3.0596,-0.0354,-2.4889,3.944
48.790000,3.1458,0.0077,-2.6342,4.103
48.791000,3.2476,0.1213,-2.6918,4.220
48.791000,3.3911,0.2550,-2.7476,4.372
48.791000,3.5878,0.4324,-2.7389,4.534
48.792000,3.8880,0.6439,-2.6924,4.773
48.792000,4.2311,0.7716,-2.6895,5.073
48.792000,4.5494,0.8414,-2.6631,5.338
48.793000,4.8978,0.9179,-2.5554,5.600
48.793000,5.1871,0.9813,-2.4861,5.835
48.793000,5.4028,1.0268,-2.3499,5.980
48.798000,5.5708,1.0180,-2.1208,6.047
48.803000,5.6862,0.9979,-1.9283,6.087
48.807000,5.7420,0.9619,-1.6815,6.060
48.813000,5.8170,0.8953,-1.4550,6.063
48.817000,5.8919,0.8294,-1.1606,6.062
48.822000,6.0436,0.7354,-0.8826,6.152
48.827000,6.2835,0.6563,-0.6692,6.353
48.832000,6.4058,0.6397,-0.3796,6.449
48.837000,6.4319,0.6182,-0.2513,6.466
48.842000,6.3282,0.5991,-0.1049,6.357
48.847000,6.0716,0.6541,0.0259,6.107
48.852000,5.8465,0.7119,0.1670,5.892
48.928000,5.5982,0.7798,0.2110,5.656
48.929000,5.2672,0.8508,0.2442,5.341
48.930000,4.9403,0.9781,0.2737,5.044
48.930000,4.6893,1.1879,0.2852,4.846
48.930000,4.4333,1.4110,0.2570,4.660
48.931000,4.2178,1.6454,0.1965,4.532
48.931000,4.0667,1.9339,0.1710,4.506
48.932000,3.9533,2.2381,0.0704,4.543
48.932000,3.8825,2.5652,0.0483,4.654
48.932000,3.8823,2.8667,-0.0075,4.826
48.933000,3.8881,3.0544,-0.0731,4.945
48.933000,3.9783,3.1805,-0.1242,5.095
48.934000,4.1214,3.2877,-0.2227,5.277
48.934000,4.2857,3.2946,-0.3110,5.415
48.934000,4.4349,3.1982,-0.4726,5.488
48.935000,4.5665,3.0512,-0.6641,5.532
48.936000,4.6446,2.9014,-0.8614,5.544
48.941000,4.6952,2.6647,-1.0547,5.501
48.946000,4.6495,2.3774,-1.2727,5.375
48.952000,4.5145,2.0488,-1.5530,5.195
48.957000,4.3651,1.6987,-1.7899,5.014
48.961000,4.2329,1.3252,-2.0454,4.884
48.966000,4.0962,0.9783,-2.1803,4.742
48.972000,3.9797,0.6132,-2.3142,4.644
49.033000,3.7787,0.2902,-2.4350,4.505
49.034000,3.5914,0.0236,-2.5090,4.381
49.034000,3.4567,-0.2315,-2.5795,4.319
49.035000,3.2643,-0.4444,-2.5478,4.165
49.035000,3.1655,-0.5977,-2.5244,4.093
49.035000,3.0673,-0.7032,-2.4352,3.979
49.036000,2.9021,-0.7568,-2.3254,3.795
49.036000,2.7304,-0.7989,-2.1432,3.562
49.036000,2.5476,-0.8053,-1.9055,3.282
49.037000,2.4487,-0.7576,-1.6003,3.022
49.037000,2.3079,-0.7053,-1.2338,2.710
49.037000,2.1506,-0.6349,-0.8349,2.393
49.038000,1.9438,-0.5582,-0.5693,2.101
49.041000,1.8192,-0.4748,-0.3155,1.906
49.046000,1.7236,-0.3306,-0.0227,1.755
49.050000,1.5685,-0.2141,0.2342,1.600
49.056000,1.4498,-0.1585,0.5001,1.542
49.061000,1.3622,-0.0950,0.7152,1.542
49.065000,1.2392,-0.0494,0.9433,1.558
49.071000,1.1735,-0.0463,1.1320,1.631
49.135000,1.0982,-0.0401,1.3333,1.728
49.136000,0.9704,-0.0783,1.5705,1.848
49.136000,0.8782,-0.0924,1.7697,1.978
49.137000,0.7312,-0.0980,1.8988,2.037
49.137000,0.5697,-0.1441,2.0518,2.134
49.137000,0.3580,-0.1821,2.1108,2.149
49.138000,0.2257,-0.1901,2.1598,2.180
49.138000,0.1483,-0.2024,2.2828,2.297
49.138000,0.0399,-0.2498,2.3216,2.335
49.138000,-0.1089,-0.3246,2.3194,2.345
49.139000,-0.2459,-0.3921,2.2580,2.305
49.140000,-0.4067,-0.4299,2.2498,2.326
49.140000,-0.5764,-0.5024,2.2015,2.330
49.140000,-0.6935,-0.5745,2.1352,2.317
49.145000,-0.8481,-0.6092,2.0726,2.321
49.150000,-0.9595,-0.6579,2.0642,2.370
49.160000,-1.2260,-0.8326,1.8611,2.379
49.161000,-1.2715,-0.9267,1.8771,2.449
49.164000,-1.3503,-1.0587,1.8853,2.549
49.170000,-1.5145,-1.2109,1.7709,2.626
49.221000,-1.5676,-1.3924,1.6751,2.684
49.222000,-1.6132,-1.6164,1.5676,2.770
49.223000,-1.6625,-1.8958,1.4867,2.927
49.223000,-1.7280,-2.1770,1.4735,3.146
49.223000,-1.8142,-2.3635,1.4796,3.327
49.223000,-1.9757,-2.5550,1.4259,3.531
49.224000,-2.1531,-2.7624,1.4777,3.801
49.224000,-2.3580,-2.9419,1.5821,4.089
49.224000,-2.5397,-3.1355,1.6745,4.369
49.225000,-2.7178,-3.3202,1.7642,4.639
49.225000,-2.8917,-3.4751,1.9228,4.913
49.230000,-3.0261,-3.7355,2.1022,5.247
49.235000,-3.1159,-3.9520,2.2300,5.505
49.240000,-3.2662,-4.1263,2.2174,5.711
49.244000,-3.5060,-4.2523,2.2351,5.947
49.249000,-3.7035,-4.4345,2.2972,6.218
49.254000,-3.8872,-4.5905,2.2746,6.431
49.260000,-4.1146,-4.7234,2.2775,6.665
49.264000,-4.2878,-4.8638,2.2796,6.873
49.270000,-4.3754,-4.9772,2.2594,7.002
49.334000,-4.5405,-5.1221,2.1809,7.184
49.335000,-4.7182,-5.2517,2.0801,7.360
49.335000,-4.8562,-5.3669,2.0359,7.519
49.336000,-4.9569,-5.5149,1.8859,7.651
49.336000,-5.0393,-5.6877,1.7974,7.809
49.337000,-5.0893,-5.8716,1.6967,7.953
49.337000,-5.1140,-6.1015,1.6413,8.129
49.337000,-5.1209,-6.3541,1.5997,8.316
49.338000,-5.1505,-6.6000,1.6125,8.526
49.338000,-5.1671,-6.8454,1.6338,8.731
49.338000,-5.2114,-6.9671,1.6349,8.853
49.339000,-5.3287,-7.1575,1.6348,9.072
49.339000,-5.3685,-7.2209,1.8319,9.182
49.340000,-5.4648,-7.3217,1.8237,9.316
49.343000,-5.5792,-7.3832,1.7905,9.426
49.349000,-5.7189,-7.4574,1.7369,9.557
49.354000,-5.8168,-7.5778,1.7037,9.704
49.361000,-5.8970,-7.6743,1.7290,9.832
49.363000,-5.9212,-7.7395,1.7120,9.894
49.369000,-5.8966,-7.7395,1.7076,9.879
49.377000,-5.7969,-7.7106,1.6608,9.789
49.378000,-5.6414,-7.6525,1.6220,9.645
49.383000,-5.4946,-7.6158,1.5962,9.526
49.388000,-5.2657,-7.5051,1.5291,9.295
49.450000,-4.9186,-7.4544,1.4473,9.047
49.451000,-4.5660,-7.3809,1.3445,8.783
49.451000,-4.1886,-7.3299,1.2613,8.536
49.451000,-3.7291,-7.2784,1.0835,8.250
49.452000,-3.2690,-7.1319,0.9647,7.904
49.452000,-2.8751,-7.0004,0.9332,7.625
49.456000,-2.5069,-6.8780,0.8190,7.366
49.457000,-2.2410,-6.7913,0.7324,7.189
49.457000,-2.0196,-6.6946,0.7209,7.030
49.457000,-1.8285,-6.6031,0.6216,6.880
49.458000,-1.6939,-6.4903,0.5351,6.729
49.458000,-1.6037,-6.4108,0.4755,6.625
49.459000,-1.4956,-6.3678,0.4261,6.555
49.459000,-1.4414,-6.3462,0.4320,6.522
49.463000,-1.4264,-6.2451,0.4974,6.425
49.468000,-1.5079,-6.0720,0.6005,6.285
49.473000,-1.5830,-5.8438,0.6839,6.093
49.479000,-1.6871,-5.5428,0.8812,5.860
49.482000,-1.7532,-5.2289,1.1491,5.633
49.487000,-1.8100,-4.8118,1.4131,5.332
49.544000,-1.7593,-4.4249,1.6102,5.027
49.545000,-1.6368,-3.9937,1.7738,4.666
49.545000,-1.5167,-3.6002,1.9063,4.347
49.546000,-1.3179,-3.2710,2.0914,4.100
49.546000,-0.9880,-2.9475,2.2116,3.815
49.546000,-0.6488,-2.6170,2.1830,3.469
49.547000,-0.2934,-2.2927,2.0518,3.091
49.547000,0.0634,-1.9754,1.9146,2.752
49.547000,0.5552,-1.6881,1.8053,2.533
49.548000,1.0716,-1.4907,1.5206,2.384
49.548000,1.4739,-1.2373,1.2643,2.303
49.548000,1.8691,-1.0464,1.0148,2.370
49.553000,2.2187,-0.9282,0.6987,2.504
49.558000,2.4912,-0.8210,0.2922,2.639
49.562000,2.6721,-0.7799,-0.0749,2.785
49.567000,2.8523,-0.7357,-0.4764,2.984
49.571000,2.9689,-0.6244,-0.8353,3.147
49.576000,3.0345,-0.5623,-1.1950,3.309
49.581000,2.9937,-0.4925,-1.4669,3.370
49.586000,2.9562,-0.3365,-1.4696,3.318
49.592000,3.1281,-0.3634,-1.9816,3.721
49.596000,3.1430,-0.4732,-2.3788,3.970
49.601000,3.0755,-0.3898,-2.4752,3.967
49.607000,2.9038,-0.2407,-2.6859,3.963
49.665000,2.7116,-0.0932,-2.9363,3.998
49.666000,2.4539,0.0921,-3.0806,3.940
49.666000,2.2002,0.1955,-3.0734,3.785
49.667000,1.9767,0.2748,-2.9841,3.590
49.667000,1.7913,0.4051,-2.8804,3.416
49.667000,1.6198,0.5262,-2.7186,3.208
49.668000,1.4602,0.6389,-2.5016,2.966
49.668000,1.3026,0.8075,-2.2174,2.696
49.668000,1.1207,0.9265,-1.9308,2.417
49.669000,0.9842,1.1114,-1.7135,2.267
49.671000,0.9144,1.2686,-1.5247,2.184
49.672000,0.8297,1.4362,-1.2254,2.062
49.675000,0.7376,1.5213,-0.9498,1.939
49.677000,0.6161,1.6167,-0.6762,1.858
49.681000,0.4896,1.7397,-0.4741,1.868
49.686000,0.3794,1.8183,-0.2910,1.880
49.691000,0.2325,1.9193,-0.1289,1.938
49.696000,0.1045,2.0119,0.0146,2.015
49.700000,-0.0478,2.1489,0.1586,2.155
49.706000,-0.1575,2.2247,0.2603,2.245
49.712000,-0.2866,2.2759,0.3053,2.314
49.715000,-0.3324,2.3403,0.2915,2.382
49.721000,-0.3544,2.3540,0.3000,2.399
49.776000,-0.4339,2.3338,0.2662,2.389
49.777000,-0.4755,2.3009,0.2188,2.360
49.778000,-0.5526,2.2680,0.1213,2.338
49.779000,-0.6082,2.2350,0.0195,2.316
49.780000,-0.6321,2.2094,-0.0795,2.299
49.781000,-0.6078,2.2175,-0.1756,2.306
49.782000,-0.5688,2.1995,-0.2760,2.289
49.783000,-0.4860,2.1559,-0.3618,2.239
49.783000,-0.3523,2.1201,-0.4498,2.196
49.785000,-0.1609,2.1181,-0.5450,2.193
49.786000,0.0551,2.1167,-0.6427,2.213
49.787000,0.2547,2.0966,-0.7403,2.238
49.788000,0.4182,2.1002,-0.8855,2.317
49.791000,0.6153,2.1229,-0.8917,2.383
49.795000,0.7887,2.0693,-0.9118,2.395
49.801000,0.9861,2.0612,-0.8362,2.433
49.805000,1.1356,2.0721,-0.7034,2.465
49.810000,1.3039,2.1350,-0.6214,2.578
49.815000,1.4339,2.2528,-0.5735,2.731
49.820000,1.6137,2.3889,-0.4519,2.918
49.825000,1.7041,2.5144,-0.4769,3.075
49.830000,1.8396,2.5769,-0.4618,3.200
49.835000,1.9671,2.5571,-0.3874,3.249
49.909000,2.0845,2.5247,-0.3472,3.292
49.910000,2.2179,2.5202,-0.3247,3.373
49.910000,2.3214,2.5120,-0.3151,3.435
49.911000,2.3886,2.5726,-0.3904,3.532
49.911000,2.5028,2.6250,-0.4737,3.658
49.911000,2.5802,2.7240,-0.5579,3.793
49.912000,2.6589,2.7572,-0.6117,3.879
49.912000,2.7243,2.7460,-0.7093,3.933
49.913000,2.7840,2.6836,-0.7643,3.942
49.913000,2.8689,2.5770,-0.8485,3.949
49.914000,2.9430,2.3953,-1.0091,3.927
49.914000,3.0139,2.2059,-1.1123,3.897
49.914000,3.0960,1.9824,-1.1769,3.860
49.914000,3.1247,1.7274,-1.2147,3.771
49.915000,3.2441,1.4558,-1.2712,3.776
49.915000,3.3846,1.3086,-1.3797,3.882
49.920000,3.5413,1.1732,-1.4252,3.994
49.925000,3.7121,1.0187,-1.5485,4.149
49.929000,3.8725,0.8806,-1.6322,4.294
49.934000,4.0276,0.7569,-1.6453,4.416
49.939000,4.2061,0.6616,-1.6763,4.576
49.946000,4.2691,0.6617,-1.7680,4.668
49.949000,4.3986,0.6472,-1.7916,4.793
49.955000,4.5037,0.6899,-1.7970,4.898
50.018000,4.6036,0.7466,-1.8393,5.013
50.019000,4.7648,0.9175,-1.8253,5.184
50.020000,4.9154,1.0302,-1.7739,5.326
50.021000,5.0172,1.1373,-1.7569,5.436
50.025000,5.2014,1.2362,-1.6810,5.604
50.026000,5.3958,1.2692,-1.5865,5.766
50.027000,5.5692,1.2172,-1.4378,5.879
50.028000,5.7215,1.1161,-1.3741,5.989
50.030000,5.9389,1.0519,-1.2974,6.169
50.030000,6.1660,0.9097,-1.2173,6.350
50.032000,6.3907,0.8090,-1.1650,6.546
50.033000,6.5915,0.7066,-1.1000,6.720
50.034000,6.5623,0.6356,-1.1968,6.701
50.035000,6.6693,0.5124,-0.8264,6.740
50.036000,6.7474,0.2963,-0.6242,6.783
50.038000,6.6511,0.1144,-0.5903,6.678
50.039000,6.4908,0.0625,-0.4494,6.507
50.044000,6.2450,0.0541,-0.3141,6.253
50.049000,5.8948,0.0823,-0.1536,5.897
50.054000,5.4817,0.1237,0.0468,5.483
50.062000,5.1260,0.2122,0.2054,5.134
50.064000,4.8109,0.3479,0.4106,4.841
50.069000,4.5629,0.5596,0.5358,4.628
50.073000,4.3533,0.8017,0.7341,4.487
50.133000,4.1510,1.1366,0.8977,4.396
50.135000,4.0395,1.5208,1.0144,4.434
50.136000,3.9969,1.8465,1.1941,4.562
50.139000,3.9272,2.1731,1.3048,4.674
50.142000,3.8444,2.4478,1.2915,4.737
50.143000,3.8513,2.6560,1.2431,4.841
50.145000,3.8753,2.7735,1.1190,4.895
50.146000,3.9237,2.8146,1.0012,4.931
50.148000,3.9580,2.8032,0.7917,4.914
50.149000,3.9967,2.7124,0.5557,4.862
50.150000,3.9735,2.5021,0.2888,4.705
50.152000,3.9215,2.1866,-0.0133,4.490
50.153000,3.8121,1.8757,-0.2954,4.259
50.154000,3.6747,1.5656,-0.5570,4.033
50.155000,3.5476,1.2917,-0.9101,3.884
50.156000,3.4408,1.0260,-1.1868,3.782
50.164000,3.3090,0.5246,-1.6470,3.733
50.165000,3.2602,0.4768,-1.6420,3.681
50.168000,3.2278,0.1868,-1.8895,3.745
50.172000,3.1615,-0.0679,-2.0850,3.788
50.178000,3.1856,-0.2946,-2.2978,3.939
50.183000,3.1785,-0.4951,-2.4009,4.014
50.186000,3.1257,-0.6388,-2.5399,4.078
50.252000,3.0731,-0.7709,-2.6813,4.151
50.253000,3.0038,-0.8243,-2.7102,4.129
50.254000,2.9158,-0.8852,-2.6575,4.043
50.254000,2.8307,-0.9033,-2.5789,3.934
50.254000,2.7586,-0.8638,-2.3607,3.732
50.257000,2.6963,-0.8203,-2.0242,3.470
50.258000,2.6751,-0.7081,-1.7192,3.258
50.260000,2.5700,-0.6167,-1.3592,2.972
50.261000,2.5204,-0.5572,-0.9079,2.736
50.262000,2.4187,-0.4914,-0.4666,2.512
50.263000,2.2954,-0.3937,0.0195,2.329
50.263000,2.1648,-0.3075,0.4112,2.225
50.264000,2.0295,-0.2587,0.8175,2.203
50.264000,1.9392,-0.1930,1.1884,2.283
50.264000,1.8633,-0.0883,1.5468,2.423
50.268000,1.7916,-0.0290,1.8740,2.593
50.274000,1.7956,0.0182,2.0975,2.761
50.284000,1.7776,0.0104,2.3918,2.980
50.288000,1.6960,-0.0605,2.6183,3.120
50.289000,1.5608,-0.0626,2.8002,3.206
50.335000,1.3964,-0.1032,2.9689,3.283
50.336000,1.2932,-0.1519,3.0505,3.317
50.336000,1.1438,-0.1798,3.0592,3.271
50.337000,0.9483,-0.2681,3.0432,3.199
50.337000,0.7547,-0.3641,2.9430,3.060
50.337000,0.5133,-0.4578,2.7491,2.834
50.338000,0.2786,-0.6099,2.5366,2.624
50.338000,-0.0230,-0.7240,2.3057,2.417
50.338000,-0.2405,-0.8549,2.0715,2.254
50.338000,-0.4552,-0.9738,1.8173,2.111
50.343000,-0.6833,-1.1518,1.6010,2.087
50.346000,-0.9273,-1.3723,1.4256,2.185
50.350000,-1.2135,-1.5826,1.2742,2.367
50.356000,-1.4628,-1.8047,1.0944,2.568
50.361000,-1.6869,-1.9681,1.0253,2.788
50.365000,-1.9190,-2.1493,1.0025,3.051
50.370000,-2.0945,-2.2740,1.0045,3.251
50.415000,-2.2659,-2.4735,1.0198,3.506
50.416000,-2.3708,-2.6869,1.0313,3.729
50.416000,-2.4862,-2.9277,1.0896,3.992
50.417000,-2.5780,-3.1679,1.0987,4.230
50.417000,-2.6685,-3.3946,1.1113,4.459
50.417000,-2.7692,-3.5929,1.1174,4.672
50.417000,-2.8611,-3.8033,1.1789,4.903
50.418000,-2.9750,-3.9986,1.3264,5.157
50.418000,-3.1089,-4.1468,1.3281,5.350
50.421000,-3.2409,-4.3299,1.2700,5.556
50.427000,-3.4573,-4.4325,1.3179,5.774
50.430000,-3.6719,-4.6113,1.4140,6.062
50.435000,-3.8891,-4.8293,1.5094,6.382
50.441000,-4.1070,-5.0015,1.4924,6.642
50.446000,-4.3489,-5.1333,1.5615,6.907
50.450000,-4.5101,-5.2857,1.6329,7.138
50.455000,-4.6980,-5.4098,1.6559,7.354
50.461000,-4.9102,-5.5143,1.5398,7.542
50.465000,-5.0727,-5.6290,1.5291,7.730
50.470000,-5.2119,-5.7938,1.4777,7.932
50.537000,-5.2608,-5.9955,1.4046,8.099
50.538000,-5.3417,-6.1923,1.3365,8.286
50.538000,-5.4282,-6.3924,1.3326,8.491
50.539000,-5.4463,-6.6130,1.2493,8.658
50.539000,-5.5301,-6.8831,1.1274,8.901
50.540000,-5.6175,-7.1753,1.0672,9.175
50.540000,-5.6271,-7.5417,1.0808,9.472
50.540000,-5.6931,-7.9555,1.2198,9.858
50.541000,-5.7917,-8.2884,1.1599,10.178
50.541000,-6.0497,-8.4656,1.1769,10.471
50.542000,-6.3212,-8.5503,1.3111,10.714
50.542000,-6.4675,-8.5968,1.4904,10.861
50.542000,-6.6633,-8.6171,1.6026,11.010
50.543000,-6.8704,-8.6537,1.6464,11.171
50.546000,-7.0312,-8.6842,1.7733,11.314
50.551000,-7.0958,-8.6919,1.8634,11.374
50.556000,-7.1000,-8.7288,1.8765,11.407
50.561000,-7.0894,-8.7948,1.9847,11.469
50.564000,-6.9566,-8.8991,2.0224,11.475
50.569000,-6.7445,-8.9122,2.0642,11.366
50.576000,-6.4653,-8.8634,2.0691,11.164
50.580000,-6.1812,-8.9228,2.0443,11.045
50.584000,-5.7604,-8.8631,1.9880,10.756
50.589000,-5.2486,-8.7494,1.8603,10.371
50.640000,-4.7579,-8.6334,1.6592,9.996
50.641000,-4.2239,-8.5008,1.5262,9.614
50.642000,-3.8065,-8.4129,1.4043,9.340
50.642000,-3.4724,-8.3010,1.3859,9.104
50.643000,-3.2236,-8.1482,1.3748,8.870
50.643000,-2.9884,-8.0442,1.2892,8.678
50.643000,-2.6804,-7.9641,1.1916,8.487
50.644000,-2.3666,-7.8224,1.1637,8.255
50.644000,-2.0924,-7.6559,1.2004,8.027
50.644000,-1.8791,-7.4663,1.3275,7.813
50.645000,-1.7507,-7.2305,1.3962,7.569
50.650000,-1.8386,-7.0924,1.3170,7.444
50.655000,-2.1015,-6.9472,1.4528,7.402
50.660000,-2.2354,-6.6089,1.6856,7.177
50.664000,-2.2903,-6.1478,1.8037,6.804
50.669000,-2.2902,-5.6916,1.9170,6.428
50.677000,-2.2327,-5.2510,2.0428,6.061
50.681000,-2.1219,-4.8053,2.2124,5.700
50.683000,-1.9245,-4.4558,2.3171,5.378
50.688000,-1.6022,-4.0937,2.3265,4.974
50.758000,-1.1619,-3.7370,2.3822,4.581
50.759000,-0.6543,-3.4531,2.3776,4.243
50.759000,0.0522,-3.2886,2.3170,4.023
50.761000,0.7132,-3.1307,2.1031,3.838
50.763000,1.2205,-3.0551,1.9755,3.837
50.764000,1.7061,-2.9701,1.7565,3.849
50.767000,2.1024,-2.8295,1.4101,3.797
50.769000,2.4807,-2.7543,1.0834,3.862
50.770000,2.7172,-2.7333,0.7399,3.924
50.770000,3.0024,-2.7111,0.2821,4.055
50.772000,3.2914,-2.6193,-0.1632,4.210
50.774000,3.5977,-2.5121,-0.7174,4.446
50.775000,3.7962,-2.3525,-1.2267,4.631
50.776000,3.9208,-2.1944,-1.5550,4.755
50.778000,4.0878,-1.9821,-1.9532,4.945
50.779000,4.1468,-1.8053,-2.3902,5.115
50.780000,4.1044,-1.5238,-2.6835,5.135
50.780000,3.9960,-1.1888,-2.9524,5.109
50.783000,3.8436,-0.8564,-3.1615,5.050
50.788000,3.6109,-0.5151,-3.2793,4.905
50.802000,3.3933,-0.2035,-3.2244,4.685
50.807000,3.1269,-0.0540,-3.0956,4.400
50.809000,2.8403,0.1607,-2.9001,4.063
50.810000,2.5812,0.3735,-2.6575,3.723
50.854000,2.3981,0.5284,-2.3398,3.392
50.855000,2.2712,0.6871,-1.9162,3.050
50.856000,2.1105,0.8649,-1.5431,2.754
50.856000,2.0186,1.0355,-1.1775,2.556
50.856000,1.9353,1.1580,-0.7912,2.390
50.856000,1.8326,1.3313,-0.5236,2.325
50.856000,1.7554,1.5549,-0.3198,2.367
50.857000,1.6462,1.8213,-0.1269,2.458
50.857000,1.5507,2.0784,-0.0433,2.593
50.865000,1.4730,2.3158,0.0464,2.745
50.866000,1.3801,2.5317,0.0755,2.884
50.867000,1.2596,2.7116,0.0780,2.991
50.873000,1.1280,2.8072,0.0327,3.025
50.878000,0.9976,2.9198,-0.0387,3.086
50.882000,0.8372,2.9462,-0.0904,3.064
50.887000,0.6467,2.9607,-0.1579,3.035
50.894000,0.4577,2.9926,-0.1621,3.032
50.897000,0.2511,2.9368,-0.2437,2.958
50.902000,0.1014,2.8536,-0.2616,2.867
50.979000,-0.0389,2.7602,-0.2830,2.775
50.980000,-0.1459,2.6590,-0.3029,2.680
50.980000,-0.1665,2.5890,-0.3455,2.617
50.980000,-0.1892,2.5071,-0.3656,2.541
50.981000,-0.1950,2.4298,-0.3798,2.467
50.981000,-0.1667,2.3459,-0.4598,2.396
50.982000,-0.0471,2.2837,-0.4289,2.324
50.982000,0.1020,2.2151,-0.3996,2.253
50.982000,0.2279,2.0489,-0.2818,2.081
50.982000,0.3591,1.9623,-0.2649,2.012
50.983000,0.5417,1.9556,-0.2774,2.048
50.983000,0.7655,2.0209,-0.2691,2.178
50.983000,0.9608,2.1030,-0.2901,2.330
50.984000,1.1663,2.1828,-0.3004,2.493
50.984000,1.3118,2.2574,-0.2372,2.622
50.984000,1.4480,2.2960,-0.1389,2.718
50.987000,1.5865,2.3916,-0.0581,2.871
50.992000,1.8443,2.4338,0.0121,3.054
50.997000,2.1258,2.4781,0.1077,3.267
51.001000,2.4734,2.6195,0.1568,3.606
51.006000,2.7597,2.7641,0.1951,3.911
51.013000,3.0063,2.8066,0.2107,4.118
51.017000,3.1384,2.8017,0.1703,4.210
51.028000,3.2118,2.7429,0.1122,4.225
51.032000,3.2527,2.6993,0.0124,4.227
51.033000,3.2849,2.6399,-0.1264,4.216
51.036000,3.2921,2.6105,-0.2325,4.208
51.101000,3.3583,2.5371,-0.4157,4.229
51.102000,3.3925,2.4174,-0.5515,4.202
51.102000,3.4548,2.2995,-0.7572,4.219
51.102000,3.5573,2.2242,-0.8936,4.289
51.103000,3.7358,2.1796,-1.1137,4.466
51.103000,3.9088,2.1273,-1.2929,4.634
51.103000,4.1070,2.0478,-1.4762,4.821
51.104000,4.2064,1.8770,-1.5295,4.854
51.104000,4.3364,1.6821,-1.6180,4.925
51.104000,4.4296,1.5011,-1.6959,4.975
51.105000,4.5081,1.3655,-1.7849,5.037
51.105000,4.6176,1.2228,-1.8251,5.114
51.105000,4.7411,1.1661,-1.8429,5.219
51.106000,4.9242,1.2529,-1.7881,5.386
51.110000,5.0514,1.3773,-1.7179,5.510
51.115000,5.2141,1.5420,-1.6783,5.690
51.120000,5.4523,1.7750,-1.6570,5.969
51.126000,5.6888,1.9543,-1.6037,6.225
51.130000,5.8951,2.0821,-1.6192,6.458
51.135000,6.1018,2.1940,-1.6171,6.683
51.183000,6.2872,2.2781,-1.6717,6.893
51.184000,6.4724,2.3891,-1.6443,7.093
51.184000,6.7387,2.4695,-1.7143,7.379
51.185000,6.9562,2.4710,-1.7307,7.582
51.185000,7.2538,2.3077,-1.6742,7.794
51.185000,7.2488,2.3071,-1.6788,7.790
51.186000,7.4007,2.1774,-1.7301,7.906
51.186000,7.4821,1.9643,-1.7946,7.941
51.187000,7.6055,1.7514,-1.7957,8.008
51.187000,7.6682,1.4718,-1.7838,8.009
51.192000,7.7636,1.2670,-1.7136,8.051
51.195000,7.7434,1.1006,-1.6667,7.997
51.200000,7.6653,0.9180,-1.6765,7.900
51.204000,7.5104,0.7716,-1.6428,7.727
51.210000,7.3029,0.6759,-1.6013,7.507
51.215000,7.0748,0.5957,-1.5546,7.268
51.221000,6.8402,0.5353,-1.5458,7.033
51.227000,6.6139,0.5192,-1.5195,6.806
51.229000,6.4133,0.5739,-1.4711,6.605
51.235000,6.2113,0.6965,-1.3836,6.402
51.240000,6.0440,0.8942,-1.3070,6.248
51.299000,5.8014,1.0855,-1.1271,6.009
51.300000,5.5481,1.2775,-0.9157,5.766
51.301000,5.2700,1.4894,-0.7307,5.525
51.301000,4.9548,1.6732,-0.5054,5.254
51.301000,4.7056,1.9173,-0.3381,5.092
51.302000,4.5226,2.0832,-0.1593,4.982
51.302000,4.3812,2.1992,-0.0432,4.902
51.302000,4.3174,2.2509,0.0198,4.869
51.302000,4.2640,2.1883,-0.0202,4.793
51.303000,4.2731,2.0921,-0.1222,4.759
51.303000,4.2853,1.8936,-0.2260,4.690
51.304000,4.2568,1.6828,-0.4150,4.596
51.304000,4.2215,1.3859,-0.6483,4.490
51.309000,4.1034,1.0778,-0.8873,4.334
51.314000,4.0266,0.7507,-1.1457,4.253
51.319000,3.8314,0.4028,-1.3587,4.085
51.325000,3.6477,0.0442,-1.6266,3.994
51.330000,3.5039,-0.2583,-1.8503,3.971
51.335000,3.3167,-0.5474,-1.9815,3.902
51.340000,3.1947,-0.8271,-2.1063,3.915
51.345000,3.1179,-1.0717,-2.1618,3.942
51.348000,3.0396,-1.3543,-2.2034,3.991
51.354000,2.9928,-1.5822,-2.2113,4.044
51.362000,2.9564,-1.7765,-2.1831,4.082
51.668000,2.9356,-1.9176,-2.0310,4.052
51.669000,2.8990,-2.0254,-1.9248,4.026
51.670000,2.8941,-2.0667,-1.7521,3.964
51.670000,2.8304,-2.0605,-1.5088,3.812
51.671000,2.7486,-2.0547,-1.1596,3.622
51.671000,2.6132,-1.9582,-0.8349,3.371
51.672000,2.4378,-1.8344,-0.4245,3.080
51.674000,2.2610,-1.6853,-0.0493,2.820
51.675000,2.0357,-1.4550,0.3295,2.524
51.675000,1.8566,-1.2528,0.7030,2.347
51.675000,1.7282,-1.0619,1.0609,2.289
51.676000,1.5691,-0.9278,1.3832,2.288
51.676000,1.3535,-0.8068,1.6453,2.278
51.676000,1.2194,-0.6952,1.9502,2.403
51.677000,1.1048,-0.6113,2.2585,2.588
51.678000,0.9398,-0.5800,2.4676,2.704
51.678000,0.7581,-0.5196,2.6775,2.831
51.679000,0.6051,-0.4423,2.8355,2.933
51.679000,0.4235,-0.4145,2.9508,3.010
51.679000,0.1963,-0.3891,3.0742,3.105
51.680000,-0.0167,-0.3924,3.1867,3.211
51.680000,-0.1529,-0.4000,3.2096,3.238
51.681000,-0.3297,-0.4979,3.2199,3.275
51.681000,-0.4776,-0.5857,3.1363,3.226
51.682000,-0.6588,-0.7447,3.0406,3.199
51.682000,-0.8419,-0.8813,2.9044,3.150
51.683000,-0.9934,-0.9884,2.7928,3.125
51.683000,-1.1867,-1.0766,2.5980,3.052
51.684000,-1.3631,-1.2154,2.4099,3.024
51.684000,-1.5626,-1.3507,2.2505,3.055
51.684000,-1.7514,-1.4968,2.1082,3.123
51.685000,-1.9462,-1.6486,1.9430,3.206
51.685000,-2.1366,-1.7975,1.7597,3.300
51.685000,-2.2708,-1.9836,1.6570,3.440
51.686000,-2.3824,-2.1757,1.5227,3.568
51.686000,-2.4586,-2.3914,1.4547,3.726
51.687000,-2.5697,-2.6591,1.4341,3.966
51.687000,-2.7508,-2.9000,1.4794,4.262
51.687000,-2.8870,-3.1121,1.5688,4.526
51.688000,-2.9546,-3.2689,1.7162,4.729
51.688000,-3.1280,-3.4510,1.6820,4.952
51.689000,-3.4262,-3.5966,1.7494,5.266
51.689000,-3.6816,-3.7412,1.9489,5.599
51.692000,-3.8394,-3.9228,2.1508,5.895
51.692000,-4.0409,-4.0722,2.3143,6.186
51.693000,-4.1398,-4.2048,2.5319,6.421
51.693000,-4.2514,-4.2801,2.4997,6.530
51.696000,-4.3920,-4.3310,2.5891,6.690
51.696000,-4.5263,-4.3995,2.6903,6.862
51.697000,-4.6636,-4.5079,2.7143,7.031
51.697000,-4.7180,-4.5521,2.6969,7.089
51.698000,-4.7327,-4.6718,2.7214,7.185
51.702000,-4.7343,-4.7845,2.6777,7.244
51.703000,-4.8400,-4.8754,2.4436,7.292
51.704000,-5.0209,-4.9345,2.2923,7.404
51.704000,-5.1171,-5.0111,2.1762,7.485
51.705000,-5.1476,-5.1394,2.0615,7.560
51.706000,-5.1793,-5.3117,2.0055,7.685
51.706000,-5.1122,-5.5718,1.9580,7.811
51.707000,-5.1137,-5.8612,1.9112,8.010
51.708000,-5.0859,-6.0703,1.8097,8.123
51.708000,-5.0098,-6.2927,1.7637,8.234
51.709000,-4.9476,-6.4990,1.6175,8.327
51.710000,-4.9736,-6.6564,1.4938,8.442
51.711000,-5.0109,-6.8337,1.4762,8.602
51.712000,-4.9761,-7.0548,1.4570,8.755
51.712000,-5.0342,-7.2593,1.4147,8.947
51.713000,-5.1181,-7.4187,1.3971,9.121
51.713000,-5.1895,-7.4966,1.4209,9.228
51.714000,-5.2535,-7.5408,1.4592,9.306
51.715000,-5.3172,-7.5274,1.5669,9.348
51.719000,-5.4115,-7.5300,1.7726,9.441
51.722000,-5.4529,-7.5578,1.9854,9.529
51.725000,-5.4318,-7.5391,2.1264,9.532
51.730000,-5.4078,-7.4853,2.2608,9.507
51.735000,-5.3356,-7.5183,2.4508,9.539
51.740000,-5.2367,-7.4826,2.5530,9.483
51.745000,-5.0224,-7.4024,2.5630,9.305
51.750000,-4.7169,-7.3472,2.5008,9.082
51.764000,-4.3751,-7.2386,2.4527,8.807
51.765000,-4.0424,-7.1298,2.4073,8.542
51.765000,-3.7548,-7.0618,2.3070,8.324
51.770000,-3.4523,-6.9847,2.2354,8.106
51.775000,-3.1925,-6.8924,2.1520,7.895
51.781000,-2.9323,-6.8283,2.0516,7.709
51.785000,-2.6144,-6.7040,2.0032,7.469
51.790000,-2.3536,-6.6061,1.9635,7.282
51.795000,-2.1594,-6.5489,1.8080,7.129
51.799000,-1.9960,-6.5193,1.6711,7.020
51.805000,-1.8775,-6.5761,1.5291,7.008
51.809000,-1.7320,-6.5976,1.4041,6.964
51.815000,-1.6432,-6.6102,1.3578,6.945
51.820000,-1.6948,-6.6401,1.2845,6.972
51.824000,-1.9033,-6.6013,1.2727,6.987
51.829000,-2.2206,-6.4667,1.3312,6.966
51.834000,-2.4953,-6.2872,1.5937,6.950
51.840000,-2.7372,-6.0230,1.9977,6.911
51.844000,-2.9435,-5.6850,2.3629,6.824
51.849000,-2.9874,-5.3401,2.6731,6.677
51.854000,-2.9191,-4.9144,2.9624,6.438
51.859000,-2.8101,-4.5363,3.1807,6.212
51.864000,-2.5911,-4.1809,3.4080,5.984
51.869000,-2.2643,-3.8737,3.5340,5.712
51.874000,-1.9281,-3.5703,3.6021,5.426
51.879000,-1.5278,-3.3415,3.4500,5.040
51.884000,-1.0703,-3.1890,3.2354,4.667
51.890000,-0.6565,-2.9849,3.0166,4.294
51.894000,-0.2532,-2.9341,2.7289,4.015
51.899000,0.1303,-2.9635,2.3195,3.766
51.905000,0.5317,-2.9027,1.9707,3.549
51.909000,0.9634,-2.8895,1.5888,3.435
51.914000,1.3171,-2.9109,1.1646,3.401
51.919000,1.6164,-2.9537,0.7249,3.444
51.925000,1.8809,-3.0067,0.2843,3.558
51.930000,2.1104,-3.0566,-0.1260,3.717
51.935000,2.2424,-3.1065,-0.4721,3.860
51.939000,2.3181,-3.1764,-0.8330,4.020
51.944000,2.3993,-3.1552,-1.0437,4.099
51.949000,2.4913,-3.1083,-1.2056,4.162
51.954000,2.5241,-3.0109,-1.4191,4.177
51.959000,2.4984,-2.8449,-1.6321,4.123
51.964000,2.4498,-2.5848,-1.8040,3.992
51.969000,2.3425,-2.3479,-1.8611,3.803
51.973000,2.1903,-2.0437,-1.9736,3.587
51.978000,2.0397,-1.6495,-2.0631,3.337
51.983000,1.9114,-1.2623,-2.0909,3.101
51.988000,1.7630,-0.8761,-2.0813,2.865
51.993000,1.7186,-0.4843,-1.9550,2.648
51.998000,1.6770,-0.1617,-1.8054,2.469
52.003000,1.6629,0.1740,-1.6187,2.327
52.008000,1.6948,0.5197,-1.4332,2.280
52.013000,1.7362,0.8126,-1.2557,2.292
52.018000,1.7806,1.1014,-0.9887,2.315
52.024000,1.8461,1.4016,-0.7202,2.427
52.028000,1.8997,1.6280,-0.5441,2.560
52.033000,1.9026,1.8780,-0.3667,2.698
52.038000,1.9811,2.0934,-0.2688,2.895
52.045000,2.0135,2.2848,-0.2290,3.054
52.048000,2.0423,2.5089,-0.1799,3.240
52.053000,2.0237,2.6954,-0.1713,3.375
52.058000,2.0115,2.8101,-0.1964,3.461
52.063000,1.9643,2.9264,-0.2905,3.537
52.068000,1.9156,3.0468,-0.4081,3.622
52.073000,1.8700,3.1115,-0.4794,3.662
52.078000,1.8294,3.1441,-0.6763,3.700
52.083000,1.7589,3.1697,-0.8460,3.722
52.088000,1.6630,3.1736,-1.0287,3.728
52.092000,1.5724,3.1079,-1.2912,3.715
52.097000,1.5026,3.0552,-1.4493,3.700
52.103000,1.4270,3.0199,-1.6773,3.738
52.108000,1.3670,2.9878,-1.8888,3.790
52.113000,1.3710,2.9546,-2.0192,3.832
52.117000,1.3962,2.9088,-2.1667,3.887
52.123000,1.4257,2.8337,-2.2234,3.874
52.127000,1.5124,2.7724,-2.2372,3.870
52.135000,1.6630,2.6794,-2.2726,3.887
52.138000,1.8158,2.6316,-2.3085,3.944
52.145000,1.9611,2.6145,-2.2369,3.960
52.148000,2.1057,2.5728,-2.1683,3.969
52.154000,2.1329,2.5333,-2.2485,4.003
52.158000,2.2766,2.5243,-1.8863,3.888
52.168000,2.3866,2.4191,-1.4567,3.697
52.169000,2.5495,2.3954,-1.2404,3.712
52.174000,2.7454,2.5313,-1.0431,3.877
52.177000,2.9002,2.6570,-0.8843,4.031
52.182000,3.0206,2.7265,-0.7403,4.136
52.187000,3.0995,2.8046,-0.5894,4.221
52.192000,3.2588,2.8624,-0.4492,4.361
52.197000,3.4789,2.8711,-0.4006,4.528
52.202000,3.6597,2.8834,-0.3745,4.674
52.208000,3.8389,2.8992,-0.3184,4.821
52.212000,3.9682,2.8701,-0.2492,4.904
52.219000,4.0458,2.8229,-0.2988,4.942
52.223000,4.0405,2.7861,-0.3545,4.921
52.227000,4.0885,2.7216,-0.3180,4.922
52.233000,4.1832,2.5986,-0.2160,4.929
52.237000,4.2500,2.4456,-0.3071,4.913
52.242000,4.3182,2.3445,-0.4356,4.933
52.248000,4.3659,2.2590,-0.5533,4.947
52.253000,4.3978,2.1197,-0.7697,4.942
52.258000,4.3834,1.9487,-0.9245,4.885
52.262000,4.4186,1.7771,-1.0869,4.885
52.269000,4.4361,1.6218,-1.2899,4.896
52.273000,4.5011,1.5117,-1.4711,4.971
52.277000,4.6251,1.4801,-1.6469,5.128
52.282000,4.7080,1.4649,-1.7385,5.228
52.288000,4.7571,1.4042,-1.8436,5.292
52.293000,4.7844,1.4056,-1.9242,5.345
52.296000,4.8789,1.4549,-2.0495,5.488
52.302000,4.9589,1.5686,-2.1716,5.636
52.306000,5.0695,1.7562,-2.3260,5.848
52.311000,5.2467,1.9362,-2.4216,6.094
52.316000,5.5616,2.1061,-2.4221,6.421
52.321000,5.8322,2.2203,-2.3993,6.686
52.326000,6.1728,2.2977,-2.4348,7.022
52.331000,6.5325,2.3738,-2.5329,7.398
52.336000,6.8963,2.4364,-2.5546,7.747
52.342000,7.2852,2.3917,-2.5549,8.082
52.346000,7.6152,2.2972,-2.5171,8.343
52.351000,7.9744,2.2148,-2.4510,8.632
52.356000,8.2020,2.0628,-2.5594,8.836
52.361000,8.4224,1.8891,-2.3040,8.934
52.565000,8.5498,1.4952,-2.0739,8.924
52.566000,8.5823,1.1566,-2.0870,8.908
52.567000,8.5369,0.9329,-2.1661,8.857
52.568000,8.3708,0.7453,-2.1197,8.667
52.569000,8.1922,0.5628,-2.0320,8.459
52.570000,7.9661,0.4553,-2.0517,8.239
52.571000,7.7577,0.4373,-2.0283,8.030
52.572000,7.4998,0.4634,-2.0187,7.781
52.573000,7.1861,0.5265,-1.9731,7.471
52.574000,6.9119,0.6815,-1.8601,7.190
52.575000,6.6202,0.9452,-1.6875,6.897
52.576000,6.3110,1.2242,-1.5082,6.603
52.576000,6.0325,1.5735,-1.3175,6.372
52.577000,5.7791,1.9400,-1.1490,6.203
52.578000,5.5384,2.2420,-1.0025,6.059
52.579000,5.4110,2.4510,-0.8444,6.000
52.580000,5.3125,2.5377,-0.7054,5.930
52.580000,5.2884,2.5121,-0.6000,5.885
52.582000,5.2875,2.3854,-0.5781,5.829
52.584000,5.2262,2.2247,-0.5987,5.711
52.585000,5.1933,1.9418,-0.6183,5.579
52.586000,5.0998,1.6032,-0.7802,5.403
52.586000,5.0302,1.2572,-0.9548,5.272
52.587000,4.8836,0.8796,-1.1464,5.093
52.588000,4.7538,0.5138,-1.3901,4.979
52.589000,4.5818,0.0935,-1.6136,4.859
52.590000,4.3653,-0.3767,-1.8330,4.749
52.590000,4.1744,-0.8433,-2.0578,4.730
52.591000,3.9861,-1.2625,-2.2327,4.740
52.592000,3.8407,-1.6468,-2.3737,4.806
52.592000,3.7177,-1.9233,-2.4712,4.861
52.593000,3.5738,-2.2193,-2.5127,4.900
52.594000,3.4671,-2.4696,-2.5054,4.939
52.595000,3.3671,-2.6903,-2.4495,4.957
52.596000,3.2255,-2.8176,-2.2679,4.846
52.596000,3.0835,-2.8487,-1.9235,4.618
52.597000,2.9297,-2.7522,-1.5705,4.316
52.597000,2.8066,-2.5672,-1.1228,3.966
52.598000,2.7123,-2.4128,-0.7230,3.701
52.599000,2.6652,-2.2636,-0.3107,3.510
52.599000,2.6079,-1.9999,0.1917,3.292
52.600000,2.5572,-1.7631,0.6369,3.171
52.600000,2.5096,-1.5736,1.0823,3.154
52.601000,2.3433,-1.3451,1.4358,3.060
52.601000,2.1661,-1.1251,1.7870,3.025
52.602000,2.0252,-0.9193,2.1484,3.092
52.607000,1.8924,-0.7533,2.4539,3.189
52.609000,1.7643,-0.5827,2.7087,3.285
52.612000,1.6724,-0.4403,2.9041,3.380
52.613000,1.5825,-0.2889,3.1079,3.500
52.614000,1.4802,-0.2120,3.2617,3.588
52.620000,1.3796,-0.1835,3.4086,3.682
52.624000,1.2715,-0.2051,3.5025,3.732
52.629000,1.1314,-0.2446,3.6352,3.815
52.635000,0.9550,-0.2696,3.6929,3.824
52.639000,0.7250,-0.2933,3.7097,3.791
52.645000,0.4229,-0.3199,3.6188,3.657
52.649000,0.1521,-0.4034,3.4518,3.479
52.655000,-0.1329,-0.5177,3.3097,3.353
52.659000,-0.3270,-0.6540,3.1550,3.239
52.665000,-0.5471,-0.8137,2.9639,3.122
52.669000,-0.8002,-0.9754,2.7583,3.033
52.674000,-1.0354,-1.1022,2.5411,2.957
52.678000,-1.2175,-1.2696,2.3062,2.900
52.685000,-1.4152,-1.4385,2.1136,2.922
52.690000,-1.6162,-1.6369,1.9662,3.026
52.694000,-1.7994,-1.8133,1.7811,3.114
52.700000,-1.9596,-1.9839,1.6900,3.261
52.705000,-2.0721,-2.1540,1.6264,3.403
52.710000,-2.1860,-2.3529,1.5644,3.572
52.714000,-2.2645,-2.5841,1.5381,3.764
52.718000,-2.3700,-2.7804,1.5594,3.972
52.723000,-2.4377,-3.0113,1.6452,4.209
52.728000,-2.5583,-3.2401,1.6400,4.442
52.733000,-2.6815,-3.5078,1.7495,4.749
52.738000,-2.8195,-3.7644,1.9257,5.082
52.743000,-2.8931,-3.9473,2.0076,5.290
52.748000,-3.0077,-4.1354,2.1957,5.565
52.753000,-3.1178,-4.3299,2.4267,5.862
52.758000,-3.3287,-4.5872,2.3446,6.134
52.763000,-3.6305,-4.7962,2.4528,6.496
52.768000,-3.8746,-4.9723,2.6327,6.831
52.773000,-4.0973,-5.1931,2.8362,7.197
52.778000,-4.2700,-5.4452,2.9429,7.520
52.785000,-4.4522,-5.5981,2.9768,7.747
52.788000,-4.6012,-5.7038,3.1488,7.976
52.793000,-4.7650,-5.8776,3.2139,8.221
52.798000,-4.9340,-6.0154,3.1989,8.412
52.802000,-5.1299,-6.1233,3.2092,8.609
52.807000,-5.2594,-6.2817,3.1485,8.777
52.813000,-5.3490,-6.4750,2.9911,8.915
52.817000,-5.3823,-6.6472,2.8469,9.014
52.823000,-5.3783,-6.8788,2.7252,9.147
52.827000,-5.3566,-7.0920,2.5950,9.259
52.833000,-5.2791,-7.3006,2.5062,9.351
52.837000,-5.2178,-7.4920,2.4247,9.446
52.842000,-5.2398,-7.6889,2.3217,9.590
52.847000,-5.2829,-7.9140,2.2138,9.769
52.852000,-5.4214,-7.9958,2.2227,9.913
52.857000,-5.5454,-8.0510,2.2595,10.034
52.862000,-5.7005,-8.0788,2.3068,10.153
52.867000,-5.9035,-8.1084,2.3215,10.295
52.872000,-6.0515,-8.1220,2.4306,10.416
52.877000,-6.2859,-8.1365,2.5284,10.588
52.882000,-6.4394,-8.1582,2.6501,10.726
52.887000,-6.5335,-8.1363,2.7501,10.791
52.892000,-6.5111,-8.0831,2.9192,10.782
52.897000,-6.4847,-8.0627,2.8199,10.724
52.902000,-6.4636,-7.9556,2.7530,10.614
52.907000,-6.4118,-7.8795,2.7429,10.522
52.912000,-6.2596,-7.8485,2.6848,10.392
52.917000,-6.0503,-7.8962,2.5534,10.270
52.922000,-5.7166,-7.8955,2.4065,10.040
52.927000,-5.3206,-7.8599,2.2836,9.762
52.932000,-5.0011,-7.8686,2.1630,9.571
52.937000,-4.7244,-7.8883,2.0758,9.426
52.942000,-4.4331,-7.8738,1.9599,9.246
52.947000,-4.1581,-7.8451,1.8852,9.077
52.951000,-3.9112,-7.8063,1.8610,8.927
52.957000,-3.6851,-7.7820,1.7560,8.788
52.962000,-3.4367,-7.7414,1.6186,8.623
52.967000,-3.1442,-7.7590,1.5114,8.507
52.971000,-2.8484,-7.7989,1.3656,8.414
52.976000,-2.5609,-7.8851,1.3512,8.400
52.982000,-2.3656,-7.8892,1.3337,8.343
52.988000,-2.3843,-7.7193,1.4052,8.200
52.993000,-2.5188,-7.4486,1.4310,7.992
52.996000,-2.7951,-7.0755,1.5130,7.757
53.001000,-3.0694,-6.7149,1.7179,7.580
53.006000,-3.2147,-6.3883,1.9619,7.416
53.011000,-3.2357,-6.0412,2.2302,7.207
53.016000,-3.0749,-5.6720,2.4174,6.890
53.021000,-2.8091,-5.3342,2.5882,6.561
53.026000,-2.4187,-5.0220,2.6951,6.191
53.031000,-1.9854,-4.6994,2.7099,5.777
53.036000,-1.4397,-4.3942,2.7332,5.371
53.041000,-0.8845,-4.1777,2.6461,5.024
53.046000,-0.2988,-3.9630,2.5522,4.723
53.051000,0.1861,-3.8332,2.4317,4.543
53.056000,0.5941,-3.7870,2.1754,4.408
53.061000,1.0610,-3.7492,1.9086,4.339
53.066000,1.5849,-3.7137,1.6594,4.365
53.071000,2.0313,-3.7250,1.2709,4.429
53.075000,2.3903,-3.7653,0.8228,4.535
53.080000,2.6599,-3.8211,0.4681,4.679
53.086000,2.8493,-3.9826,0.1333,4.899
53.091000,2.9376,-4.1065,-0.1918,5.053
53.097000,3.0394,-4.1866,-0.4783,5.196
53.100000,3.1256,-4.2163,-0.7835,5.307
53.106000,3.1611,-4.1295,-1.0167,5.299
53.121000,3.1528,-3.9843,-1.1901,5.218
53.122000,3.0620,-3.7243,-1.3541,5.008
53.123000,2.9733,-3.4195,-1.4927,4.771
53.125000,2.8166,-3.1075,-1.5987,4.488
53.130000,2.6859,-2.7890,-1.7135,4.234
53.138000,2.5426,-2.4312,-1.7156,3.914
53.200000,2.6796,-2.1967,-1.7444,3.879
53.201000,2.7483,-2.0800,-1.7594,3.870
53.202000,2.8188,-1.9637,-1.7767,3.868
53.203000,2.8900,-1.8494,-1.7959,3.873
53.203000,2.9628,-1.7359,-1.8174,3.885
53.204000,3.0360,-1.6247,-1.8408,3.905
53.206000,3.1103,-1.5149,-1.8673,3.931
53.210000,3.1844,-1.4080,-1.8966,3.965
53.211000,2.6062,1.4251,-0.0730,2.971
53.212000,2.7050,1.7839,0.1153,3.242
53.213000,2.9552,2.3740,0.4429,3.816
53.215000,3.0410,2.6516,0.5148,4.067
53.215000,3.0675,2.9198,0.5685,4.273
53.216000,3.0728,3.1046,0.5782,4.406
53.220000,2.9750,3.2891,0.5468,4.469
53.225000,2.8871,3.4336,0.5103,4.515
53.230000,2.7825,3.5353,0.4404,4.520
53.245000,2.6540,3.5780,0.3257,4.467
53.246000,2.4989,3.5423,0.2025,4.340
53.247000,2.3107,3.5009,0.0346,4.195
53.250000,2.0803,3.4161,-0.2087,4.005
53.254000,1.8366,3.3503,-0.4315,3.845
53.259000,1.6180,3.2848,-0.6740,3.723
53.266000,1.4772,3.1718,-0.9234,3.619
53.269000,1.4149,3.0577,-1.0944,3.543
53.276000,1.3403,2.9356,-1.3085,3.482
53.280000,1.2916,2.8437,-1.4914,3.461
53.285000,1.2624,2.7755,-1.6503,3.467
53.290000,1.2859,2.6951,-1.8305,3.503
53.295000,1.3309,2.6694,-1.9073,3.540
53.301000,1.4338,2.6509,-1.9860,3.609
53.306000,1.5533,2.6536,-2.0189,3.678
53.309000,1.7332,2.6422,-1.9775,3.728
53.316000,1.9631,2.5946,-1.9195,3.778
53.320000,2.1049,2.6284,-1.8763,3.855
53.325000,2.2847,2.6595,-1.7524,3.920
53.330000,2.4784,2.7066,-1.5935,4.001
53.335000,2.6648,2.8251,-1.3499,4.112
53.339000,2.9079,2.8780,-1.1007,4.237
53.344000,3.1504,2.9710,-0.9658,4.437
53.349000,3.4012,2.9909,-0.8232,4.603
53.354000,3.6216,2.9448,-0.6684,4.715
53.359000,3.8386,2.8380,-0.5069,4.801
53.364000,4.1115,2.7395,-0.4225,4.959
53.369000,4.4213,2.7524,-0.3631,5.221
53.573000,4.7024,2.7848,-0.3241,5.475
53.575000,4.8927,2.7844,-0.2603,5.636
53.576000,4.9975,2.7058,-0.2436,5.688
53.577000,5.0691,2.6902,-0.2475,5.744
53.578000,5.1556,2.5725,-0.3243,5.771
53.579000,5.1903,2.4441,-0.4072,5.751
53.580000,5.1759,2.2669,-0.4982,5.672
53.581000,5.2248,2.0672,-0.7026,5.663
53.582000,5.3186,1.8888,-0.8884,5.714
53.589000,5.4403,1.7529,-1.0934,5.819
53.590000,5.6501,1.6599,-1.2770,6.026
53.591000,5.8471,1.6502,-1.4029,6.235
53.593000,6.0767,1.6542,-1.5402,6.483
53.594000,6.2766,1.6506,-1.6719,6.702
53.595000,6.4585,1.6988,-1.6665,6.883
53.596000,6.6270,1.8466,-1.6506,7.075
53.597000,6.7965,2.0435,-1.5554,7.266
53.598000,6.9114,2.2821,-1.5481,7.441
53.599000,7.0341,2.4738,-1.4996,7.606
53.600000,7.1977,2.6209,-1.4506,7.796
53.601000,7.3562,2.7590,-1.3891,7.978
53.602000,7.5383,2.8977,-1.4013,8.197
53.602000,7.7746,3.0200,-1.3939,8.456
53.603000,7.9763,3.0372,-1.5987,8.683
53.604000,8.2744,3.0354,-1.5939,8.957
53.604000,8.6063,2.9161,-1.4280,9.198
53.605000,8.8308,2.6891,-1.5970,9.368
53.606000,9.0052,2.5001,-1.7056,9.500
53.606000,9.2297,2.3752,-1.6630,9.674
53.607000,9.4084,2.0869,-1.6660,9.780
53.608000,9.3618,1.8050,-1.7193,9.688
53.609000,9.1650,1.5704,-1.7297,9.458
53.610000,8.8970,1.3568,-1.8245,9.183
53.610000,8.5663,1.2007,-1.9434,8.866
53.611000,8.2685,1.0970,-2.1054,8.603
53.612000,7.9015,0.9913,-2.2170,8.266
53.614000,7.5733,0.9004,-2.3667,7.985
53.615000,7.2382,0.8433,-2.5060,7.706
53.616000,6.9016,0.8993,-2.5054,7.397
53.617000,6.4898,0.9681,-2.4250,6.995
53.618000,6.0193,1.1019,-2.3604,6.559
53.619000,5.6320,1.1984,-2.2999,6.200
53.619000,5.2154,1.3364,-2.1911,5.813
53.620000,4.8752,1.4636,-2.0912,5.503
53.621000,4.6759,1.6590,-2.1246,5.397
53.622000,4.4538,1.7973,-2.2451,5.302
53.623000,4.1972,1.8838,-2.2580,5.125
53.624000,4.0859,1.8613,-2.2183,5.008
53.625000,4.0042,1.7676,-2.2525,4.923
54.267000,4.0932,1.4612,-2.3738,4.952
54.268000,4.0906,1.2404,-2.4222,4.913
54.269000,4.0938,0.9870,-2.4237,4.859
54.270000,4.0615,0.7383,-2.4213,4.786
54.271000,3.9517,0.4380,-2.4320,4.661
54.272000,3.8619,0.1739,-2.3930,4.547
54.273000,3.7382,-0.1465,-2.3952,4.442
54.274000,3.6588,-0.4401,-2.3446,4.368
54.275000,3.5533,-0.7751,-2.2753,4.290
54.276000,3.4808,-1.1189,-2.1914,4.263
54.277000,3.3705,-1.4633,-2.0718,4.218
54.277000,3.1872,-1.7052,-1.9313,4.098
54.278000,3.0475,-1.9169,-1.8267,4.037
54.279000,2.9241,-2.1738,-1.6677,4.007
54.280000,2.7614,-2.3545,-1.4607,3.912
54.281000,2.5413,-2.5010,-1.1857,3.758
54.282000,2.3758,-2.5783,-0.8498,3.608
54.283000,2.2084,-2.5448,-0.6027,3.423
54.284000,1.9882,-2.5303,-0.2453,3.227
54.285000,1.7565,-2.4602,0.1325,3.026
54.286000,1.5731,-2.3154,0.4438,2.834
54.287000,1.4835,-2.1193,0.7518,2.694
54.288000,1.4343,-1.9521,1.0457,2.638
54.289000,1.3539,-1.7556,1.3811,2.612
54.289000,1.2562,-1.5666,1.6507,2.599
54.290000,1.1532,-1.4468,1.8579,2.622
54.291000,1.1016,-1.3589,2.0606,2.703
54.292000,1.0395,-1.2971,2.2380,2.788
54.293000,0.9517,-1.1814,2.3857,2.827
54.294000,0.8792,-1.0039,2.4717,2.809
54.295000,0.7973,-0.9164,2.6235,2.891
54.295000,0.7326,-0.7986,2.6893,2.899
54.296000,0.6700,-0.7282,2.7154,2.890
54.297000,0.5980,-0.6900,2.7492,2.897
54.298000,0.5542,-0.6778,2.7698,2.905
54.299000,0.5414,-0.6860,2.7815,2.916
54.300000,0.4655,-0.7040,2.7634,2.889
54.301000,0.4110,-0.7310,2.7513,2.876
54.302000,0.3627,-0.7537,2.7124,2.838
54.302000,0.2373,-0.8125,2.6847,2.815
54.303000,0.0519,-0.9020,2.6089,2.761
54.303000,-0.1674,-1.0233,2.5337,2.738
54.304000,-0.3866,-1.1158,2.4664,2.735
54.305000,-0.5910,-1.2435,2.3688,2.740
54.306000,-0.8096,-1.4453,2.2706,2.811
54.306000,-0.9964,-1.5699,2.1690,2.857
54.307000,-1.1393,-1.6813,2.0715,2.901
54.307000,-1.2841,-1.8214,1.9644,2.971
54.308000,-1.4495,-1.9965,1.9534,3.147
54.309000,-1.5896,-2.2155,1.9449,3.349
54.310000,-1.7552,-2.3933,1.9608,3.557
54.310000,-1.9121,-2.6481,1.9814,3.820
54.311000,-2.0847,-2.8493,1.9970,4.056
54.312000,-2.2417,-3.0129,2.0552,4.281
54.312000,-2.3566,-3.1773,2.1153,4.486
54.313000,-2.5274,-3.4182,2.1508,4.764
54.314000,-2.6969,-3.6026,2.3225,5.064
54.315000,-2.7785,-3.7318,2.4338,5.251
54.315000,-2.9162,-3.8445,2.5229,5.445
54.316000,-3.0283,-4.0138,2.5870,5.654
54.317000,-3.2156,-4.2217,2.7744,5.988
54.318000,-3.4370,-4.4042,2.9026,6.296
54.319000,-3.6427,-4.5719,2.9762,6.560
54.319000,-3.7679,-4.6643,3.0334,6.720
54.320000,-3.9586,-4.7666,3.0956,6.926
54.320000,-4.1552,-4.8896,3.1342,7.141
54.321000,-4.3358,-5.0292,3.1013,7.329
54.322000,-4.4960,-5.0956,2.9161,7.395
54.323000,-4.6259,-5.1694,2.8136,7.486
54.324000,-4.7997,-5.2762,2.7823,7.656
54.325000,-4.9434,-5.4818,2.7141,7.865
54.325000,-4.9805,-5.6932,2.6664,8.020
54.326000,-4.9927,-5.8997,2.5691,8.145
54.327000,-4.9824,-6.1295,2.3792,8.250
54.328000,-5.0048,-6.2984,2.1545,8.328
54.328000,-5.0741,-6.5177,1.9862,8.495
54.329000,-5.1403,-6.7817,1.8477,8.708
54.330000,-5.2366,-7.0803,1.7846,8.985
54.331000,-5.2557,-7.3005,1.7823,9.170
54.332000,-5.2479,-7.5243,1.7972,9.348
54.332000,-5.3687,-7.6764,1.6525,9.512
54.333000,-5.5510,-7.7982,1.7626,9.733
54.334000,-5.8020,-7.9147,1.9019,9.996
54.334000,-6.0381,-7.9973,2.0102,10.220
54.335000,-6.2833,-8.1424,2.2211,10.522
54.336000,-6.4945,-8.2947,2.4361,10.813
54.337000,-6.6433,-8.3385,2.6953,10.997
54.338000,-6.8160,-8.3284,2.8641,11.137
54.339000,-7.0291,-8.2046,2.8334,11.169
54.339000,-7.1748,-8.0770,2.8676,11.178
54.340000,-7.2365,-7.9953,2.8203,11.147
54.341000,-7.1900,-7.8780,2.7151,11.006
54.342000,-6.9828,-7.7730,2.5642,10.759
54.343000,-6.6507,-7.7312,2.3377,10.463
54.343000,-6.1627,-7.6979,2.1509,10.093
54.345000,-5.5884,-7.5737,1.9587,9.614
54.346000,-5.5828,-7.5174,1.9238,9.559
54.348000,-5.5763,-7.4562,1.8908,9.501
54.350000,-5.5688,-7.3909,1.8591,9.439
54.352000,-5.5605,-7.3227,1.8289,9.375
54.353000,-5.5512,-7.2528,1.8008,9.309
54.353000,-5.5410,-7.1803,1.7749,9.242
54.354000,-5.5296,-7.1056,1.7516,9.172
54.355000,-5.5171,-7.0287,1.7312,9.102
54.355000,-5.5034,-6.9488,1.7128,9.028
54.357000,-5.4886,-6.8659,1.6959,8.952
54.357000,-5.4725,-6.7801,1.6799,8.874
54.358000,-5.4552,-6.6899,1.6636,8.791
54.359000,-5.4365,-6.5957,1.6463,8.705
54.359000,-5.4161,-6.4957,1.6275,8.613
54.360000,-5.3940,-6.3904,1.6071,8.516
54.361000,-5.3699,-6.2797,1.5853,8.413
54.362000,-5.3438,-6.1650,1.5621,8.307
54.362000,-5.3154,-6.0451,1.5378,8.195
54.363000,-5.2846,-5.9211,1.5125,8.079
54.363000,-5.2515,-5.7935,1.4863,7.959
54.364000,-1.2490,-4.8505,1.8519,5.340
54.365000,-0.3320,-4.6325,1.9072,5.021
54.365000,0.1404,-4.4675,1.8440,4.835
54.366000,0.6241,-4.3496,1.7669,4.736
54.366000,1.1120,-4.2744,1.5994,4.697
54.367000,1.5198,-4.2049,1.4477,4.700
54.367000,1.9056,-4.1257,1.2995,4.727
54.368000,2.2426,-4.0473,1.0808,4.752
54.368000,2.5520,-3.9496,0.8329,4.776
54.369000,2.7911,-3.9127,0.5751,4.840
54.369000,2.9096,-3.8652,0.3127,4.848
54.370000,3.0077,-3.7509,0.0960,4.809
54.371000,3.1125,-3.5938,-0.1260,4.756
54.372000,3.1389,-3.3804,-0.3506,4.626
54.372000,3.1234,-3.1260,-0.6237,4.463
54.373000,2.9971,-2.8921,-0.8567,4.252
54.374000,2.8503,-2.7277,-0.8684,4.040
54.374000,2.7601,-2.4877,-0.8853,3.820
54.375000,2.5851,-2.2158,-0.9537,3.536
54.375000,2.4425,-1.9000,-1.0567,3.270
54.376000,2.3653,-1.5150,-1.0224,2.989
54.377000,2.2656,-1.1191,-0.9084,2.685
54.377000,2.1735,-0.7427,-0.7604,2.420
54.378000,2.1570,-0.3365,-0.5380,2.248
54.378000,2.2196,0.0048,-0.3419,2.246
54.379000,2.2877,0.2774,-0.1867,2.312
54.379000,2.3346,0.4905,-0.1516,2.390
54.380000,2.3524,0.7458,-0.1908,2.475
54.380000,2.4898,1.0300,-0.0132,2.694
54.381000,2.6457,1.2105,0.0241,2.910
54.381000,2.7334,1.3803,-0.0282,3.062
54.382000,2.7701,1.6596,-0.0956,3.231
54.382000,2.7505,1.8751,-0.1028,3.330
54.383000,2.6741,2.0385,-0.0989,3.364
54.384000,2.5418,2.1915,-0.0311,3.356
54.384000,2.4342,2.3717,-0.0254,3.399
54.385000,2.3353,2.4700,-0.0600,3.400
54.387000,2.2303,2.5484,-0.0481,3.387
54.392000,2.1380,2.5708,-0.0993,3.345
54.398000,2.0282,2.6004,-0.2208,3.305
54.402000,1.9072,2.5601,-0.3116,3.208
54.406000,1.7734,2.5392,-0.5200,3.141
54.414000,1.6626,2.5044,-0.7186,3.091
54.416000,1.5770,2.4674,-0.9020,3.064
54.423000,1.4242,2.3887,-1.0944,2.989
54.428000,1.3139,2.3111,-1.2166,2.924
54.431000,1.2853,2.1757,-1.3430,2.862
54.438000,1.2616,2.0233,-1.4332,2.782
54.441000,1.2549,1.9878,-1.5206,2.800
54.448000,1.3281,1.9839,-1.5530,2.848
54.452000,1.4211,1.9944,-1.5519,2.899
54.457000,1.4834,2.0239,-1.5130,2.930
54.462000,1.5350,2.0635,-1.4984,2.976
54.662000,1.7262,2.1057,-1.4510,3.085
54.663000,1.9608,2.1933,-1.2851,3.210
54.664000,2.2394,2.3003,-1.1254,3.402
54.665000,2.5299,2.4737,-0.9580,3.666
54.666000,2.8110,2.6108,-0.7687,3.913
54.667000,3.1229,2.7758,-0.5268,4.211
54.668000,3.4169,2.9585,-0.3522,4.533
54.669000,3.6982,3.1064,-0.1948,4.834
54.670000,3.9231,3.1833,-0.0216,5.052
54.672000,4.1366,3.3038,0.0167,5.294
54.674000,4.4037,3.4083,0.2809,5.576
56.262000,4.6772,3.4966,0.4182,5.855
56.267000,4.7497,3.6001,0.2904,5.967
56.268000,4.7913,3.6679,0.1824,6.037
56.270000,4.7885,3.7079,0.1374,6.058
56.271000,4.9104,3.7101,0.0860,6.155
56.272000,5.0619,3.6632,-0.0602,6.249
56.273000,5.1758,3.6028,-0.1598,6.308
56.275000,5.2998,3.5122,-0.3249,6.366
56.276000,5.4485,3.4205,-0.4693,6.450
56.277000,5.6453,3.3105,-0.6665,6.578
56.279000,5.8524,3.2017,-0.8641,6.727
56.280000,5.9548,3.0487,-1.0066,6.765
56.281000,6.0121,2.8776,-1.0819,6.753
56.287000,6.0753,2.7822,-1.1213,6.776
56.288000,6.2181,2.7048,-1.2057,6.887
56.289000,6.3307,2.7221,-1.2371,7.001
56.290000,6.4584,2.8316,-1.2632,7.164
56.292000,6.6273,2.9301,-1.2504,7.353
56.293000,6.8230,3.0894,-1.2327,7.591
56.295000,6.9493,3.2757,-1.2599,7.785
56.296000,7.0417,3.5029,-1.3535,7.980
56.297000,7.1549,3.6656,-1.4844,8.175
56.297000,7.3103,3.7735,-1.6188,8.384
56.298000,7.5358,3.7878,-1.6821,8.600
56.299000,7.7907,3.7159,-1.7700,8.811
56.300000,7.9861,3.5792,-1.8224,8.939
56.302000,8.1671,3.3656,-1.9134,9.038
56.303000,8.2740,3.1252,-1.9307,9.053
56.304000,8.1969,2.8200,-2.0133,8.899
56.304000,8.1420,2.5050,-1.8861,8.725
56.305000,8.1267,2.1473,-1.7152,8.579
56.306000,8.0435,1.7922,-1.7140,8.417
56.308000,7.9553,1.5168,-1.7195,8.279
56.309000,7.8449,1.2871,-1.7678,8.144
56.310000,7.6079,1.0771,-1.8085,7.894
56.311000,7.3614,0.8317,-1.8918,7.646
56.313000,7.1568,0.6020,-1.9815,7.450
56.314000,6.9506,0.4379,-2.0774,7.268
56.315000,6.7338,0.3037,-2.0955,7.059
56.316000,6.5304,0.1877,-2.0717,6.854
56.317000,6.2980,0.1163,-2.0181,6.614
56.318000,6.0242,0.1419,-1.8367,6.300
56.319000,5.6830,0.1880,-1.6021,5.908
56.321000,5.3206,0.3171,-1.3863,5.507
56.322000,4.9846,0.4883,-1.0990,5.128
56.323000,4.6657,0.7161,-0.9248,4.810
56.325000,4.3427,0.9290,-0.8080,4.514
56.326000,4.1250,1.1169,-0.6557,4.324
56.327000,4.0198,1.2441,-0.5658,4.246
56.328000,3.9195,1.3801,-0.4856,4.184
56.329000,3.8853,1.3998,-0.5415,4.165
56.330000,3.8962,1.4017,-0.6567,4.192
56.330000,3.8747,1.3325,-0.7039,4.157
56.331000,3.8377,1.1781,-0.8001,4.093
56.332000,3.8092,1.0054,-0.9160,4.045
56.332000,3.7249,0.8101,-1.0419,3.952
56.333000,3.6347,0.5486,-1.1989,3.866
56.334000,3.5773,0.3003,-1.3578,3.838
56.335000,3.5075,0.0558,-1.5110,3.819
56.336000,3.4710,-0.2227,-1.6347,3.843
56.336000,3.4339,-0.5287,-1.7374,3.885
56.337000,3.3923,-0.8253,-1.8289,3.941
56.338000,3.3338,-1.1250,-1.8636,3.982
56.338000,3.2737,-1.3816,-1.8893,4.024
56.339000,3.2163,-1.6456,-1.8434,4.056
56.339000,3.1794,-1.8707,-1.7767,4.094
56.340000,3.1169,-2.0219,-1.6671,4.072
56.341000,3.0438,-2.1201,-1.5389,4.016
56.342000,2.9819,-2.1508,-1.3211,3.907
56.342000,2.9377,-2.1029,-0.9894,3.746
56.343000,2.8690,-2.0163,-0.6076,3.559
56.344000,2.8156,-1.9065,-0.3430,3.418
56.345000,2.7182,-1.7465,-0.0148,3.231
56.346000,2.5835,-1.5780,0.3289,3.045
56.346000,2.4308,-1.3957,0.5837,2.863
56.347000,2.2622,-1.1932,0.9361,2.723
56.348000,2.0776,-0.9774,1.1672,2.576
56.349000,1.9344,-0.7772,1.3700,2.495
56.349000,1.8014,-0.5520,1.5774,2.457
56.350000,1.6586,-0.3721,1.7493,2.439
56.351000,1.5161,-0.2200,1.9467,2.477
56.351000,1.3802,-0.0921,2.0838,2.501
56.352000,1.2775,0.0144,2.1793,2.526
56.352000,1.2389,0.0782,2.2590,2.578
56.353000,1.1563,0.1101,2.3145,2.590
56.354000,1.0540,0.0655,2.3187,2.548
56.354000,1.0248,-0.0399,2.2965,2.515
56.354000,0.9037,-0.1579,2.3244,2.499
56.355000,0.7057,-0.2807,2.2728,2.396
56.355000,0.4829,-0.4311,2.2647,2.355
56.356000,0.2171,-0.5860,2.2067,2.293
56.357000,-0.0275,-0.7440,2.0828,2.212
56.358000,-0.2215,-0.9187,1.9675,2.183
56.358000,-0.4053,-1.1068,1.8922,2.229
56.359000,-0.5767,-1.3358,1.7456,2.272
56.360000,-0.7593,-1.5737,1.6066,2.374
56.360000,-0.9457,-1.8418,1.4923,2.552
56.361000,-1.1186,-2.0604,1.3883,2.725
56.362000,-1.3000,-2.3143,1.3190,2.964
56.362000,-1.4727,-2.5739,1.3367,3.253
56.363000,-1.6078,-2.7738,1.3431,3.476
56.364000,-1.6962,-2.9847,1.4268,3.718
56.364000,-1.8141,-3.1723,1.4633,3.936
56.365000,-1.9994,-3.3621,1.5053,4.191
56.365000,-2.1519,-3.5410,1.7017,4.479
56.366000,-2.2523,-3.7416,1.9276,4.774
56.367000,-2.3816,-3.9101,2.0818,5.029
56.368000,-2.4734,-4.0671,2.3414,5.305
56.368000,-2.5489,-4.2061,2.5857,5.556
56.369000,-2.6613,-4.3982,2.7287,5.820
56.370000,-2.8699,-4.5010,2.8539,6.053
56.370000,-3.0648,-4.5290,3.0499,6.262
56.371000,-3.2266,-4.6152,3.2302,6.492
56.372000,-3.3700,-4.6792,3.3427,6.665
56.373000,-3.4734,-4.7323,3.5278,6.849
56.373000,-3.5419,-4.8651,3.6371,7.032
56.374000,-3.6805,-4.9286,3.6704,7.163
56.376000,-3.8130,-5.0222,3.6901,7.306
56.376000,-3.9225,-5.1371,3.7243,7.460
56.377000,-4.0094,-5.2455,3.7636,7.600
56.378000,-4.0879,-5.3468,3.6715,7.667
56.379000,-4.0960,-5.4570,3.5770,7.704
56.380000,-4.1487,-5.5393,3.4926,7.752
56.380000,-4.1885,-5.6880,3.3392,7.813
56.381000,-4.1917,-5.8637,3.2055,7.889
56.382000,-4.1655,-6.0274,3.0292,7.928
56.383000,-4.1578,-6.2717,2.8054,8.031
56.383000,-4.1424,-6.5210,2.6422,8.165
56.384000,-4.1217,-6.8148,2.5057,8.349
56.385000,-4.2250,-7.0870,2.4483,8.606
56.385000,-4.2921,-7.2723,2.4553,8.794
56.386000,-4.4688,-7.3580,2.4807,8.959
56.387000,-4.7026,-7.3664,2.5151,9.094
56.387000,-4.8976,-7.3757,2.5754,9.221
56.388000,-5.0970,-7.4593,2.6882,9.426
56.389000,-5.2385,-7.5255,2.8082,9.590
56.389000,-5.2554,-7.5795,2.9494,9.683
56.390000,-5.1766,-7.6589,3.1785,9.775
56.391000,-5.2034,-7.6924,2.9902,9.756
56.391000,-5.2827,-7.6509,2.9264,9.747
56.392000,-5.3334,-7.6381,2.9627,9.776
56.393000,-5.3173,-7.7222,2.9458,9.828
56.393000,-5.2966,-7.8435,2.9016,9.899
56.394000,-5.1925,-7.9538,2.8687,9.922
56.395000,-5.1245,-8.0628,2.7798,9.950
56.395000,-5.0235,-8.1348,2.6826,9.930
56.396000,-4.9513,-8.1054,2.5704,9.840
56.396000,-4.9581,-7.9700,2.4580,9.703
56.397000,-4.9241,-7.8984,2.3605,9.602
56.398000,-4.8084,-7.7948,2.2374,9.428
56.399000,-4.5225,-7.6834,2.0041,9.138
56.399000,-4.1286,-7.5524,1.8284,8.799
56.400000,-3.7439,-7.4793,1.6992,8.535
56.401000,-3.4593,-7.4074,1.5254,8.316
56.402000,-3.3321,-7.2869,1.3407,8.124
56.402000,-3.3382,-7.1034,1.1419,7.931
56.403000,-3.4726,-6.9336,0.9842,7.817
56.403000,-3.5773,-6.7840,0.9454,7.727
56.404000,-3.6236,-6.5417,0.9940,7.544
56.405000,-3.7932,-6.3456,0.9384,7.452
56.405000,-3.9949,-6.0724,0.9194,7.327
56.406000,-4.1878,-5.7945,1.0144,7.221
56.406000,-4.2975,-5.5961,1.0243,7.130
56.406000,-4.3452,-5.3098,0.9485,6.926
56.407000,-4.2615,-4.9719,0.8503,6.603
56.408000,-4.0485,-4.7131,0.6871,6.251
56.408000,-3.6538,-4.5303,0.5082,5.842
56.409000,-3.1514,-4.4295,0.3781,5.449
56.409000,-2.5200,-4.3190,0.2036,5.005
56.410000,-1.8940,-4.1860,-0.0173,4.595
56.411000,-1.2371,-4.0997,-0.2230,4.288
56.412000,-0.6384,-4.0519,-0.4519,4.127
56.412000,-0.0283,-3.9716,-0.7081,4.034
56.413000,0.4445,-3.8866,-0.9053,4.015
56.413000,0.8402,-3.7934,-1.0814,4.033
56.414000,1.2230,-3.7180,-1.2215,4.100
56.414000,1.5096,-3.6568,-1.3859,4.192
56.415000,1.6854,-3.5912,-1.4958,4.240
56.415000,1.9655,-3.4292,-1.5370,4.241
56.416000,2.1610,-3.1819,-1.6368,4.180
56.416000,2.3837,-3.0475,-1.8816,4.302
56.417000,2.5505,-3.0695,-2.2013,4.558
56.418000,2.7113,-2.8755,-2.1536,4.501
56.418000,2.8296,-2.5914,-2.3096,4.478
56.418000,2.9631,-2.1663,-2.4281,4.401
56.419000,3.1082,-1.8417,-2.4746,4.379
56.419000,3.1050,-1.5780,-2.5288,4.304
56.420000,3.0033,-1.2946,-2.4195,4.068
56.420000,2.8770,-0.9682,-2.3343,3.829
56.421000,2.7505,-0.6786,-2.1705,3.569
56.422000,2.7406,-0.3499,-1.9787,3.398
56.422000,2.7106,-0.0254,-1.7041,3.202
56.423000,2.6456,0.2704,-1.3896,3.001
56.423000,2.6227,0.5194,-1.1311,2.903
56.424000,2.5766,0.7997,-0.8279,2.822
56.425000,2.5102,1.0858,-0.5302,2.786
56.425000,2.4039,1.3149,-0.3118,2.758
56.425000,2.2077,1.4997,-0.1294,2.672
56.426000,2.0292,1.5632,0.0367,2.562
56.426000,1.7637,1.5906,0.1052,2.377
56.426000,1.6338,1.7804,0.2303,2.427
56.427000,1.5146,1.9765,0.1490,2.495
56.427000,1.2584,1.9310,0.0108,2.305
56.428000,0.9873,1.9337,-0.0521,2.172
56.428000,0.8934,1.9977,-0.1543,2.194
56.428000,0.9833,2.0363,-0.3028,2.281
56.429000,1.0899,2.0359,-0.3920,2.342
56.429000,1.2268,2.0197,-0.4267,2.401
56.429000,1.3133,1.8591,-0.2806,2.293
56.429000,1.4376,2.0661,-0.2816,2.533
56.430000,1.6785,2.2740,-0.0704,2.827
56.430000,1.8251,2.2552,0.0242,2.901
56.431000,2.0501,2.2070,0.0290,3.012
56.431000,2.4325,2.2585,0.2124,3.326
56.432000,2.8376,2.3730,0.3679,3.717
56.433000,3.2149,2.5192,0.3899,4.103
56.433000,3.5307,2.6800,0.5081,4.462
56.435000,3.9282,2.8644,0.6356,4.903
56.436000,4.4239,2.9721,0.7095,5.377
56.436000,5.0555,3.2607,0.8445,6.075
56.437000,5.3703,3.8227,1.2621,6.712
56.437000,6.0735,4.2553,1.1592,7.506
56.438000,6.7216,4.5721,0.8633,8.175
56.438000,7.4507,5.0551,0.9689,9.056
56.439000,8.3434,5.6336,1.1883,10.137
56.439000,9.3029,6.2175,1.1854,11.252
56.439000,10.1775,6.8223,1.1858,12.310
56.440000,10.9639,7.3413,1.3089,13.260
56.441000,11.6548,7.7666,1.5064,14.086
56.441000,12.1663,8.0497,1.6285,14.679
56.442000,12.4201,8.2075,1.5767,14.970
56.442000,12.3951,8.2227,1.3861,14.939
56.442000,12.0306,8.0867,1.0522,14.534
56.443000,11.3105,7.7368,0.4630,13.711
56.443000,10.4193,7.3648,-0.1028,12.760
56.444000,9.4178,6.9063,-0.6094,11.695
56.445000,8.3208,6.3077,-0.9797,10.487
56.445000,7.2274,5.6679,-0.9619,9.235
56.446000,6.3092,4.9661,-0.7924,8.068
56.446000,5.6325,4.3343,-0.6901,7.141
56.447000,5.1871,3.7549,-0.5267,6.425
56.447000,4.7705,3.2658,-0.2990,5.789
56.447000,4.3632,2.8371,0.1646,5.207
56.448000,3.9947,2.4469,0.7557,4.745
56.448000,3.5855,2.1197,1.2921,4.361
56.449000,3.1889,1.8050,1.8361,4.099
56.449000,2.8737,1.5043,2.5124,4.103
56.449000,2.6092,1.2955,3.1938,4.323
56.450000,2.3090,1.1454,3.7717,4.568
56.451000,2.1859,0.9809,4.2293,4.861
56.451000,2.2985,0.9175,4.6548,5.272
56.452000,2.6728,0.9371,5.1630,5.889
56.452000,3.2164,1.0179,5.4012,6.368
56.453000,3.6537,1.0061,5.5767,6.743
56.453000,3.9243,0.8962,5.5859,6.885
56.454000,4.0707,0.7578,5.6269,6.986
56.454000,4.1242,0.5513,5.6859,7.046
56.455000,4.1351,0.3158,5.7628,7.100
56.456000,4.1139,0.0212,5.7579,7.077
56.456000,4.0204,-0.2591,5.5860,6.887
56.456000,3.8194,-0.5450,5.4195,6.652
56.457000,3.6099,-0.7769,5.1927,6.372
56.458000,3.4161,-0.9628,4.8106,5.978
56.458000,3.3148,-1.0708,4.3217,5.551
56.459000,3.3129,-1.1955,3.9400,5.285
56.459000,3.2955,-1.3695,3.5520,5.035
56.460000,3.3487,-1.4965,3.1109,4.809
56.460000,3.5463,-1.6101,2.6844,4.730
56.461000,3.7014,-1.7313,2.1566,4.620
56.461000,3.8785,-1.7896,1.6704,4.587
56.461000,4.0128,-1.8086,1.3324,4.599
56.462000,3.9508,-1.8721,1.2299,4.542
56.462000,3.7051,-2.0295,1.1959,4.391
56.463000,3.4648,-2.1813,1.0755,4.233
56.463000,3.2775,-2.3309,0.8791,4.117
56.464000,3.0526,-2.4790,0.7062,3.995
56.464000,2.7972,-2.6507,0.6049,3.901
56.465000,2.5660,-2.8494,0.5736,3.877
56.465000,2.4098,-3.0042,0.6106,3.899
56.466000,2.3305,-3.1353,0.7835,3.984
56.466000,2.3840,-3.3111,0.9300,4.185
56.467000,2.5505,-3.4378,1.3686,4.494
56.467000,2.7086,-3.6098,1.9741,4.926
56.468000,2.7050,-3.7987,2.4500,5.268
56.468000,2.6363,-3.9848,2.7261,5.501
56.469000,2.5739,-4.1460,2.8901,5.672
56.469000,2.5006,-4.3496,2.8998,5.795
56.470000,2.6003,-4.6167,2.8113,5.998
56.470000,2.6035,-4.9010,2.6088,6.132
56.471000,2.5596,-5.1209,2.2920,6.167
56.471000,2.4315,-5.3977,1.9889,6.245
56.472000,2.1369,-5.6616,1.6819,6.281
56.472000,1.7469,-5.9530,1.4016,6.360
56.473000,1.2833,-6.1554,1.0422,6.374
56.473000,0.7556,-6.3081,0.5954,6.381
56.474000,0.2665,-6.4356,0.1569,6.443
56.475000,-0.1594,-6.5105,-0.2500,6.517
56.475000,-0.5765,-6.5028,-0.5595,6.552
56.476000,-1.0301,-6.5471,-0.7244,6.667
56.476000,-1.5001,-6.5653,-0.8397,6.787
56.477000,-1.8876,-6.5957,-0.9116,6.921
56.477000,-2.1025,-6.4598,-0.9045,6.853
56.478000,-1.9343,-6.1975,-0.8244,6.544
56.478000,-1.2734,-5.9623,-0.8176,6.151
56.478000,-0.3186,-5.6296,-0.8109,5.697
56.479000,0.7066,-5.3870,-0.6169,5.468
56.479000,1.5742,-5.2615,-0.3116,5.501
56.480000,2.2943,-5.1331,-0.1295,5.624
56.480000,2.8736,-4.8708,-0.0932,5.656
56.481000,3.3004,-4.5314,-0.3120,5.615
56.481000,3.4882,-4.1311,-0.4719,5.427
56.482000,3.3870,-3.7450,-0.5270,5.077
56.482000,3.1723,-3.5104,-0.5431,4.762
56.483000,2.9904,-3.3934,-0.6500,4.569
56.483000,2.9402,-3.3546,-0.6264,4.504
56.484000,2.9610,-3.4169,-0.3670,4.536
56.484000,3.0990,-3.5768,0.0914,4.734
56.485000,3.4635,-3.6693,0.5339,5.074
56.486000,3.9106,-3.6396,1.0568,5.446
56.486000,4.1601,-3.6776,1.7445,5.820
56.487000,4.0867,-3.9820,2.4889,6.225
56.487000,3.7695,-4.2853,3.1759,6.531
56.488000,3.2981,-4.5946,3.5785,6.693
56.489000,2.7219,-4.8651,3.8563,6.779
56.489000,2.7653,-4.9680,3.8570,6.871
56.490000,2.8054,-5.0798,3.8659,6.973
56.490000,2.8432,-5.2016,3.8831,7.087
56.491000,2.8785,-5.3307,3.9080,7.209
56.491000,2.9114,-5.4672,3.9409,7.341
56.492000,2.9414,-5.6079,3.9813,7.480
56.492000,2.9691,-5.7543,4.0296,7.627
56.492000,2.9954,-5.9043,4.0845,7.779
56.493000,3.0239,-6.0599,4.1445,7.940
56.493000,3.0574,-6.2176,4.2058,8.105
56.494000,3.0960,-6.3770,4.2681,8.274
56.494000,3.1361,-6.5335,4.3317,8.443
56.494000,3.1757,-6.6866,4.3979,8.610
56.495000,3.2138,-6.8326,4.4646,8.772
56.495000,3.2519,-6.9726,4.5311,8.929
56.496000,3.2908,-7.1055,4.5953,9.079
56.496000,-0.9394,-4.6197,-3.3141,5.763
56.496000,-1.0464,-4.4219,-3.8828,5.977
56.497000,-1.8907,-4.2614,-5.1184,6.923
56.497000,-2.3787,-4.2734,-5.6786,7.494
56.498000,-2.5946,-4.3061,-5.9636,7.800
56.498000,-2.4045,-4.2974,-6.3449,8.032
56.498000,-2.0228,-4.1836,-6.7064,8.159
56.499000,-1.7125,-4.0096,-6.7887,8.068
56.499000,-1.5896,-3.9032,-6.2985,7.578
56.500000,-1.6359,-3.8998,-5.4652,6.910
56.500000,-1.7917,-3.9723,-4.5407,6.293
56.500000,-1.9574,-4.0406,-3.7432,5.845
56.501000,-2.1130,-4.1439,-3.0131,5.542
56.501000,-2.2748,-4.2690,-2.3326,5.370
56.502000,-2.4327,-4.4241,-1.8048,5.362
56.502000,-2.5378,-4.7349,-1.2568,5.517
56.503000,-2.7204,-5.3570,-0.7211,6.051
56.503000,-2.7010,-4.9607,-0.7249,5.695
56.504000,-2.7398,-4.5784,-0.9231,5.415
56.505000,-2.8808,-4.4846,-1.6311,5.574
56.505000,-2.8723,-4.3795,-2.6537,5.871
56.506000,-2.7444,-4.1548,-3.5109,6.093
56.506000,-2.5306,-3.9150,-4.2122,6.283
56.506000,-2.3348,-3.7074,-4.7091,6.432
56.507000,-2.2096,-3.6126,-5.1246,6.648
56.508000,-2.1090,-3.5511,-5.5362,6.907
56.508000,-1.9360,-3.4049,-5.8436,7.035
56.508000,-1.6605,-3.1283,-5.9585,6.932
56.509000,-1.2964,-2.8819,-5.8050,6.609
56.509000,-0.9466,-2.7523,-5.4165,6.149
56.510000,-0.4742,-2.5727,-4.9674,5.614
56.511000,0.1848,-2.4733,-4.3685,5.023
56.511000,0.9205,-2.1995,-3.6954,4.398
56.512000,1.6910,-1.8008,-2.8520,3.773
56.512000,2.3716,-1.5177,-1.9964,3.452
56.513000,2.7900,-1.3299,-1.2718,3.342
56.513000,2.9285,-1.3768,-0.8071,3.335
56.513000,2.8622,-1.5460,-0.4919,3.290
56.514000,2.7045,-1.7751,-0.2861,3.248
56.514000,2.4879,-2.0063,-0.2140,3.203
56.515000,2.1557,-2.1983,-0.3194,3.095
56.515000,1.7245,-2.4651,-0.5956,3.067
56.516000,1.3295,-2.6745,-1.0038,3.151
56.517000,1.4145,-2.5596,-1.6834,3.374
56.518000,2.1574,-1.9288,-2.4047,3.763
56.518000,3.2783,-0.7151,-2.7537,4.341
56.519000,3.9794,0.2067,-2.7986,4.869
56.519000,3.9560,0.2260,-3.1943,5.090
56.520000,3.9089,-0.0533,-3.7079,5.388
57.266000,3.9972,0.0263,-4.2211,5.813
57.269000,3.9335,0.1974,-4.5576,6.024
57.270000,3.5150,0.1379,-4.7782,5.933
57.272000,2.9222,-0.1447,-4.8426,5.658
57.273000,2.3205,-0.4431,-4.9390,5.475
57.274000,1.7192,-0.6041,-5.1464,5.459
57.276000,1.2803,-0.6385,-5.1808,5.375
57.277000,0.9414,-0.5864,-5.2467,5.363
57.278000,0.6135,-0.6080,-5.3702,5.439
57.281000,0.2164,-0.6577,-5.3135,5.358
57.282000,0.2183,-0.6355,-5.1526,5.196
57.285000,0.5831,-0.5171,-4.8632,4.925
57.286000,1.1436,-0.3244,-4.3237,4.484
57.287000,1.7193,-0.2183,-3.5896,3.986
57.288000,2.3203,-0.2002,-2.8228,3.660
57.289000,2.8034,-0.0248,-2.0388,3.466
57.289000,2.9627,0.0385,-1.1833,3.190
57.290000,2.8161,-0.0884,-0.1796,2.823
57.291000,2.3006,-0.3425,0.9827,2.525
57.291000,1.5145,-0.7922,2.1201,2.723
57.292000,0.5588,-1.2904,3.2143,3.508
57.292000,-0.4740,-1.8278,4.1404,4.551
57.293000,-1.5636,-2.5198,4.8667,5.699
57.294000,-2.5089,-3.0973,5.3309,6.656
57.295000,-3.3145,-3.5312,5.4755,7.310
57.295000,-3.8903,-3.7978,5.3410,7.621
57.296000,-4.2511,-3.9478,5.1007,7.725
57.297000,-4.3626,-3.8822,4.8509,7.592
57.299000,-4.2371,-3.7165,4.6187,7.287
57.300000,-3.9207,-3.5363,4.3175,6.820
57.301000,-3.3634,-3.3047,3.9438,6.147
57.302000,-2.5531,-3.0075,3.4799,5.261
57.303000,-1.6171,-2.6397,2.8872,4.233
57.304000,-0.7063,-2.1877,2.0705,3.094
57.305000,0.2990,-1.5827,1.1230,1.964
57.306000,1.2642,-0.7998,0.3198,1.530
57.306000,1.9546,-0.2511,-0.2788,1.990
57.307000,2.3098,0.0600,-0.7995,2.445
57.308000,2.3887,0.2482,-1.0276,2.612
57.309000,2.1911,0.2506,-0.9116,2.386
57.309000,1.7312,0.1145,-0.4667,1.797
57.310000,0.9059,-0.3748,-0.0015,0.980
57.311000,0.1632,-0.8104,0.2732,0.871
57.312000,-0.3352,-1.1530,0.2852,1.234
57.313000,-0.6445,-1.4311,-0.0400,1.570
57.313000,-0.7668,-1.6051,-0.5017,1.848
57.314000,-0.7280,-1.6889,-1.0159,2.101
57.314000,-0.6542,-1.7506,-1.6672,2.504
57.315000,-0.4543,-1.8110,-2.3953,3.037
57.315000,-0.3314,-1.8195,-3.0439,3.562
57.316000,-0.2735,-1.7835,-3.6009,4.028
57.317000,-0.2934,-1.8061,-4.1754,4.559
57.317000,-0.2866,-1.8636,-4.6246,4.994
57.318000,-0.2230,-1.8677,-4.9878,5.331
57.319000,-0.2373,-1.9026,-5.3617,5.694
57.319000,-0.2728,-1.8181,-5.5840,5.879
57.320000,-0.3470,-1.6314,-5.7534,5.990
57.321000,-0.4915,-1.4195,-5.8166,6.007
57.321000,-0.5442,-1.1034,-5.6795,5.811
57.322000,-0.2714,-0.6832,-5.3204,5.371
57.322000,0.3122,-0.2503,-4.8346,4.851
57.323000,0.9896,0.2018,-4.3506,4.466
57.324000,1.7013,0.5646,-3.8006,4.202
57.325000,2.5297,0.9116,-3.4089,4.342
57.325000,3.3195,1.2875,-2.9926,4.651
57.326000,3.9999,1.5123,-2.5057,4.956
57.327000,4.5219,1.6765,-2.1111,5.265
57.328000,4.4880,1.6717,-2.0646,5.215
57.329000,4.4576,1.6628,-2.0134,5.166
57.329000,4.4302,1.6501,-1.9570,5.117
57.330000,4.4033,1.6343,-1.8935,5.064
57.331000,4.3749,1.6163,-1.8211,5.007
57.332000,3.0465,0.8191,-2.3116,3.911
57.332000,3.3807,0.6282,-0.8021,3.531
57.333000,3.4175,0.5480,0.3097,3.475
57.334000,3.4779,0.4844,1.3266,3.754
57.335000,3.5408,0.5350,2.4081,4.315
57.336000,3.5567,0.5508,3.7729,5.214
57.336000,3.6000,0.5023,5.1683,6.319
57.337000,3.7026,0.4712,6.4358,7.440
57.338000,3.8293,0.4568,7.4400,8.380
57.338000,3.9424,0.4622,8.3240,9.222
57.339000,4.0104,0.4969,9.1206,9.976
57.340000,3.8938,0.3775,9.3098,10.098
57.340000,3.4788,0.1093,9.0626,9.708
57.341000,2.7817,-0.3533,8.4340,8.888
57.342000,1.9044,-0.8074,7.6481,7.923
57.343000,1.0807,-1.1587,6.8970,7.077
57.343000,0.4141,-1.3960,6.1969,6.366
57.344000,-0.0387,-1.4904,5.4122,5.614
57.345000,-0.2821,-1.4481,4.6070,4.837
57.346000,-0.3505,-1.4149,3.9194,4.182
57.346000,-0.3989,-1.3938,3.3827,3.680
57.347000,-0.5027,-1.4299,3.0056,3.366
57.347000,-0.6159,-1.4448,2.5967,3.035
57.348000,-0.7543,-1.4191,2.3358,2.835
57.348000,-0.9242,-1.4057,2.0605,2.660
57.349000,-1.2579,-1.4742,1.7741,2.627
57.349000,-1.6197,-1.6460,1.4791,2.742
57.350000,-1.8596,-1.8372,1.1746,2.866
57.351000,-1.9172,-1.8206,0.8249,2.770
57.351000,-1.8218,-1.7071,0.3360,2.519
57.352000,-1.6718,-1.6361,-0.1931,2.347
57.352000,-1.5186,-1.5221,-0.6283,2.240
57.353000,-1.4553,-1.3946,-0.8012,2.169
57.353000,-1.5944,-1.4719,-1.0049,2.391
57.354000,-1.7293,-1.5721,-1.1747,2.616
57.355000,-1.9185,-1.6186,-1.1893,2.778
57.355000,-2.1943,-1.5876,-1.1806,2.955
57.356000,-2.4427,-1.6416,-1.0740,3.133
57.356000,-2.6019,-1.7233,-0.8221,3.227
57.357000,-2.6909,-1.8418,-0.6289,3.321
57.358000,-2.6869,-2.0309,-0.3689,3.388
57.358000,-2.6611,-2.1660,-0.1792,3.436
57.358000,-2.7004,-2.2518,-0.0267,3.516
57.359000,-2.7670,-2.3077,0.0119,3.603
57.359000,-2.8819,-2.3357,0.0076,3.710
57.360000,-2.9739,-2.3791,-0.0472,3.809
57.360000,-2.9597,-2.4356,-0.2150,3.839
57.361000,-2.9251,-2.4335,-0.3684,3.823
57.362000,-2.9271,-2.5239,-0.4001,3.886
57.362000,-3.0950,-2.6926,-0.3992,4.122
57.363000,-3.2972,-2.8338,-0.3024,4.358
57.363000,-3.4146,-2.8470,-0.2963,4.456
57.364000,-3.2505,-2.7490,-0.2867,4.267
57.365000,-2.8515,-2.6014,-0.1446,3.863
57.365000,-2.3819,-2.4164,0.0488,3.393
57.366000,-2.0360,-2.3443,0.2261,3.113
57.367000,-1.8181,-2.3590,0.2958,2.993
57.367000,-1.6919,-2.3306,0.2661,2.892
57.368000,-1.5713,-2.2188,0.2511,2.730
57.368000,-1.5356,-2.1890,0.1616,2.679
57.369000,-1.4228,-2.1433,0.0157,2.573
57.369000,-1.2596,-2.0723,-0.1319,2.429
57.370000,-1.1042,-2.0440,-0.2188,2.333
57.371000,-1.0219,-2.0944,-0.2959,2.349
57.371000,-1.0568,-2.1622,-0.3627,2.434
57.372000,-1.0732,-2.1681,-0.3517,2.445
57.372000,-1.1408,-2.1104,-0.4505,2.441
57.373000,-1.1785,-2.0495,-0.6021,2.440
57.373000,-1.2366,-1.9444,-0.7317,2.418
57.374000,-1.1931,-1.9248,-0.7753,2.394
57.374000,-1.0409,-1.9170,-0.8005,2.324
57.375000,-0.9113,-1.8418,-0.8806,2.236
57.375000,-0.5718,-1.7233,-0.9484,2.048
57.376000,-0.5793,-1.6882,-0.9078,2.002
57.376000,-0.3292,-1.5164,-0.9996,1.846
57.377000,-0.2277,-1.3485,-1.0839,1.745
57.377000,-0.1949,-1.2731,-1.1268,1.711
57.378000,-0.2279,-1.2014,-1.0968,1.643
57.378000,-0.3294,-1.2625,-0.9105,1.591
57.379000,-0.4134,-1.2931,-0.7539,1.553
57.379000,-0.2290,-1.1354,-0.6150,1.311
57.380000,-0.1708,-1.0760,-0.3735,1.152
57.380000,-0.1748,-1.1243,-0.1254,1.145
57.381000,-0.0835,-1.1630,0.0647,1.168
57.381000,0.0285,-1.0936,0.2281,1.117
57.382000,0.1132,-0.9660,0.3297,1.027
57.382000,0.1897,-0.9001,0.3881,0.998
57.383000,0.1525,-0.8265,0.3055,0.894
57.383000,0.2340,-0.6876,0.1683,0.746
57.383000,0.1497,-0.7062,0.0407,0.723
57.486000,0.0337,-0.7196,-0.0604,0.723
57.488000,0.0678,-0.6798,-0.1160,0.693
57.489000,0.1728,-0.6208,-0.2102,0.678
57.489000,0.3824,-0.5399,-0.4239,0.786
57.490000,0.6566,-0.3565,-0.5611,0.934
57.490000,0.9575,-0.1781,-0.6814,1.189
57.491000,1.2304,-0.0769,-0.8425,1.493
57.491000,1.3991,0.0015,-1.0258,1.735
57.492000,1.3996,0.0167,-1.2117,1.851
57.493000,1.2292,-0.0534,-1.2745,1.771
57.710000,0.8030,-0.0749,-1.4781,1.684
57.713000,0.5281,-0.2641,-1.3963,1.516
57.715000,0.1990,-0.3752,-1.2415,1.312
57.716000,-0.0247,-0.4536,-1.1263,1.214
57.717000,-0.2627,-0.5231,-0.9882,1.149
57.718000,-0.4032,-0.5836,-0.8492,1.106
57.719000,-0.3821,-0.6734,-0.7019,1.045
57.721000,-0.2570,-0.6796,-0.5342,0.902
57.722000,-0.1187,-0.6385,-0.3986,0.762
57.723000,0.0285,-0.6480,-0.3931,0.758
57.724000,0.2514,-0.5693,-0.3713,0.725
57.725000,0.4261,-0.4839,-0.4553,0.789
57.725000,0.5698,-0.3945,-0.5470,0.883
57.726000,0.6452,-0.3752,-0.6411,0.984
57.727000,0.4755,-0.4740,-0.6780,0.954
57.728000,0.2282,-0.5777,-0.7937,1.008
57.728000,0.0739,-0.5330,-0.8583,1.013
57.729000,-0.1909,-0.5413,-0.8986,1.066
57.730000,-0.4182,-0.5522,-0.8715,1.113
57.731000,-0.4676,-0.6037,-0.7342,1.059
57.732000,-0.4880,-0.6671,-0.6402,1.046
57.732000,-0.4874,-0.6542,-0.6280,1.030
57.733000,-0.4874,-0.6415,-0.6163,1.014
57.733000,-0.4883,-0.6290,-0.6052,1.000
57.734000,-0.4900,-0.6168,-0.5948,0.987
57.735000,-0.4918,-0.6046,-0.5845,0.974
57.735000,-0.4939,-0.5923,-0.5742,0.962
57.736000,-0.4963,-0.5798,-0.5638,0.949
57.737000,-0.4987,-0.5670,-0.5532,0.936
57.738000,-0.5012,-0.5540,-0.5426,0.923
57.739000,-0.5039,-0.5410,-0.5321,0.911
57.739000,-0.5075,-0.5280,-0.5219,0.899
57.740000,-0.5117,-0.5153,-0.5124,0.889
57.741000,-0.5169,-0.5030,-0.5037,0.880
57.741000,-0.5237,-0.4913,-0.4961,0.873
57.742000,-0.5314,-0.4799,-0.4893,0.867
57.743000,-0.5391,-0.4685,-0.4825,0.862
57.743000,-0.0632,-0.5530,-0.3154,0.640
57.744000,-0.0175,-0.5419,-0.3995,0.673
57.745000,0.0863,-0.5355,-0.4788,0.724
57.745000,0.0467,-0.5037,-0.3779,0.631
57.746000,-0.0087,-0.5008,-0.2819,0.575
57.746000,-0.0252,-0.4885,-0.2862,0.567
57.748000,-0.0103,-0.4595,-0.2067,0.504
57.749000,0.0095,-0.4689,-0.1203,0.484
57.750000,-0.0284,-0.4666,-0.0870,0.475
57.751000,-0.0405,-0.4263,-0.0996,0.440
57.751000,0.0592,-0.3600,-0.1341,0.389
57.752000,0.1393,-0.3464,-0.1761,0.413
57.753000,0.1569,-0.3357,-0.2423,0.443
57.754000,0.1622,-0.3374,-0.3042,0.482
57.754000,0.1506,-0.3037,-0.3259,0.470
57.755000,0.0834,-0.3759,-0.2815,0.477
57.756000,0.0447,-0.3386,-0.3477,0.487
57.757000,-0.0077,-0.3186,-0.3470,0.471
57.758000,-0.0853,-0.3444,-0.2673,0.444
57.760000,-0.0854,-0.3367,-0.1779,0.390
57.761000,-0.0392,-0.3623,-0.1167,0.383
57.762000,-0.0019,-0.4332,-0.0025,0.433
57.763000,0.0769,-0.4585,0.0998,0.476
57.764000,0.1893,-0.3689,0.1737,0.450
57.765000,0.3210,-0.2651,0.2618,0.492
57.765000,0.3380,-0.3193,0.3379,0.575
57.766000,0.2428,-0.4454,0.2919,0.585
57.767000,0.1335,-0.5331,0.3512,0.652
57.768000,0.0338,-0.5464,0.4607,0.715
57.768000,-0.1420,-0.5380,0.5272,0.767
57.769000,-0.3391,-0.6131,0.5987,0.922
57.770000,-0.5456,-0.6898,0.7399,1.149
57.771000,-0.6973,-0.7824,0.8551,1.353
57.772000,-0.7803,-0.8835,0.9538,1.516
57.772000,-0.8905,-0.9477,1.0121,1.648
57.773000,-0.9878,-1.0228,1.0728,1.781
57.774000,-1.0392,-1.1089,1.1572,1.910
57.775000,-0.9661,-1.1632,1.3104,2.001
57.775000,-0.8623,-1.2426,1.4823,2.118
57.776000,-0.6742,-1.2012,1.6614,2.158
57.777000,-0.4889,-1.1700,1.7555,2.166
57.777000,-0.4565,-1.1320,1.9445,2.296
57.778000,-0.5051,-1.1041,2.1947,2.508
57.779000,-0.5301,-1.0882,2.3817,2.672
57.779000,-0.6040,-1.1371,2.4406,2.759
57.780000,-1.2513,-1.2389,2.3397,2.928
57.781000,-1.6303,-1.2925,1.2848,2.445
57.782000,-0.3831,-0.7139,-0.9031,1.213
57.782000,0.7974,0.1722,-1.7920,1.969
57.974000,0.8043,0.2512,-1.7255,1.920
57.976000,1.3421,-0.1969,-3.2250,3.499
57.978000,1.6415,-0.0505,-3.5077,3.873
57.980000,1.3844,0.0466,-3.3666,3.640
57.982000,1.1033,-0.0149,-3.8052,3.962
57.983000,0.7558,-0.2052,-3.6057,3.690
57.984000,0.4222,-0.4141,-3.2095,3.264
57.985000,0.0489,-0.6125,-2.8271,2.893
57.986000,-0.2952,-0.7688,-2.4129,2.550
57.987000,-0.4284,-0.8080,-2.0283,2.225
57.988000,-0.2667,-0.8447,-1.5629,1.796
57.989000,0.0707,-0.8352,-1.1618,1.433
57.990000,0.4499,-0.8342,-0.8701,1.287
57.991000,0.7476,-0.8245,-0.7227,1.327
57.992000,0.9002,-0.7730,-0.6214,1.339
57.993000,1.0038,-0.6914,-0.6996,1.405
57.994000,0.9371,-0.6543,-0.8377,1.417
57.995000,0.7748,-0.6762,-0.9520,1.401
57.996000,0.6095,-0.6714,-1.0908,1.419
57.997000,0.4552,-0.6881,-1.2426,1.492
57.997000,0.3515,-0.7743,-1.4008,1.639
57.998000,0.3693,-0.7345,-1.5899,1.790
57.999000,0.4433,-0.5977,-1.9562,2.093
58.000000,0.4793,-0.4818,-2.4285,2.522
58.001000,0.6202,-0.2399,-2.9193,2.994
58.002000,0.7718,-0.1569,-3.6300,3.714
58.003000,0.7097,-0.4318,-4.3527,4.431
58.005000,0.6175,-0.6760,-4.8165,4.903
58.006000,0.5948,-0.6890,-5.1444,5.224
58.008000,0.6051,-0.6877,-5.2065,5.286
58.009000,0.5625,-0.6908,-5.0150,5.094
58.009000,0.4675,-0.7213,-4.7518,4.829
58.010000,0.3393,-0.7242,-4.3936,4.466
58.011000,0.2283,-0.8248,-4.0688,4.158
58.011000,0.1757,-1.0269,-3.6743,3.819
58.012000,0.1726,-1.2621,-3.3339,3.569
58.013000,0.2295,-1.3854,-2.9625,3.279
58.013000,0.2492,-1.3919,-2.5791,2.941
58.014000,0.2514,-1.3627,-2.2460,2.639
58.015000,0.0863,-1.4108,-2.0951,2.527
58.016000,-0.1342,-1.5491,-2.0874,2.603
58.016000,-0.3191,-1.7553,-2.0336,2.705
58.202000,-0.5141,-1.9276,-1.9568,2.794
58.205000,-0.7170,-1.9743,-1.7564,2.738
58.206000,-0.8899,-2.0976,-1.7933,2.900
58.207000,-1.0439,-2.2051,-1.8405,3.056
58.208000,-1.1671,-2.2717,-1.8474,3.152
58.209000,-1.3306,-2.3914,-1.8290,3.292
58.210000,-1.3750,-2.5364,-1.7945,3.398
58.211000,-1.4483,-2.7312,-1.7325,3.544
58.212000,-1.4628,-2.8929,-1.6358,3.631
58.213000,-1.4796,-3.0396,-1.6223,3.750
58.214000,-1.5409,-3.1917,-1.5177,3.855
58.215000,-1.6940,-3.2902,-1.3046,3.924
58.216000,-1.9815,-3.3865,-1.0213,4.054
58.218000,-2.3169,-3.4267,-0.7347,4.201
58.438000,-2.6333,-3.3497,0.0098,4.261
58.440000,-2.7353,-3.2812,0.3605,4.287
58.440000,-2.8058,-3.2991,0.5876,4.371
58.441000,-2.7642,-3.3444,0.7284,4.400
58.442000,-2.7206,-3.4308,0.7615,4.444
58.443000,-2.5484,-3.4778,0.7815,4.382
58.443000,-2.2782,-3.4280,0.8252,4.198
58.444000,-1.9401,-3.2408,0.7968,3.860
58.445000,-1.5045,-2.9795,0.6846,3.407
58.446000,-1.1470,-2.6536,0.7827,2.995
58.446000,-0.9241,-2.3524,0.7712,2.642
58.447000,-0.7662,-2.1141,0.5819,2.323
58.448000,-0.6754,-1.9077,0.3590,2.055
58.449000,-0.6327,-1.8292,0.2156,1.948
58.450000,-0.5833,-1.8286,0.0238,1.920
58.450000,-0.5803,-1.8728,-0.2952,1.983
58.450000,-0.5930,-1.9952,-0.4317,2.126
58.451000,-0.6744,-2.1102,-0.3448,2.242
58.452000,-0.8323,-2.3252,-0.1123,2.472
58.452000,-1.0960,-2.4966,0.1196,2.729
58.453000,-1.0883,-2.4807,-0.0588,2.710
58.454000,-1.0806,-2.4618,-0.2328,2.699
58.454000,-1.0731,-2.4397,-0.4049,2.696
58.455000,-1.0662,-2.4146,-0.5731,2.701
58.456000,-1.0604,-2.3857,-0.7412,2.714
58.457000,-1.0553,-2.3528,-0.9108,2.735
58.458000,-1.0493,-2.3155,-1.0877,2.765
58.458000,-1.0414,-2.2743,-1.2694,2.805
58.459000,-1.0329,-2.2282,-1.4558,2.855
58.459000,-1.0260,-2.1771,-1.6417,2.913
58.460000,-1.0225,-2.1200,-1.8281,2.980
58.461000,-1.0238,-2.0563,-2.0133,3.055
58.461000,-1.0313,-1.9853,-2.1978,3.136
58.462000,-1.0423,-1.9094,-2.3781,3.223
58.462000,-1.0540,-1.8300,-2.5547,3.315
58.463000,-1.0642,-1.7499,-2.7240,3.408
58.463000,-0.6040,-1.9028,3.1446,3.725
58.464000,-0.0809,-1.9733,2.5671,3.239
58.465000,-0.2946,-2.1398,2.2422,3.113
58.465000,-0.7826,-2.0358,2.0787,3.013
58.466000,-1.1279,-1.7635,1.6897,2.690
58.466000,-1.1235,-1.4247,1.3151,2.241
58.467000,-0.6961,-1.1513,1.0871,1.730
58.468000,-0.0090,-1.0274,1.0299,1.455
58.468000,0.8063,-0.8988,0.9510,1.537
58.469000,1.4632,-0.6268,1.0551,1.910
58.469000,1.6787,-0.3422,1.2974,2.149
58.470000,1.6117,-0.1190,1.1741,1.998
58.471000,1.4553,0.0281,0.8064,1.664
58.471000,1.3549,0.0406,0.3483,1.400
58.472000,1.2747,-0.0043,-0.2224,1.294
58.473000,1.1288,-0.0578,-0.6540,1.306
58.473000,0.9873,-0.1732,-1.1047,1.492
58.474000,0.8343,-0.3379,-1.5522,1.794
58.475000,0.6781,-0.4711,-1.9708,2.137
58.475000,0.6168,-0.5460,-2.3657,2.505
58.476000,0.5475,-0.5693,-2.7399,2.851
58.477000,0.5008,-0.6028,-3.0930,3.191
58.478000,0.4215,-0.5360,-3.2551,3.326
58.651000,0.4863,-0.3919,-3.4595,3.515
58.654000,0.5222,-0.3152,-3.5629,3.615
58.656000,0.5614,-0.2355,-3.6686,3.719
58.657000,0.6039,-0.1519,-3.7774,3.828
58.658000,0.6488,-0.0653,-3.8873,3.942
58.659000,0.6965,0.0253,-3.9993,4.060
58.661000,0.7464,0.1192,-4.1123,4.181
58.662000,0.7986,0.2153,-4.2249,4.305
58.663000,0.8540,0.3145,-4.3384,4.433
58.666000,0.9121,0.4157,-4.4512,4.563
58.667000,0.9738,0.5201,-4.5648,4.696
58.667000,1.0400,0.6274,-4.6790,4.834
58.668000,1.1100,0.7373,-4.7931,4.975
58.669000,1.1842,0.8510,-4.9078,5.120
58.670000,1.2619,0.9666,-5.0212,5.267
58.670000,1.3449,1.0858,-5.1351,5.418
58.671000,1.4321,1.2078,-5.2481,5.572
58.672000,1.5216,1.3314,-5.3585,5.727
58.673000,1.6181,1.4570,-5.4683,5.886
58.673000,-2.0855,-1.8791,2.1209,3.518
58.674000,-1.5177,-1.6184,0.8309,2.369
58.675000,-0.8534,-1.1328,0.2160,1.435
58.675000,-0.6251,-0.9675,-0.2208,1.173
58.676000,-0.4982,-0.9163,-0.6051,1.206
58.677000,-0.3809,-0.9339,-0.9453,1.382
58.678000,-0.1822,-0.8630,-1.1045,1.413
58.678000,0.1027,-0.7719,-1.2038,1.434
58.679000,0.4312,-0.7025,-1.0689,1.350
58.680000,0.6475,-0.6648,-0.5052,1.057
58.681000,0.7840,-0.4883,0.4310,1.019
58.682000,0.8446,-0.2668,1.5125,1.753
58.683000,0.7923,-0.1966,2.3518,2.489
58.683000,0.7360,-0.1365,2.9318,3.026
58.684000,0.7434,-0.0956,3.3467,3.430
58.685000,0.7299,-0.0710,3.6709,3.743
58.686000,0.6858,-0.0193,3.9351,3.994
58.687000,0.6131,-0.0402,4.1321,4.178
58.687000,0.4886,-0.0749,4.2236,4.252
58.688000,0.3289,-0.0870,4.1614,4.175
58.689000,0.2509,-0.0963,4.0483,4.057
58.689000,0.1348,-0.0854,3.9127,3.916
58.690000,0.0329,-0.0277,3.7019,3.702
58.690000,-0.0757,0.0429,3.4678,3.469
58.691000,-0.2814,0.0084,3.2840,3.296
58.692000,-0.6002,-0.1406,3.0010,3.064
58.692000,-0.9788,-0.3310,2.7522,2.940
58.693000,-1.3511,-0.5919,2.4700,2.877
58.693000,-1.7376,-0.9627,2.1134,2.900
58.693000,-2.1310,-1.5157,1.6631,3.099
58.694000,-2.1996,-1.7752,0.9969,2.997
58.695000,-1.6885,-1.4860,0.4983,2.304
58.695000,-0.9685,-1.0322,0.3257,1.452
58.696000,-0.2754,-0.4346,0.4504,0.684
58.697000,0.3760,0.3486,0.8936,1.030
58.697000,0.8637,1.0007,1.3842,1.914
58.887000,0.8541,1.0416,1.3771,1.926
58.888000,0.8501,1.0590,1.3729,1.931
58.888000,0.8482,1.0743,1.3688,1.936
58.889000,0.8495,1.0877,1.3644,1.941
58.890000,0.8543,1.0995,1.3598,1.946
58.891000,0.8622,1.1094,1.3550,1.952
58.892000,1.6064,0.4188,1.8834,2.511
58.893000,1.7082,0.5180,1.8135,2.545
58.893000,1.5869,0.4008,0.5712,1.734
58.894000,1.3829,0.5413,0.2081,1.500
58.895000,1.1557,0.7909,-0.0441,1.401
58.895000,0.9526,0.9487,-0.2620,1.370
58.896000,0.8115,0.9171,-0.6370,1.380
58.897000,0.7084,0.7616,-0.8917,1.370
58.897000,0.6898,0.5742,-1.0789,1.403
58.898000,0.8333,0.2788,-1.7871,1.991
58.899000,1.1405,-0.1595,-2.8071,3.034
58.900000,1.6175,-0.5623,-3.4567,3.858
58.901000,1.9332,-0.4747,-3.0212,3.618
58.902000,1.6506,0.1489,-1.3970,2.168
58.903000,0.9459,0.6710,0.1472,1.169
58.904000,0.4064,0.7548,0.6839,1.097
58.904000,0.1859,0.6205,0.9196,1.125
58.905000,0.0990,0.5048,1.4213,1.511
58.906000,-0.1391,0.4020,2.1098,2.152
58.906000,-0.2946,0.1313,2.6049,2.625
58.907000,-0.3711,-0.2456,2.5866,2.625
58.908000,-0.4575,-0.6135,2.1869,2.317
58.909000,-0.6065,-0.8231,1.9776,2.226
58.909000,-0.8664,-0.8236,2.3103,2.601
58.910000,-1.1300,-0.8114,2.7939,3.121
58.911000,-1.3189,-0.9020,2.7370,3.169
58.912000,-1.4433,-0.9749,2.2186,2.821
58.913000,-1.4967,-1.0547,1.5357,2.390
58.913000,-1.3707,-1.0129,0.9395,1.946
58.914000,-1.1934,-0.8878,0.5044,1.571
58.915000,-0.8704,-0.7188,-0.0263,1.129
58.915000,-0.5105,-0.5274,-0.5208,0.900
58.916000,-0.2874,-0.3777,-1.0051,1.111
58.916000,-0.2761,-0.2975,-1.3308,1.391
58.917000,-0.4123,-0.2652,-1.5005,1.579
58.918000,-0.6635,-0.3113,-1.6247,1.782
58.919000,-0.9404,-0.3804,-1.8115,2.076
58.919000,-1.2825,-0.5165,-1.9919,2.425
58.920000,-1.7711,-0.6879,-2.0824,2.819
58.921000,-2.0696,-0.8127,-1.9110,2.932
58.922000,-1.8443,-0.7766,-1.3199,2.397
58.923000,-1.1452,-0.5359,-0.7685,1.480
58.923000,-0.3901,-0.3288,-0.2451,0.566
58.924000,0.1308,-0.2781,0.1896,0.361
59.109000,0.4610,-0.2375,0.2096,0.559
59.112000,0.6820,-0.1085,0.1669,0.710
59.114000,0.9712,0.0197,0.4017,1.051
59.115000,1.1559,0.1510,0.6774,1.348
59.116000,1.2307,0.2079,0.8485,1.509
59.117000,1.0708,0.1256,0.8913,1.399
59.120000,0.7355,-0.0269,0.8495,1.124
59.121000,0.3477,-0.1778,0.7476,0.844
59.121000,-0.0289,-0.3510,0.6051,0.700
59.335000,-0.2513,-0.4662,0.6386,0.830
59.338000,-0.2337,-0.4649,0.7466,0.910
59.339000,-0.2349,-0.4678,0.7694,0.931
59.340000,-0.2683,-0.4492,0.7147,0.886
59.341000,-0.2941,-0.3972,0.7550,0.902
59.343000,-0.1533,-0.3122,0.7686,0.844
59.343000,0.1218,-0.1327,0.7082,0.731
59.345000,0.4287,-0.0668,0.5308,0.686
59.346000,0.6731,-0.0804,0.5276,0.859
59.347000,0.8936,-0.1056,0.5159,1.037
59.348000,1.1135,0.0088,0.2392,1.139
59.351000,1.1864,0.1271,-0.0295,1.194
59.352000,1.0924,0.1397,0.0401,1.102
59.352000,0.9174,0.0537,0.3447,0.982
59.353000,0.6746,-0.0690,0.5922,0.900
59.354000,0.2281,-0.2738,0.5099,0.622
59.355000,-0.2899,-0.3946,0.2917,0.570
59.355000,-0.5798,-0.5071,0.0687,0.773
59.356000,-0.8060,-0.5696,-0.1857,1.004
59.357000,-0.9012,-0.5267,-0.3284,1.094
59.359000,-0.9271,-0.5144,-0.4243,1.142
59.359000,-0.9433,-0.5232,-0.4162,1.156
59.360000,-0.9574,-0.5290,-0.4094,1.168
59.361000,-0.9701,-0.5321,-0.4037,1.178
59.362000,-0.9814,-0.5327,-0.3988,1.186
59.363000,-0.9919,-0.5312,-0.3947,1.192
59.364000,-1.0017,-0.5276,-0.3913,1.198
59.365000,-1.0114,-0.5217,-0.3884,1.202
59.367000,-1.0211,-0.5138,-0.3859,1.206
59.369000,-1.0305,-0.5037,-0.3840,1.210
59.372000,-1.0388,-0.4915,-0.3828,1.211
59.373000,-1.0454,-0.4774,-0.3826,1.211
59.374000,-1.0507,-0.4614,-0.3833,1.210
59.375000,-1.0555,-0.4435,-0.3844,1.208
59.376000,-1.0610,-0.4240,-0.3856,1.206
59.376000,0.2095,0.2808,-1.3600,1.404
59.377000,0.0022,0.1558,-1.0919,1.103
59.378000,-0.1173,0.0103,-0.9723,0.979
59.379000,-0.0901,-0.1856,-0.3762,0.429
59.380000,0.2726,-0.0220,0.1073,0.294
59.381000,0.6330,0.1829,0.2078,0.691
59.383000,0.6850,0.2369,0.0742,0.729
59.384000,0.5807,0.2218,0.0011,0.622
59.385000,0.5904,0.1264,0.0126,0.604
59.386000,0.5439,-0.0253,-0.0255,0.545
59.386000,0.4171,-0.2830,-0.1083,0.516
59.387000,0.2843,-0.4647,-0.1066,0.555
59.388000,0.2891,-0.5631,-0.1067,0.642
59.389000,0.4236,-0.3577,0.1666,0.579
59.390000,0.7689,0.0269,0.2680,0.815
59.391000,0.7450,0.0377,0.2739,0.795
59.391000,1.0042,0.3476,-0.0575,1.064
59.392000,1.3694,0.4522,0.0150,1.442
59.393000,1.3140,0.4233,0.2178,1.398
59.548000,0.7950,0.3748,0.4587,0.991
59.549000,0.4044,0.4354,0.4623,0.753
59.549000,0.0358,0.4719,0.4770,0.672
59.550000,-0.5420,0.4775,0.6015,0.940
59.550000,-0.9637,0.2679,0.4723,1.106
59.550000,-0.8796,-0.2228,0.1334,0.917
59.550000,-0.5530,-0.7673,0.1979,0.966
59.551000,-0.2971,-0.9758,0.6247,1.196
59.551000,-0.1073,-0.8879,0.9534,1.307
59.551000,0.0014,-0.7386,1.1548,1.371
59.551000,0.0276,-0.4997,1.2147,1.314
59.552000,0.0199,-0.3103,1.1951,1.235
59.552000,0.0384,-0.1628,0.9429,0.958
59.552000,0.1165,-0.0689,0.6712,0.685
59.553000,0.2749,-0.1167,0.3946,0.495
59.553000,0.2612,-0.1998,0.1587,0.365
59.553000,0.0245,-0.3632,0.0764,0.372
59.554000,-0.2298,-0.4893,0.1929,0.574
59.554000,-0.3333,-0.5183,0.6352,0.885
59.554000,-0.4213,-0.4250,1.1501,1.297
59.555000,-0.4325,-0.4110,1.1512,1.297
59.555000,-0.4432,-0.3980,1.1523,1.297
59.555000,-0.4517,-0.3864,1.1527,1.297
59.555000,-0.4573,-0.3772,1.1524,1.296
59.556000,-0.4600,-0.3711,1.1515,1.294
59.556000,-0.4598,-0.3687,1.1499,1.292
59.556000,0.0357,-0.2862,1.8651,1.887
59.556000,0.4633,-0.5342,1.1343,1.337
59.557000,0.5925,-0.6353,0.7217,1.129
59.557000,0.6695,-0.6429,0.3670,0.998
59.557000,0.6194,-0.5637,0.0419,0.839
59.558000,0.4538,-0.4185,-0.3087,0.690
59.558000,0.3339,-0.3046,-0.6866,0.822
59.558000,0.1122,-0.2618,-0.9120,0.955
59.559000,-0.1402,-0.2322,-0.8175,0.861
59.559000,-0.2774,-0.2876,-0.4584,0.608
59.559000,-0.6297,-0.2965,-0.0082,0.696
59.560000,-0.9111,-0.2377,0.3382,1.001
59.562000,-0.8924,-0.2306,0.4747,1.037
59.563000,-0.7473,-0.3007,0.4059,0.902
59.563000,-0.4391,-0.3326,0.2319,0.598
59.564000,0.1551,-0.3402,-0.0644,0.379
59.566000,-0.0446,-0.3450,-0.3269,0.477
59.566000,0.4697,-0.3426,-0.0288,0.582
59.566000,0.4487,-0.1333,0.6884,0.832
59.567000,0.1254,-0.0253,1.1189,1.126
59.567000,-0.1523,-0.1589,1.2641,1.283
59.567000,-0.4391,-0.4218,1.1608,1.311
59.568000,-0.8206,-0.6225,1.0063,1.440
59.568000,-0.9110,-0.6821,0.8465,1.418
59.569000,-0.4532,-0.5600,0.8635,1.125
59.569000,0.2973,-0.3448,0.7959,0.917
59.569000,1.0215,-0.1494,0.4855,1.141
59.570000,1.3936,-0.0208,-0.0610,1.395
59.570000,1.3177,0.0953,-0.6742,1.483
59.571000,1.1345,0.2009,-1.1898,1.656
59.571000,0.9117,0.1566,-1.5341,1.791
59.571000,0.6564,0.0548,-1.6238,1.752
59.572000,0.4931,-0.0518,-1.5718,1.648
59.572000,0.3289,-0.0652,-1.4905,1.528
59.572000,0.1177,-0.0840,-1.3917,1.399
59.572000,-0.0452,-0.1565,-1.1054,1.117
59.573000,-0.3052,-0.2329,-0.5809,0.696
59.573000,-0.5122,-0.3099,0.0433,0.600
59.573000,-0.4968,-0.4034,0.6144,0.887
59.854000,-0.2857,-0.5005,1.0299,1.180
59.855000,-0.0031,-0.4999,1.2334,1.331
59.856000,0.1521,-0.4688,1.3059,1.396
59.858000,0.2488,-0.5098,1.3050,1.423
59.859000,0.3134,-0.5392,1.1471,1.306
59.861000,0.6374,-0.4899,0.9449,1.241
59.862000,1.0500,-0.2997,0.8110,1.360
59.863000,1.1168,-0.0908,0.5847,1.264
59.863000,0.9593,0.0609,0.1413,0.972
59.865000,0.7060,0.1358,-0.4931,0.872
59.867000,0.3365,-0.0574,-1.1613,1.210
59.868000,-0.5802,-0.8513,-1.6814,1.972
59.870000,-1.6329,-1.4253,-1.9103,2.889
59.871000,-1.6611,-1.0639,-1.4947,2.475
59.872000,-1.3039,-0.6872,-0.8730,1.713
59.873000,-1.1600,-0.2628,0.0362,1.190
59.875000,-0.9487,0.0596,1.1753,1.512
59.875000,-0.7623,0.1054,1.7624,1.923
59.878000,-0.7505,0.0262,1.9273,2.068
59.879000,-0.5796,-0.0352,1.7424,1.837
59.880000,-0.1047,-0.0836,1.2675,1.275
59.881000,0.3179,-0.0667,0.6257,0.705
59.883000,0.5584,-0.0466,0.0358,0.562
59.884000,0.7124,-0.0038,-0.2603,0.759
59.884000,0.9894,0.2462,-0.5738,1.170
59.885000,1.3210,0.4070,-1.1489,1.797
59.885000,1.6669,0.4244,-1.6958,2.415
59.886000,1.6486,0.3512,-1.9583,2.584
59.886000,1.0973,0.1254,-2.1494,2.417
59.886000,-0.1025,-0.4103,-2.2717,2.311
59.887000,-1.4639,-1.0898,-2.2108,2.867
59.887000,-2.5328,-1.7520,-1.9816,3.662
59.888000,-2.6676,-2.2007,-1.4151,3.737
59.888000,-2.2779,-1.8439,-0.4931,2.972
59.888000,-1.1418,-0.4130,0.2955,1.250
59.889000,0.2828,1.2286,0.7644,1.474
59.889000,1.4663,2.2493,0.9740,2.856
59.889000,2.1993,2.6800,0.8843,3.578
59.890000,2.4270,2.5440,0.6229,3.571
59.891000,2.2676,1.9438,0.1569,2.991
59.892000,1.9189,1.1681,-0.6642,2.343
59.892000,1.5751,0.4411,-1.4357,2.176
59.893000,1.2329,-0.0152,-2.1244,2.456
59.893000,0.9056,-0.2257,-2.5703,2.734
59.893000,0.5859,-0.1919,-2.6734,2.744
59.894000,0.3084,-0.0214,-2.6088,2.627
59.894000,0.2128,0.1063,-2.5443,2.555
59.895000,0.2615,0.1700,-2.5277,2.547
59.895000,0.4060,0.0667,-1.8058,1.852
59.896000,0.5702,-0.0529,0.4699,0.741
59.896000,0.1651,0.1756,0.6032,0.650
59.896000,0.1308,0.2578,-0.2867,0.407
59.897000,0.6708,0.0904,0.1061,0.685
59.897000,0.7404,-0.1073,0.0298,0.749
59.898000,0.2394,-0.1743,-0.6273,0.694
59.898000,0.0044,-0.1713,-0.7047,0.725
59.898000,0.0567,-0.1319,-0.4639,0.486
59.899000,-0.0962,-0.1355,-0.4408,0.471
59.899000,-0.1381,-0.0985,-0.3722,0.409
59.900000,0.1265,-0.0639,-0.4613,0.483
59.901000,0.3837,0.0043,-0.4594,0.599
59.901000,0.4662,0.1203,-0.3257,0.581
59.901000,0.3939,0.1790,-0.1658,0.463
59.902000,0.3208,0.1874,0.0393,0.374
60.079000,0.3553,0.1426,0.1319,0.405
60.081000,0.3159,0.0855,0.1695,0.368
60.082000,0.1935,0.0900,0.1830,0.281
60.082000,0.2750,0.0538,0.0531,0.285
60.083000,0.1365,-0.0012,0.1075,0.174
60.083000,-0.0425,-0.1327,0.2765,0.310
60.084000,-0.1763,-0.2358,0.3546,0.461
60.084000,-0.3061,-0.3082,0.5379,0.691
60.085000,-0.3554,-0.3217,0.6135,0.779
60.086000,-0.3388,-0.2264,0.7417,0.846
60.086000,-0.4063,-0.1850,1.0373,1.129
60.087000,-0.1849,-0.2412,1.9350,1.959
60.088000,0.1373,-0.2877,2.4154,2.436
60.088000,-0.0483,-0.2933,1.0537,1.095
60.089000,-0.2990,-0.2490,0.0860,0.399
60.089000,-0.2082,-0.1063,0.3366,0.410
60.090000,-0.0314,-0.0448,0.5556,0.558
60.090000,0.0205,-0.0482,0.3319,0.336
60.091000,-0.0137,-0.0491,0.0296,0.059
60.092000,-0.0469,-0.0688,-0.0236,0.087
60.092000,-0.0957,-0.0357,0.1601,0.190
60.093000,-0.0333,0.0018,0.2982,0.300
60.094000,0.2021,0.0146,0.2498,0.322
60.095000,0.5550,0.0338,0.0867,0.563
60.095000,0.6091,0.1580,-0.0736,0.634
60.096000,0.4659,0.2536,0.1107,0.542
60.097000,0.4503,0.2678,0.2947,0.601
60.097000,0.4795,0.1577,0.2895,0.582
60.098000,0.3328,0.0335,0.2723,0.431
60.098000,0.1249,-0.0616,0.4032,0.427
60.099000,0.0638,-0.1522,0.5747,0.598
60.100000,0.0391,-0.2004,0.7124,0.741
60.100000,-0.0166,-0.1447,0.7616,0.775
60.100000,-0.1842,-0.1429,0.7701,0.805
60.101000,-0.2694,-0.1734,0.5921,0.673
60.102000,-0.1820,-0.1663,0.3450,0.424
60.102000,0.0111,-0.1069,0.1364,0.174
60.102000,0.2789,-0.0090,-0.0169,0.280
60.103000,0.4878,0.1203,-0.1319,0.519
60.103000,0.6714,0.2262,-0.4429,0.836
60.103000,0.7766,0.2112,-0.7369,1.091
60.292000,0.6591,0.1714,-0.8034,1.053
60.296000,0.3432,0.0230,-0.8460,0.913
60.298000,0.1539,-0.0761,-0.8503,0.867
60.299000,0.0455,-0.1189,-0.8785,0.888
60.300000,-0.0261,-0.1392,-0.8253,0.837
60.301000,0.0076,-0.0634,-0.6310,0.634
60.302000,0.1582,-0.0023,-0.2719,0.315
60.303000,0.3513,0.0864,-0.0564,0.366
60.304000,0.5486,0.0535,0.1231,0.565
60.305000,0.5089,-0.0245,0.2715,0.577
60.306000,0.2711,-0.0855,0.2550,0.382
60.308000,0.1845,-0.1962,0.1240,0.297
60.309000,0.2462,-0.2439,0.1129,0.365
60.309000,0.2766,-0.2332,0.1211,0.382
60.310000,0.2258,-0.1641,0.0292,0.281
60.311000,0.2953,-0.1416,-0.0170,0.328
60.312000,0.4131,-0.1342,0.0064,0.434
60.313000,0.4042,-0.1254,0.0874,0.432
60.314000,0.4491,-0.0745,0.1997,0.497
60.315000,1.1871,-0.0421,1.0604,1.592
60.316000,1.9457,0.2117,1.8628,2.702
60.317000,0.8151,0.5933,1.3873,1.715
60.318000,0.1293,0.3721,1.0680,1.138
60.319000,0.6487,0.0592,1.4451,1.585
60.320000,0.3162,0.2278,0.8844,0.966
60.321000,0.1918,0.2339,0.3459,0.460
60.323000,0.1809,0.2033,0.3487,0.442
60.325000,0.0649,0.1033,0.2343,0.264
60.325000,-0.0554,-0.1093,0.1203,0.172
60.326000,-0.1419,-0.2874,-0.2399,0.400
60.326000,-0.3263,-0.4260,-0.5925,0.799
60.326000,-0.1463,-0.4427,-0.9830,1.088
60.327000,0.3453,-0.2384,-1.4021,1.464
60.327000,0.3951,-0.0279,-1.4911,1.543
60.328000,0.2477,0.1432,-1.3294,1.360
60.328000,0.4679,0.5445,-0.9723,1.209
60.329000,1.0415,0.7988,-0.3911,1.370
60.329000,1.4570,0.9140,-0.2199,1.734
60.329000,1.6643,1.0472,-0.3550,1.998
60.330000,1.5840,1.0619,-0.4039,1.949
60.330000,1.3589,1.0015,-0.6368,1.804
60.331000,1.1269,0.9018,-0.7569,1.630
60.332000,0.8677,0.7581,-0.7619,1.381
60.332000,0.6458,0.5991,-0.6517,1.096
60.522000,0.3741,0.3958,-0.6298,0.833
60.523000,0.1402,0.1961,-0.6553,0.698
60.523000,0.0101,0.0167,-0.5678,0.568
60.523000,-0.0353,-0.0970,-0.3483,0.363
60.524000,0.0264,-0.1781,-0.2961,0.347
60.524000,0.0284,-0.2744,-0.4443,0.523
60.524000,0.0475,-0.3177,-0.9317,0.986
60.524000,-0.1303,-0.2738,-1.2078,1.245
60.525000,-0.3625,-0.2876,-0.9551,1.061
60.525000,-0.5813,-0.3783,-0.4089,0.805
60.525000,-0.6526,-0.4841,0.1672,0.830
60.525000,-0.7673,-0.6370,0.3834,1.068
60.525000,-0.9588,-0.7876,0.4412,1.317
60.526000,-0.9979,-0.8496,0.3193,1.349
60.526000,-0.9736,-0.9302,0.0895,1.350
60.526000,-0.7956,-1.0311,-0.1548,1.312
60.526000,-0.6680,-1.0803,-0.2606,1.297
60.527000,-0.6967,-1.0583,0.0447,1.268
60.527000,-0.6644,-1.0420,0.5310,1.345
60.527000,-0.0840,-0.8915,0.5120,1.032
60.527000,0.3394,-0.6646,0.6152,0.967
60.527000,0.3839,-0.5051,0.7470,0.980
60.527000,0.1916,-0.3271,0.7591,0.848
60.528000,0.0171,-0.1623,0.6446,0.665
60.528000,0.1159,-0.0561,0.4801,0.497
60.528000,0.2887,-0.0706,0.2539,0.391
60.528000,0.2070,-0.1602,0.1286,0.292
60.528000,0.0170,-0.2696,0.0181,0.271
60.529000,-0.0305,-0.3121,-0.0610,0.319
60.529000,0.0467,-0.3238,-0.0417,0.330
60.529000,0.1283,-0.3164,-0.0293,0.343
60.529000,0.1638,-0.3451,0.0240,0.383
60.529000,0.1461,-0.2975,0.0513,0.335
60.530000,0.0368,-0.1738,0.3014,0.350
60.530000,0.1159,-0.0416,0.4703,0.486
60.530000,0.2306,0.0224,0.4961,0.548
60.530000,0.2579,0.0496,0.4982,0.563
60.530000,0.2425,0.0307,0.4215,0.487
60.531000,0.1977,-0.0452,0.2300,0.307
60.531000,0.0071,-0.1700,0.0790,0.188
60.531000,-0.1060,-0.1873,0.1260,0.249
60.531000,0.0215,-0.1520,0.0813,0.174
60.531000,0.1931,-0.1408,0.1196,0.267
60.532000,0.2174,-0.1782,0.1523,0.320
60.532000,0.1147,-0.1839,0.1393,0.258
60.532000,0.0421,-0.1653,0.0974,0.196
60.747000,-0.1896,-0.5373,1.4263,1.536
60.747000,-0.3739,-0.3391,-0.2337,0.556
60.748000,-0.6453,-0.3620,-0.0790,0.744
60.748000,-0.9781,-0.5334,1.3288,1.734
60.748000,-0.0567,-0.8151,1.6234,1.817
60.749000,1.6328,-1.5375,1.9540,2.975
60.749000,0.9519,-1.2493,1.6124,2.251
60.749000,-0.4809,-0.4075,0.8050,1.022
60.750000,-0.7491,0.3125,-0.1806,0.832
60.750000,-0.7233,0.8486,-0.5311,1.235
60.750000,-0.6823,1.0173,-0.3742,1.281
60.751000,-0.4242,0.8707,-0.0570,0.970
60.751000,-0.0740,0.5711,0.0733,0.580
60.751000,0.1569,0.2570,0.0170,0.302
60.752000,0.2119,-0.0380,0.0062,0.215
60.752000,0.1373,-0.2942,-0.0599,0.330
60.752000,0.1299,-0.4924,-0.0568,0.512
60.752000,0.2685,-0.6252,-0.2119,0.713
60.753000,0.3585,-0.5779,-0.4220,0.800
60.967000,-0.0796,-0.0759,0.0125,0.111
60.968000,-0.0398,-0.0923,-0.0250,0.104
60.969000,0.0234,-0.0512,-0.0665,0.087
60.969000,0.0644,0.0244,-0.1584,0.173
60.969000,-0.0195,0.0900,-0.2425,0.259
60.970000,-0.0651,0.0974,-0.3807,0.398
60.971000,-0.0777,0.0598,-0.4682,0.478
60.972000,-0.1128,0.0236,-0.4762,0.490
60.974000,-0.0887,0.0049,-0.4413,0.450
60.977000,-0.0786,-0.0138,-0.3698,0.378
60.978000,-0.0353,0.0023,-0.2715,0.274
60.978000,-0.0043,0.0553,-0.0757,0.094
60.978000,0.0014,0.1288,0.0037,0.129
60.979000,-0.0137,0.1730,0.0241,0.175
60.979000,-0.0247,0.2011,0.0094,0.203
60.979000,-0.0418,0.3416,-0.1261,0.367
60.980000,0.1668,0.5071,0.0496,0.536
60.980000,0.0883,0.0448,0.4495,0.460
60.981000,-0.0562,-0.5953,0.7665,0.972
60.981000,0.0564,-1.0109,0.8138,1.299
60.981000,0.0674,-1.2253,0.9262,1.537
60.982000,0.1069,-1.1631,1.0322,1.559
60.982000,0.0918,-0.8184,1.1415,1.408
60.983000,-0.0097,-0.4041,1.2792,1.342
60.983000,-0.0979,0.0188,1.4423,1.446
60.984000,-0.1918,0.4120,1.4452,1.515
60.985000,-0.3197,0.6116,1.2425,1.421
60.985000,-0.2784,0.6091,1.0417,1.238
60.985000,-0.0618,0.4951,0.6846,0.847
60.985000,0.0707,0.3183,0.2886,0.435
60.986000,0.0462,0.1115,-0.0832,0.147
60.986000,0.0030,-0.0261,-0.3582,0.359
60.986000,-0.0188,-0.1336,-0.5396,0.556
60.986000,-0.0893,-0.2461,-0.6608,0.711
60.987000,-0.1299,-0.2819,-0.7236,0.787
60.987000,-0.0857,-0.2569,-0.7832,0.829
60.987000,-0.0100,-0.1449,-0.7326,0.747
60.988000,0.0210,-0.0763,-0.7119,0.716
60.988000,0.0261,-0.0151,-0.6270,0.628
61.187000,0.0598,0.0501,-0.6123,0.617
61.188000,0.1279,0.0862,-0.5774,0.598
61.188000,0.2323,0.0869,-0.6115,0.660
61.188000,0.2709,0.0996,-0.6287,0.692
61.188000,0.2583,0.1237,-0.5662,0.634
61.188000,0.2182,0.0530,-0.3995,0.458
61.189000,0.1603,-0.0713,-0.3065,0.353
61.189000,0.1027,-0.1100,-0.2361,0.280
61.189000,0.0703,-0.1026,-0.1950,0.231
61.189000,0.0782,-0.0315,-0.1680,0.188
61.190000,0.0861,0.0529,-0.0025,0.101
61.190000,-0.0398,0.0509,0.2595,0.267
61.190000,-0.1339,0.0345,0.4400,0.461
61.190000,-0.1547,0.0326,0.5241,0.547
61.191000,-0.0949,0.0665,0.5650,0.577
61.191000,0.0120,0.0170,0.5183,0.519
61.191000,0.1305,-0.1253,0.4557,0.490
61.191000,0.2738,-0.3093,0.5042,0.652
61.191000,0.4149,-0.6611,0.5958,0.982
61.192000,0.7174,-1.1497,0.9774,1.671
61.192000,0.7932,-1.3795,0.7779,1.771
61.193000,0.4331,-1.3509,0.5582,1.524
61.193000,0.0783,-1.0824,0.3780,1.149
61.193000,-0.1204,-0.7077,0.1593,0.735
61.193000,-0.2151,-0.4545,0.2449,0.559
61.194000,-0.1088,-0.0691,0.2365,0.269
61.194000,0.3677,0.8780,0.6877,1.174
61.194000,0.8780,1.6284,1.9229,2.668
61.194000,0.8271,0.6799,3.0017,3.187
61.195000,0.8095,-0.1701,2.2744,2.420
61.195000,0.6496,-0.4495,1.4851,1.682
61.195000,0.2748,-0.7007,0.9110,1.182
61.195000,-0.5070,-1.1002,0.3063,1.249
61.196000,-0.7477,-1.3875,0.4331,1.635
61.196000,-0.2531,-1.3088,0.5028,1.425
61.196000,-0.2284,-1.0236,0.2728,1.084
61.197000,-0.5995,-0.8142,0.2678,1.046
61.197000,-1.3643,-1.1442,0.5084,1.852
61.197000,-2.7099,-2.3911,1.0512,3.764
61.197000,-2.4043,-2.6056,0.7776,3.630
61.198000,-1.2170,-2.1269,0.5344,2.508
61.198000,-0.7267,-2.1984,0.9115,2.488
61.198000,-0.3385,-1.7230,-0.0885,1.758
61.198000,0.3033,-0.7220,-2.3816,2.507
61.399000,0.7601,-0.2077,-3.0222,3.123
61.401000,0.7458,-0.3279,-3.6387,3.729
61.402000,0.6371,-0.4437,-3.9190,3.995
61.403000,0.6194,-0.3100,-4.3376,4.393
61.404000,0.6615,-0.0190,-4.4538,4.503
61.405000,0.7916,0.2245,-3.9671,4.052
61.406000,0.7753,0.3163,-3.3469,3.450
61.407000,0.6861,0.3827,-2.7725,2.882
61.408000,0.5282,0.4137,-2.4000,2.492
61.409000,0.5611,0.5608,-1.7679,1.938
61.409000,0.6936,0.8107,-1.3440,1.716
61.411000,0.6698,1.0652,-0.9397,1.570
61.411000,0.6517,1.2811,-0.6173,1.564
61.412000,0.5963,1.4123,-0.5716,1.636
61.413000,0.5788,1.4795,-0.4624,1.655
61.414000,0.7928,1.5323,-0.3185,1.754
61.415000,1.4896,1.6816,0.3556,2.274
61.416000,1.5591,1.6837,1.0077,2.506
61.417000,0.5786,1.4257,0.8652,1.765
61.418000,-0.3416,0.9843,0.7108,1.261
61.418000,-0.5434,0.6136,0.8833,1.205
61.419000,-0.3723,0.2511,0.8010,0.918
61.420000,-0.2946,-0.0881,0.4988,0.586
61.421000,-0.2670,-0.2947,0.4268,0.583
61.421000,-0.2007,-0.3954,0.0726,0.449
61.423000,-0.2572,-0.3950,-0.3271,0.574
61.424000,-0.2140,-0.3953,-0.5423,0.704
61.425000,-0.0905,-0.3884,-0.8410,0.931
61.425000,-0.0530,-0.3564,-1.0238,1.085
61.426000,-0.0337,-0.3875,-0.9495,1.026
61.426000,0.0084,-0.2689,-0.7155,0.764
61.427000,0.1260,-0.0379,-0.5084,0.525
61.427000,0.3364,0.1551,-0.4228,0.562
61.428000,0.5406,0.2011,-0.3272,0.663
61.428000,0.6583,0.1958,-0.2379,0.727
61.428000,0.8021,0.0987,-0.1642,0.825
61.429000,0.8894,0.0244,-0.2696,0.930
61.429000,0.7782,-0.0394,-0.5027,0.927
61.429000,0.5672,-0.0759,-0.6845,0.892
61.430000,0.2327,-0.0755,-0.6899,0.732
61.430000,-0.0134,-0.0337,-0.6222,0.623
61.430000,0.1285,0.1545,-1.1595,1.177
61.431000,-0.1568,0.2995,-1.7803,1.812
61.431000,-0.5081,0.3148,-1.7410,1.841
61.432000,-0.5403,0.2818,-1.5310,1.648
