SensorId, TimeStamp (s), FrameNumber, AccX (g), AccY (g), AccZ (g), GyroX (deg/s), GyroY (deg/s), GyroZ (deg/s), MagX (uT), MagY (uT), MagZ (uT), EulerX (deg), EulerY (deg), EulerZ (deg), QuatW, QuatX, QuatY, QuatZ, LinAccX (g), LinAccY (g), LinAccZ (g), Pressure (kPa), Altitude (m), Temperature (degC), HeaveMotion (m)
1, -0.0000, 0, -0.08815493, -1.06264770, -0.06119104, 10.63688564, -10.89774418, 44.83256912, -35.66208649, 5.99239969, -70.91493988, 93.28259277, -19.39029121, 4.03822708, -0.67202401, 0.72031409, -0.09029868, 0.14621085, -0.24279404, 0.12068086, 0.11295091, 99.96300507, 113.99741364, 32.32999802, 0.00000000
1, 0.0050, 1, -0.06288546, -1.08462107, -0.05891518, 9.44959259, -9.94917202, 44.06409073, -35.66208649, 5.99239969, -70.91493988, 93.35236359, -19.60734367, 3.97240019, -0.67140228, 0.72048235, -0.09191180, 0.14722960, -0.27165607, 0.14398213, 0.11180423, 99.96300507, 113.99741364, 32.32999802, 0.00000000
1, 0.0100, 2, -0.03343685, -1.09259391, -0.05813748, 8.27381706, -9.91063499, 43.48408890, -35.98363113, 5.84624386, -71.06109619, 93.41645813, -19.82145500, 3.90659976, -0.67081863, 0.72061527, -0.09351286, 0.14822735, -0.30463737, 0.15327612, 0.11208552, 99.96300507, 113.99741364, 32.32999802, 0.00000000
1, 0.0150, 3, -0.00846552, -1.09859538, -0.06034330, 7.60010910, -10.18428040, 43.03046036, -35.98363113, 5.84624386, -71.06109619, 93.47798920, -20.03316689, 3.83915067, -0.67025554, 0.72072935, -0.09511177, 0.14919995, -0.33308756, 0.16059926, 0.11528206, 99.96300507, 113.99741364, 32.32999802, 0.00000000
1, 0.0200, 4, 0.01586115, -1.11115611, -0.06304134, 7.03675079, -10.80089188, 42.39199829, -35.98363113, 5.84624386, -71.06109619, 93.53810120, -20.24144745, 3.76829648, -0.66970909, 0.72083086, -0.09671205, 0.15013164, -0.36083698, 0.17447653, 0.11893427, 99.96300507, 113.99741364, 32.32999802, 0.00000000
1, 0.0250, 5, 0.03435458, -1.11573946, -0.06884249, 6.19224167, -11.66703606, 41.89137268, -35.57439423, 5.90470600, -71.09032440, 93.59587097, -20.44690323, 3.69266534, -0.66918647, 0.72091269, -0.09832722, 0.15101732, -0.38268977, 0.18037364, 0.12564880, 99.96300507, 113.99741364, 32.32999802, 0.00000000
1, 0.0300, 6, 0.04037173, -1.11130691, -0.06853157, 5.71466637, -13.43838024, 41.50470734, -35.57439423, 5.90470600, -71.09032440, 93.65489960, -20.64981461, 3.60739946, -0.66867131, 0.72099131, -0.09998487, 0.15183355, -0.39203575, 0.17724264, 0.12623826, 99.96300507, 113.99741364, 32.32999802, 0.00000000
1, 0.0350, 7, 0.02879202, -1.10417593, -0.06938485, 5.51688623, -14.76051331, 41.37055588, -35.57439423, 5.90470600, -71.09032440, 93.71582031, -20.85157013, 3.51477814, -0.66815495, 0.72107077, -0.10167794, 0.15260290, -0.38374954, 0.17141901, 0.12798095, 99.96300507, 113.99741364, 32.32999802, 0.00000000
1, 0.0400, 8, 0.01613732, -1.10602057, -0.06658533, 5.57190847, -16.61484909, 40.27408600, -36.53902435, 5.93393755, -70.56416321, 93.77135468, -21.02081299, 3.41487026, -0.66772336, 0.72113943, -0.10323086, 0.15312409, -0.37410483, 0.17446542, 0.12603295, 99.96300507, 113.99741364, 32.32999802, 0.00000000
1, 0.0700, 9, 0.02658264, -1.08371973, -0.07905635, 7.96840525, -17.11305809, 29.89131546, -37.18210983, 6.72318029, -70.97339630, 94.19067383, -22.02583694, 2.78978872, -0.66463929, 0.72195071, -0.11250857, 0.15615290, -0.40084943, 0.15906003, 0.14478281, 99.96300507, 113.99741364, 32.32999802, 0.00000000
1, 0.0750, 10, 0.04841409, -1.09040439, -0.07956444, 8.39356422, -17.53736115, 27.38708496, -37.26980209, 6.48933077, -70.38877106, 94.27247620, -22.15599632, 2.68474889, -0.66409951, 0.72217995, -0.11382109, 0.15643775, -0.42483729, 0.16671398, 0.14657941, 99.96300507, 113.99741364, 32.32999802, 0.00000000
1, 0.0800, 11, 0.06003455, -1.08557534, -0.07568013, 8.32492161, -18.37629890, 24.56378937, -37.26980209, 6.48933077, -70.38877106, 94.35552216, -22.27161026, 2.57601857, -0.66357577, 0.72242540, -0.11506931, 0.15661350, -0.43839759, 0.16276349, 0.14400673, 99.96300507, 113.99741364, 32.32999802, 0.00000000
1, 0.0850, 12, 0.06052705, -1.07513630, -0.08221786, 8.36369991, -19.31453896, 21.56149673, -37.18210983, 6.19701815, -71.06109619, 94.44046783, -22.37176514, 2.46317625, -0.66306567, 0.72269195, -0.11624993, 0.15667251, -0.44055298, 0.15312564, 0.15186861, 99.96300507, 113.99741364, 32.32999802, 0.00000000
1, 0.0900, 13, 0.06297743, -1.05105674, -0.08648730, 8.57494450, -20.01982880, 17.61615181, -37.18210983, 6.19701815, -71.06109619, 94.50902557, -22.40496635, 2.35357189, -0.66274035, 0.72293979, -0.11704148, 0.15631610, -0.44400465, 0.12956508, 0.15739223, 99.96300507, 113.99741364, 32.32999802, 0.00000000
1, 0.0950, 14, 0.06396136, -1.04452562, -0.07980063, 9.18764019, -21.46429443, 14.13881016, -37.18210983, 6.19701815, -71.06109619, 94.60158539, -22.46698380, 2.23187184, -0.66224289, 0.72327995, -0.11804491, 0.15609595, -0.44570819, 0.12341621, 0.15200210, 99.96300507, 113.99741364, 32.32999802, 0.00000000
1, 0.1000, 15, 0.06640966, -1.03946364, -0.06470415, 9.83965778, -23.50497437, 9.38487625, -37.26980209, 6.25548077, -70.88570404, 94.70094299, -22.50430870, 2.10105944, -0.66174608, 0.72367603, -0.11895299, 0.15567696, -0.44887525, 0.11873841, 0.13848105, 99.96300507, 113.99741364, 32.32999802, 0.00000000
1, 0.1050, 16, 0.07658786, -1.03479075, -0.04775774, 9.62948513, -24.66574097, 5.39898777, -37.26980209, 6.25548077, -70.88570404, 94.80101013, -22.52107048, 1.96563351, -0.66127646, 0.72409338, -0.11977035, 0.15510465, -0.45945060, 0.11431745, 0.12316439, 99.96300507, 113.99741364, 32.32999802, 0.00000000
1, 0.1100, 17, 0.08370868, -1.02820611, -0.04060427, 9.20363331, -25.65269470, 1.34988272, -37.53288651, 6.43086815, -70.53492737, 94.90027618, -22.51705742, 1.82666540, -0.66084164, 0.72452497, -0.12049136, 0.15438181, -0.46660596, 0.10786302, 0.11763707, 99.96300507, 113.99741364, 32.32999802, 0.00000000
1, 0.1150, 18, 0.08984695, -1.01886654, -0.03958911, 8.81585884, -26.81671715, -2.56371856, -37.53288651, 6.43086815, -70.53492737, 94.99922180, -22.49281502, 1.68324351, -0.66043884, 0.72497249, -0.12112483, 0.15350680, -0.47243840, 0.09853148, 0.11825453, 99.96300507, 113.99741364, 32.32999802, 0.00000000
1, 0.1350, 19, 0.09815928, -0.98663759, -0.01941803, 8.00904846, -31.60349274, -19.77301025, -36.36363602, 5.90470600, -70.94416809, 95.39891052, -22.17751503, 1.06860375, -0.65909958, 0.72699153, -0.12266745, 0.14840417, -0.47607177, 0.06491443, 0.10475367, 99.96300507, 113.99741364, 32.32999802, 0.00000000
1, 0.1400, 20, 0.09884613, -0.97772336, -0.00600111, 7.08426619, -32.61800766, -24.30714989, -36.36363602, 5.90470600, -70.94416809, 95.48711395, -22.00480270, 0.90764827, -0.65895057, 0.72753167, -0.12257850, 0.14648011, -0.47438890, 0.05514845, 0.09295012, 99.96300507, 113.99741364, 32.32999802, 0.00000000
1, 0.1450, 21, 0.10571092, -0.96497643, 0.00255091, 5.65604162, -33.52981186, -30.40978050, -36.36363602, 5.90470600, -70.94416809, 95.57637024, -21.83748245, 0.74329978, -0.65878659, 0.72806770, -0.12254396, 0.14457062, -0.47842270, 0.04137729, 0.08594930, 99.96300507, 113.99741364, 32.32999802, 0.00000000
1, 0.1500, 22, 0.10915907, -0.95467246, 0.00274358, 4.76577282, -34.50420380, -35.15372086, -36.42210007, 6.63548660, -70.35954285, 95.66149902, -21.64585304, 0.57665604, -0.65867305, 0.72860628, -0.12239225, 0.14248812, -0.47886366, 0.03001267, 0.08728869, 99.96300507, 113.99741364, 32.32999802, 0.00000000
1, 0.1550, 23, 0.10943577, -0.94687569, -0.00518217, 3.66179967, -35.76124191, -41.26871109, -36.42210007, 6.63548660, -70.35954285, 95.74158478, -21.42297554, 0.40703458, -0.65862286, 0.72914946, -0.12208903, 0.14018303, -0.47560751, 0.02097591, 0.09667438, 99.96300507, 113.99741364, 32.32999802, 0.00000000
1, 0.1600, 24, 0.10385042, -0.94249904, -0.00513783, 2.77027225, -36.69415665, -46.29205704, -36.18824768, 6.46009922, -69.89184570, 95.81708527, -21.17444611, 0.23570187, -0.65862322, 0.72969460, -0.12165797, 0.13769811, -0.46608639, 0.01519322, 0.09802003, 99.96300507, 113.99741364, 32.32999802, 0.00000000
1, 0.1650, 25, 0.09912623, -0.94704759, -0.00266099, 1.95458114, -38.01016235, -51.29045486, -36.18824768, 6.46009922, -69.89184570, 95.88906860, -20.90019798, 0.06068244, -0.65866792, 0.73024523, -0.12111005, 0.13502213, -0.45700753, 0.01818376, 0.09687142, 99.96300507, 113.99741364, 32.32999802, 0.00000000
1, 0.1700, 26, 0.09270485, -0.94984663, 0.00453355, 1.06996441, -39.47021103, -56.11614227, -36.18824768, 6.46009922, -69.89184570, 95.95729065, -20.60100555, -0.11879100, -0.65875661, 0.73079789, -0.12045497, 0.13215485, -0.44582438, 0.01927931, 0.09097068, 99.96300507, 113.99741364, 32.32999802, 0.00000000
1, 0.1750, 27, 0.08519791, -0.95446992, 0.00884048, -0.03043760, -40.75560379, -61.04008102, -35.25284958, 6.60625553, -70.15492249, 96.02025604, -20.27649307, -0.30165753, -0.65889579, 0.73134500, -0.11968547, 0.12909789, -0.43312860, 0.02206949, 0.08788293, 99.96300507, 113.99741364, 32.32999802, 0.00000000
1, 0.1800, 28, 0.08138753, -0.96174121, 0.01612009, -1.31388938, -41.65468979, -66.16279602, -35.25284958, 6.60625553, -70.15492249, 96.07610321, -19.92587471, -0.48569459, -0.65909344, 0.73187864, -0.11878473, 0.12585667, -0.42369920, 0.02736740, 0.08174315, 99.96300507, 113.99741364, 32.32999802, 0.00000000
1, 0.2150, 29, 0.09189714, -1.01124597, 0.06108997, -10.01216793, -47.54742813, -99.73745728, -32.85588837, 6.75241137, -70.09646606, 96.26320648, -16.77669716, -1.79988587, -0.66190696, 0.73509294, -0.10892378, 0.09825119, -0.38289249, 0.06008498, 0.04184921, 99.96300507, 113.99741364, 32.32999802, 0.00000000
1, 0.2200, 30, 0.09132648, -1.01456356, 0.05981123, -11.26224422, -48.05100632, -103.90475464, -32.85588837, 6.75241137, -70.09646606, 96.25984955, -16.23450661, -1.99081635, -0.66248387, 0.73545104, -0.10703522, 0.09365076, -0.37334046, 0.06073480, 0.04339062, 99.96300507, 113.99741364, 32.32999802, 0.00000000
1, 0.2250, 31, 0.08200464, -1.02055693, 0.06221388, -12.01088333, -48.79882050, -107.87394714, -31.92049026, 5.84624386, -69.51184082, 96.25125885, -15.67220879, -2.18291497, -0.66308057, 0.73578960, -0.10504143, 0.08890551, -0.35467732, 0.06403047, 0.04112539, 99.96300507, 113.99741364, 32.32999802, 0.00000000
1, 0.2300, 32, 0.06922391, -1.02753878, 0.07359880, -12.82541084, -49.93516541, -111.64125061, -31.92049026, 5.84624386, -69.51184082, 96.23758698, -15.09062862, -2.37836146, -0.66369462, 0.73610556, -0.10296024, 0.08400849, -0.33222467, 0.06829205, 0.02978055, 99.96300507, 113.99741364, 32.32999802, 0.00000000
1, 0.2350, 33, 0.05006393, -1.03603590, 0.09189980, -13.73814392, -51.70652390, -115.10695648, -30.54662323, 4.09237051, -70.12569427, 96.21910858, -14.49093437, -2.58063173, -0.66432321, 0.73639488, -0.10081968, 0.07894748, -0.30307347, 0.07406589, 0.01142288, 99.96300507, 113.99741364, 32.32999802, 0.00000000
1, 0.2400, 34, 0.02552680, -1.04116023, 0.10178086, -14.80579376, -52.40258789, -118.43991089, -30.54662323, 4.09237051, -70.12569427, 96.19329834, -13.86720657, -2.78443313, -0.66497922, 0.73665226, -0.09855245, 0.07371301, -0.26814568, 0.07648524, 0.00135990, 99.96300507, 113.99741364, 32.32999802, 0.00000000
1, 0.2450, 35, 0.00077760, -1.05261993, 0.10230375, -15.81435490, -52.08939362, -121.71451569, -30.54662323, 4.09237051, -70.12569427, 96.15959930, -13.23465919, -2.98451948, -0.66565222, 0.73686326, -0.09621161, 0.06843387, -0.23267716, 0.08528587, 0.00050436, 99.96300507, 113.99741364, 32.32999802, 0.00000000
1, 0.2500, 36, -0.01803106, -1.05791616, 0.10438702, -16.72009850, -51.39818192, -124.73605347, -29.43583679, 2.45542240, -70.56416321, 96.11799622, -12.58759594, -3.17934775, -0.66634339, 0.73703289, -0.09375313, 0.06308291, -0.20293377, 0.08798084, -0.00203414, 99.96300507, 113.99741364, 32.32999802, 0.00000000
1, 0.2550, 37, -0.02923279, -1.06445837, 0.10605605, -17.30703545, -50.56822205, -127.61814117, -29.43583679, 2.45542240, -70.56416321, 96.07001495, -11.92678928, -3.36843300, -0.66704124, 0.73716837, -0.09117626, 0.05767000, -0.18052953, 0.09198213, -0.00426584, 99.96300507, 113.99741364, 32.32999802, 0.00000000
1, 0.2600, 38, -0.03483423, -1.06649172, 0.10967902, -17.50068855, -50.00325012, -130.93217468, -28.50043869, 5.34931278, -70.56416321, 96.01797485, -11.24995232, -3.55302763, -0.66773123, 0.73728228, -0.08847360, 0.05217558, -0.16342695, 0.09153512, -0.00852554, 99.96300507, 113.99741364, 32.32999802, 0.00000000
1, 0.2750, 39, -0.05486204, -1.08958483, 0.15496890, -18.98147583, -46.84553146, -138.26911926, -27.00964546, 5.70008755, -71.03186035, 95.83214569, -9.14344978, -4.07204580, -0.66976619, 0.73743743, -0.07967095, 0.03538264, -0.10750308, 0.10767853, -0.05631293, 99.96300507, 113.99741364, 32.32999802, 0.00000000
1, 0.2800, 40, -0.05964905, -1.08308971, 0.15080033, -19.77977943, -45.81301880, -139.49623108, -27.00964546, 5.70008755, -71.03186035, 95.75605011, -8.42691422, -4.23261738, -0.67045480, 0.73738950, -0.07656143, 0.02975750, -0.09037468, 0.09912481, -0.05322967, 99.96300507, 113.99741364, 32.32999802, 0.00000000
1, 0.2850, 41, -0.06471587, -1.07951140, 0.14402358, -19.40189171, -44.88531876, -140.28511047, -25.66501045, 6.10932446, -70.94416809, 95.67920685, -7.70711231, -4.38879681, -0.67110753, 0.73732305, -0.07339560, 0.02413901, -0.07287016, 0.09363338, -0.04760260, 99.96300507, 113.99741364, 32.32999802, 0.00000000
1, 0.2900, 42, -0.06259643, -1.08379292, 0.14356732, -17.98702812, -44.40262604, -141.02772522, -25.66501045, 6.10932446, -70.94416809, 95.60817719, -6.98235178, -4.54300308, -0.67168272, 0.73727530, -0.07017797, 0.01850660, -0.06247804, 0.09614655, -0.04824351, 99.96300507, 113.99741364, 32.32999802, 0.00000000
1, 0.2950, 43, -0.05398710, -1.09410167, 0.14874120, -16.78606415, -43.82324219, -141.51992798, -25.66501045, 6.10932446, -70.94416809, 95.53996277, -6.25727606, -4.69457674, -0.67219913, 0.73722607, -0.06693259, 0.01289226, -0.05852675, 0.10483861, -0.05444655, 99.96300507, 113.99741364, 32.32999802, 0.00000000
1, 0.3000, 44, -0.04112174, -1.10260320, 0.15885729, -16.29907799, -43.03966141, -142.06829834, -23.96959877, 6.10932446, -71.32417297, 95.47191620, -5.53001308, -4.84262180, -0.67267388, 0.73716098, -0.06364340, 0.00728784, -0.05880653, 0.11187428, -0.06558861, 99.96300507, 113.99741364, 32.32999802, 0.00000000
1, 0.3050, 45, -0.02355024, -1.10822606, 0.17010827, -15.80560112, -42.81135941, -142.70007324, -23.96959877, 6.10932446, -71.32417297, 95.40436554, -4.79988098, -4.98991442, -0.67310518, 0.73708057, -0.06032433, 0.00167318, -0.06372981, 0.11618593, -0.07786191, 99.96300507, 113.99741364, 32.32999802, 0.00000000
1, 0.3100, 46, -0.01458117, -1.10755372, 0.17871796, -15.52309322, -42.73003387, -143.08729553, -22.53726959, 4.12160206, -71.47032928, 95.33637238, -4.06802702, -5.13731909, -0.67349875, 0.73697782, -0.05698771, -0.00394957, -0.05999342, 0.11436540, -0.08752710, 99.96300507, 113.99741364, 32.32999802, 0.00000000
1, 0.3150, 47, -0.01279705, -1.10352886, 0.18140388, -15.34663963, -42.65466309, -143.26303101, -22.53726959, 4.12160206, -71.47032928, 95.26740265, -3.33550620, -5.28502131, -0.67385781, 0.73684913, -0.05364087, -0.00957453, -0.04903112, 0.10936293, -0.09131269, 99.96300507, 113.99741364, 32.32999802, 0.00000000
1, 0.3200, 48, -0.02889829, -1.09916925, 0.18008538, -14.76248932, -41.07037735, -143.75846863, -22.12803268, 6.57702398, -71.64571381, 95.19907379, -2.60139585, -5.42536736, -0.67417276, 0.73670775, -0.05022934, -0.01516150, -0.02014029, 0.10419518, -0.09115309, 99.96300507, 113.99741364, 32.32999802, 0.00000000
1, 0.3450, 49, -0.08221913, -1.08384860, 0.19635862, -8.50573826, -28.75171089, -142.45785522, -18.79567337, 5.90470600, -71.99649048, 94.91550446, 1.03442967, -5.98267269, -0.67483801, 0.73606342, -0.03235206, -0.04192438, 0.09663402, 0.08733523, -0.11247312, 99.96300507, 113.99741364, 32.32999802, 0.00000000
1, 0.3500, 50, -0.07759105, -1.08114970, 0.20471902, -7.11923456, -25.71400833, -142.26289368, -18.79567337, 5.90470600, -71.99649048, 94.87648773, 1.75392056, -6.05127668, -0.67476773, 0.73598212, -0.02853474, -0.04695463, 0.10454948, 0.08482756, -0.12154157, 99.96300507, 113.99741364, 32.32999802, 0.00000000
1, 0.3550, 51, -0.07332832, -1.07394850, 0.21274458, -6.43446207, -23.48240852, -142.11328125, -18.79567337, 5.90470600, -71.99649048, 94.84042358, 2.47170305, -6.10930967, -0.67465168, 0.73589605, -0.02465658, -0.05190622, 0.11279306, 0.07798012, -0.13021883, 99.96300507, 113.99741364, 32.32999802, 0.00000000
1, 0.3600, 52, -0.07638089, -1.06046641, 0.20943759, -6.20373344, -21.88732910, -141.72767639, -18.29874229, 7.04472351, -72.25957489, 94.80513763, 3.18686724, -6.16003084, -0.67450434, 0.73579091, -0.02074335, -0.05679304, 0.12833531, 0.06502696, -0.12756188, 99.96300507, 113.99741364, 32.32999802, 0.00000000
1, 0.3650, 53, -0.08705425, -1.04838157, 0.19792734, -5.61894464, -20.11920547, -141.16717529, -18.29874229, 7.04472351, -72.25957489, 94.77267456, 3.89849281, -6.20260191, -0.67431462, 0.73567837, -0.01679651, -0.06160388, 0.15145385, 0.05363997, -0.11669955, 99.96300507, 113.99741364, 32.32999802, 0.00000000
1, 0.3700, 54, -0.10786352, -1.04208648, 0.21707343, -3.67700815, -18.69964600, -140.10650635, -17.15872574, 7.39549828, -71.82110596, 94.74986267, 4.60426378, -6.23890448, -0.67404062, 0.73559779, -0.01284630, -0.06633444, 0.18453301, 0.04814982, -0.13641350, 99.96300507, 113.99741364, 32.32999802, 0.00000000
1, 0.3750, 55, -0.12502593, -1.03106952, 0.22627790, -2.26316953, -17.61063194, -138.52119446, -17.15872574, 7.39549828, -71.82110596, 94.73408508, 5.30169010, -6.27067137, -0.67370093, 0.73553348, -0.00891833, -0.07098012, 0.21385327, 0.03810829, -0.14601928, 99.96300507, 113.99741364, 32.32999802, 0.00000000
1, 0.3800, 56, -0.15723273, -1.00982320, 0.23075332, -1.04147160, -15.02413464, -135.53071594, -17.15872574, 7.39549828, -71.82110596, 94.72521973, 5.98318243, -6.29088593, -0.67330760, 0.73548549, -0.00501338, -0.07545194, 0.25794858, 0.01797511, -0.15081660, 99.96300507, 113.99741364, 32.32999802, 0.00000000
1, 0.4150, 57, -0.14426742, -0.95698214, 0.19858953, 14.51552391, 2.64597893, -117.18559265, -15.14177132, 8.15550995, -72.34726715, 94.99414825, 10.33090115, -6.05603027, -0.66843861, 0.73643667, 0.02195713, -0.10182736, 0.32061031, -0.02387647, -0.11520341, 99.96300507, 113.99741364, 32.32999802, 0.00000000
1, 0.4200, 58, -0.11314559, -0.95997775, 0.19545102, 16.88369560, 4.23087025, -115.60060883, -14.26483440, 7.48319197, -72.20111084, 95.09042358, 10.90512562, -5.98385525, -0.66737896, 0.73681825, 0.02571702, -0.10508512, 0.29938483, -0.01891512, -0.11056252, 99.96300507, 113.99741364, 32.32999802, 0.00000000
1, 0.4250, 59, -0.09103295, -0.95865417, 0.18829702, 18.15748024, 5.17521381, -113.84171295, -14.26483440, 7.48319197, -72.20111084, 95.19481659, 11.47007465, -5.90649796, -0.66626793, 0.73722452, 0.02944168, -0.10826006, 0.28701735, -0.01817861, -0.10176586, 99.96300507, 113.99741364, 32.32999802, 0.00000000
1, 0.4300, 60, -0.09698699, -0.94841969, 0.17989336, 19.04803467, 5.48618031, -111.95282745, -14.26483440, 7.48319197, -72.20111084, 95.30480957, 12.02534580, -5.82719707, -0.66512007, 0.73764229, 0.03310981, -0.11136854, 0.30253261, -0.02627975, -0.09170322, 99.96300507, 113.99741364, 32.32999802, 0.00000000
1, 0.4350, 61, -0.11083622, -0.93215859, 0.17509761, 20.82296181, 6.50351906, -108.69130707, -13.56328583, 9.26629639, -71.73341370, 95.42552185, 12.56376839, -5.74293756, -0.66391319, 0.73810381, 0.03669336, -0.11434951, 0.32564551, -0.04036022, -0.08508652, 99.96300507, 113.99741364, 32.32999802, 0.00000000
1, 0.4400, 62, -0.11931213, -0.92191803, 0.18255717, 22.52980042, 7.27572823, -105.39972687, -13.56328583, 9.26629639, -71.73341370, 95.56052399, 13.07122898, -5.65362453, -0.66263956, 0.73863697, 0.04010613, -0.11711457, 0.34293804, -0.04842227, -0.09053239, 99.96300507, 113.99741364, 32.32999802, 0.00000000
1, 0.4450, 63, -0.14374113, -0.91288483, 0.18038674, 23.29149246, 9.83975601, -101.63278198, -12.68634892, 9.79245853, -72.31803131, 95.69894409, 13.57255936, -5.55289650, -0.66135335, 0.73916692, 0.04354551, -0.11978254, 0.37586144, -0.05524015, -0.08625179, 99.96300507, 113.99741364, 32.32999802, 0.00000000
1, 0.4500, 64, -0.19318078, -0.91351414, 0.17968686, 22.70983124, 14.68861198, -97.75921631, -12.68634892, 9.79245853, -72.31803131, 95.84115601, 14.05196667, -5.42782688, -0.66008323, 0.73969811, 0.04700235, -0.12217878, 0.43352324, -0.05237820, -0.08349395, 99.96300507, 113.99741364, 32.32999802, 0.00000000
1, 0.4550, 65, -0.18452178, -0.93743551, 0.17250253, 22.96275711, 18.15323639, -93.96432495, -12.68634892, 9.79245853, -72.31803131, 95.98994446, 14.51044178, -5.28544712, -0.65880519, 0.74024910, 0.05043466, -0.12435216, 0.43273082, -0.02621915, -0.07404979, 99.96300507, 113.99741364, 32.32999802, 0.00000000
1, 0.4600, 66, -0.14497527, -0.95469975, 0.19693618, 20.59925079, 17.47582245, -89.77917480, -12.59865570, 10.66939449, -72.02572632, 96.12693024, 14.94808102, -5.14732504, -0.65761590, 0.74072480, 0.05372421, -0.12641926, 0.40059888, -0.00680511, -0.09623817, 99.96300507, 113.99741364, 32.32999802, 0.00000000
1, 0.5050, 67, -0.20268181, -0.84224784, 0.09578105, 9.51335335, 0.87179315, -28.48218346, -11.78018093, 8.76936531, -71.55802155, 96.72247314, 17.48764420, -4.67222452, -0.65153342, 0.74216604, 0.07081185, -0.14028361, 0.50239217, -0.10533251, 0.01377583, 99.96300507, 113.99741364, 32.32999802, 0.00000000
1, 0.5100, 68, -0.21051037, -0.79949713, 0.07928003, 11.83592892, -1.11484003, -20.28678894, -10.66939449, 10.96170712, -71.41186523, 96.78337097, 17.58918762, -4.66568375, -0.65103072, 0.74243093, 0.07136486, -0.14093469, 0.51211989, -0.14735889, 0.03123494, 99.96300507, 113.99741364, 32.32999802, 0.00000000
1, 0.5150, 69, -0.21190153, -0.76922667, 0.07617854, 14.94278336, -3.04657388, -11.18870831, -10.66939449, 10.96170712, -71.41186523, 96.85522461, 17.64671516, -4.67467165, -0.65048784, 0.74280047, 0.07154948, -0.14139917, 0.51466537, -0.17712769, 0.03547446, 99.96300507, 113.99741364, 32.32999802, 0.00000000
1, 0.5200, 70, -0.20199110, -0.76020229, 0.09892214, 18.90094948, -4.63846731, -1.42737472, -11.86787510, 11.45863724, -71.20724487, 96.94267273, 17.65679169, -4.69792128, -0.64988047, 0.74330342, 0.07134870, -0.14165021, 0.50506365, -0.18590778, 0.01413505, 99.96300507, 113.99741364, 32.32999802, 0.00000000
1, 0.5250, 71, -0.18294694, -0.77047169, 0.13401027, 21.94809532, -7.32267141, 8.52983379, -11.86787510, 11.45863724, -71.20724487, 97.03935242, 17.61912346, -4.74140644, -0.64924270, 0.74390727, 0.07073036, -0.14171496, 0.48550397, -0.17563900, -0.01933524, 99.96300507, 113.99741364, 32.32999802, 0.00000000
1, 0.5300, 72, -0.16489919, -0.78687620, 0.16114393, 23.12622261, -11.31408978, 18.58483315, -11.86787510, 11.45863724, -71.20724487, 97.13385010, 17.53406906, -4.81214523, -0.64863950, 0.74455041, 0.06966536, -0.14162731, 0.46617168, -0.15946682, -0.04482765, 99.96300507, 113.99741364, 32.32999802, 0.00000000
1, 0.5350, 73, -0.16498348, -0.80195308, 0.15385982, 23.40648651, -14.61391258, 28.52753639, -11.60479355, 12.13095570, -71.55802155, 97.22290039, 17.40182114, -4.90656328, -0.64809614, 0.74521041, 0.06818224, -0.14136527, 0.46426928, -0.14481777, -0.03599715, 99.96300507, 113.99741364, 32.32999802, 0.00000000
1, 0.5400, 74, -0.17713763, -0.81178260, 0.14058410, 23.67107010, -16.05763626, 40.96832657, -11.60479355, 12.13095570, -71.55802155, 97.31179047, 17.17983246, -5.01523781, -0.64763856, 0.74594021, 0.06609183, -0.14060409, 0.47320211, -0.13578899, -0.02118512, 99.96300507, 113.99741364, 32.32999802, 0.00000000
1, 0.5450, 75, -0.15639487, -0.86693001, 0.14531602, 25.42952538, -20.51173592, 53.10804367, -11.66325665, 11.80941200, -71.49955750, 97.39809418, 16.92970085, -5.15672016, -0.64718878, 0.74668747, 0.06363001, -0.13984218, 0.44831556, -0.08172502, -0.02434347, 99.96300507, 113.99741364, 32.32999802, 0.00000000
1, 0.5500, 76, -0.01051104, -1.00845957, 0.11086950, 26.45825005, -24.66801262, 59.79600906, -11.66325665, 11.80941200, -71.49955750, 97.48269653, 16.64927864, -5.32438850, -0.64675176, 0.74745136, 0.06082618, -0.13902810, 0.29793227, 0.05866740, 0.01182676, 99.96300507, 113.99741364, 32.32999802, 0.00000000
1, 0.5800, 77, 0.68649292, -1.18648672, -0.25335678, 6.86643744, -48.41214752, 87.31089783, -12.33557415, 11.40017509, -71.58725739, 97.37060547, 14.40167427, -6.91372967, -0.64811897, 0.74880457, 0.03767171, -0.13347049, -0.43548673, 0.22677806, 0.37750536, 99.96300507, 113.99741364, 32.32999802, 0.00000000
1, 0.5850, 78, 0.98399103, -1.23915994, -0.29371172, 2.97632241, -52.20917130, 78.61202240, -12.62788677, 11.22478771, -71.29494476, 97.30827332, 14.04472065, -7.23202372, -0.64855361, 0.74871409, 0.03360907, -0.13295098, -0.73913085, 0.27781409, 0.41777167, 99.96300507, 113.99741364, 32.32999802, 0.00000000
1, 0.5900, 79, 1.22394323, -1.28218794, -0.26218763, -1.93561089, -57.31871796, 67.61648560, -12.62788677, 11.22478771, -71.29494476, 97.21616364, 13.75064754, -7.56917048, -0.64909226, 0.74840975, 0.02981840, -0.13293988, -0.98443604, 0.31930754, 0.38552946, 99.96300507, 113.99741364, 32.32999802, 0.00000000
1, 0.5950, 80, 1.37709296, -1.30230069, -0.26303017, -5.45438862, -62.24480438, 59.65710831, -12.54019260, 11.07863140, -71.55802155, 97.10590363, 13.49285126, -7.92473555, -0.64968848, 0.74797148, 0.02613696, -0.13326859, -1.14202237, 0.33811921, 0.38503522, 99.96300507, 113.99741364, 32.32999802, 0.00000000
1, 0.6000, 81, 1.25685346, -1.27509677, -0.33322877, -8.85508347, -88.82242584, 51.14511490, -12.54019260, 11.07863140, -71.55802155, 96.94996643, 13.29248810, -8.40967083, -0.65036619, 0.74725914, 0.02199716, -0.13469869, -1.02526665, 0.30986288, 0.45267105, 99.96300507, 113.99741364, 32.32999802, 0.00000000
1, 0.6050, 82, 0.98712015, -1.26084554, -0.31747803, -5.09833002, -113.52142334, 54.08390427, -12.54019260, 11.07863140, -71.55802155, 96.78556824, 13.09082699, -9.02135563, -0.65094608, 0.74649262, 0.01703712, -0.13684988, -0.75896657, 0.29445982, 0.43361819, 99.96300507, 113.99741364, 32.32999802, 0.00000000
1, 0.6100, 83, 0.62897885, -1.27081978, -0.26704714, -0.94359767, -131.94387817, 61.26833725, -12.97866154, 11.16632557, -71.99649048, 96.62247467, 12.86244106, -9.73004627, -0.65142387, 0.74571353, 0.01129407, -0.13939440, -0.40469423, 0.30316371, 0.37961259, 99.96300507, 113.99741364, 32.32999802, 0.00000000
1, 0.6150, 84, 0.26102254, -1.27703142, -0.20338823, 4.63044739, -140.66464233, 71.11960602, -12.97866154, 11.16632557, -71.99649048, 96.47963715, 12.58821869, -10.48748302, -0.65175539, 0.74501270, 0.00494845, -0.14193861, -0.04135745, 0.30797386, 0.31262067, 99.96300507, 113.99741364, 32.32999802, 0.00000000
1, 0.6200, 85, -0.09685045, -1.30525136, -0.13764705, 11.16566277, -140.28768921, 82.50746918, -12.97866154, 10.81555080, -72.84420013, 96.37286377, 12.25567150, -11.24791527, -0.65191209, 0.74446678, -0.00179638, -0.14414108, 0.31094712, 0.33467299, 0.24410915, 99.96300507, 113.99741364, 32.32999802, 0.00000000
1, 0.6250, 86, -0.36162451, -1.35231113, -0.04433898, 16.54384422, -129.31907654, 94.82849121, -12.97866154, 10.81555080, -72.84420013, 96.30838776, 11.85487270, -11.95788860, -0.65193892, 0.74410540, -0.00866176, -0.14562941, 0.56894565, 0.38003749, 0.14894362, 99.96300507, 113.99741364, 32.32999802, 0.00000000
1, 0.6700, 87, 0.09827158, -0.78415620, 0.38770294, 26.35423470, -0.98608536, 100.84708405, -14.84945869, 8.88629055, -73.19496918, 96.91563416, 7.19624519, -13.98403549, -0.65122408, 0.74650323, -0.04962246, -0.12719226, 0.02819683, -0.20117554, -0.26986936, 99.96300507, 113.99741364, 32.32999802, 0.00000000
1, 0.6750, 88, 0.13534857, -0.74248874, 0.44653991, 30.10284424, -7.74141121, 102.11053467, -14.84945869, 8.88629055, -73.19496918, 97.05530548, 6.69440413, -14.08440304, -0.65077800, 0.74709481, -0.05332945, -0.12447213, -0.01771202, -0.24372363, -0.32607657, 99.96300507, 113.99741364, 32.32999802, 0.00000000
1, 0.6800, 89, 0.14503078, -0.72207224, 0.48779446, 33.45180893, -16.82522202, 103.00811005, -15.93101406, 8.65244102, -73.16574097, 97.20729828, 6.19397211, -14.23186684, -0.65019214, 0.74771351, -0.05734082, -0.12201187, -0.03618432, -0.26488155, -0.36458564, 99.96300507, 113.99741364, 32.32999802, 0.00000000
1, 0.6850, 90, 0.09999055, -0.71529114, 0.47689998, 35.97506714, -25.53986931, 102.73321533, -15.93101406, 8.65244102, -73.16574097, 97.36859894, 5.70079613, -14.42385197, -0.64948529, 0.74834067, -0.06160282, -0.11983433, 0.00028392, -0.27220321, -0.35093409, 99.96300507, 113.99741364, 32.32999802, 0.00000000
1, 0.6900, 91, 0.01469748, -0.72774541, 0.43514124, 37.14585495, -31.61386871, 100.78588104, -15.93101406, 8.65244102, -73.16574097, 97.54682922, 5.21876001, -14.64482403, -0.64862227, 0.74902594, -0.06599978, -0.11787075, 0.07726420, -0.26011214, -0.30635148, 99.96300507, 113.99741364, 32.32999802, 0.00000000
1, 0.6950, 92, -0.08339075, -0.75867510, 0.40745565, 36.00093079, -34.77980042, 97.28987122, -16.72025681, 8.12627888, -72.40573120, 97.70743561, 4.75975561, -14.88183117, -0.64783078, 0.74958497, -0.07034376, -0.11614398, 0.16732305, -0.22946751, -0.27595782, 99.96300507, 113.99741364, 32.32999802, 0.00000000
1, 0.7000, 93, -0.18451351, -0.79221165, 0.36344850, 33.37949753, -36.71038437, 92.58024597, -16.72025681, 8.12627888, -72.40573120, 97.85612488, 4.32598734, -15.12637615, -0.64708149, 0.75005782, -0.07457400, -0.11461909, 0.26089543, -0.19612089, -0.22955450, 99.96300507, 113.99741364, 32.32999802, 0.00000000
1, 0.7050, 94, -0.32005936, -0.83241224, 0.32835254, 30.15941620, -36.42721939, 86.84436798, -16.98333740, 6.40163708, -72.43495941, 97.99075317, 3.92100072, -15.36653614, -0.64639741, 0.75044459, -0.07859136, -0.11325517, 0.38933587, -0.15605912, -0.19240475, 99.96300507, 113.99741364, 32.32999802, 0.00000000
1, 0.7100, 95, -0.41979027, -0.85624278, 0.32748055, 26.71321487, -34.72235107, 82.75765991, -16.98333740, 6.40163708, -72.43495941, 98.11039734, 3.53556490, -15.59620476, -0.64580101, 0.75074285, -0.08240876, -0.11196071, 0.48228082, -0.13237175, -0.18959263, 99.96300507, 113.99741364, 32.32999802, 0.00000000
1, 0.7150, 96, -0.55678052, -0.88741410, 0.30514264, 22.76281357, -29.72955132, 77.91449738, -16.98333740, 6.40163708, -72.43495941, 98.21335602, 3.17098927, -15.79836273, -0.64531863, 0.75095963, -0.08590646, -0.11065178, 0.61290503, -0.10128981, -0.16579375, 99.96300507, 113.99741364, 32.32999802, 0.00000000
1, 0.7750, 97, -0.01317128, -1.03453004, 0.06285848, 10.73868370, -6.26195288, 50.58516312, -18.97106171, 8.94475269, -71.70417786, 99.25289917, -0.46022069, -16.10096741, -0.64180809, 0.75395894, -0.10926694, -0.08768683, 0.00604247, 0.04742243, 0.09595905, 99.96300507, 113.99741364, 32.32999802, 0.00000000
1, 0.7800, 98, 0.02804640, -0.99094343, 0.08521134, 12.48174286, -11.97907257, 51.40816879, -19.46799088, 8.41859055, -72.02572632, 99.31697845, -0.70423937, -16.20112610, -0.64153141, 0.75401950, -0.11133879, -0.08657845, -0.03948902, 0.00400990, 0.07483056, 99.96300507, 113.99741364, 32.32999802, 0.00000000
1, 0.7850, 99, 0.04975118, -0.97265279, 0.16350007, 14.08788681, -18.27502632, 51.62322998, -19.46799088, 8.41859055, -72.02572632, 99.38995361, -0.94411516, -16.33282852, -0.64116830, 0.75409567, -0.11359958, -0.08566269, -0.06560077, -0.01415140, -0.00215348, 99.96300507, 113.99741364, 32.32999802, 0.00000000
1, 0.7900, 100, 0.04856847, -0.95722818, 0.23725156, 12.99459457, -25.15677071, 50.59681320, -19.46799088, 8.41859055, -72.02572632, 99.46483612, -1.16865420, -16.49815941, -0.64075422, 0.75415438, -0.11599541, -0.08503143, -0.06861070, -0.02941809, -0.07462666, 99.96300507, 113.99741364, 32.32999802, 0.00000000
1, 0.7950, 101, 0.03097200, -0.94188964, 0.26567808, 10.37364101, -29.29441833, 49.33977890, -19.14644814, 8.44782257, -71.35340118, 99.52144623, -1.38799202, -16.68298340, -0.64044201, 0.75408721, -0.11847506, -0.08455929, -0.05491241, -0.04454157, -0.10200092, 99.96300507, 113.99741364, 32.32999802, 0.00000000
1, 0.8000, 102, 0.00062306, -0.92941070, 0.26663271, 8.44384193, -31.84931755, 47.69104767, -19.14644814, 8.44782257, -71.35340118, 99.56937408, -1.59695911, -16.87927437, -0.64017010, 0.75396025, -0.12096436, -0.08422656, -0.02825755, -0.05678789, -0.10217558, 99.96300507, 113.99741364, 32.32999802, 0.00000000
1, 0.8050, 103, -0.06439627, -0.92400646, 0.31755573, 7.44283104, -31.84795570, 45.81100845, -20.11107826, 8.27243519, -71.41186523, 99.61292267, -1.79650986, -17.07420158, -0.63992035, 0.75381023, -0.12338747, -0.08395113, 0.03311377, -0.06204570, -0.15249710, 99.96300507, 113.99741364, 32.32999802, 0.00000000
1, 0.8100, 104, -0.12860230, -0.92740548, 0.34139115, 6.67093945, -27.40582275, 43.29779434, -20.11107826, 8.27243519, -71.41186523, 99.65246582, -1.98721409, -17.24529266, -0.63970721, 0.75366414, -0.12560026, -0.08360377, 0.09389599, -0.05846202, -0.17582533, 99.96300507, 113.99741364, 32.32999802, 0.00000000
1, 0.8150, 105, -0.19985746, -0.94593430, 0.30797026, 7.01542044, -24.04045105, 41.06018829, -20.11107826, 8.27243519, -71.41186523, 99.69359589, -2.16956329, -17.39805794, -0.63949031, 0.75354862, -0.12764600, -0.08320618, 0.16201690, -0.03964687, -0.14193234, 99.96300507, 113.99741364, 32.32999802, 0.00000000
1, 0.8200, 106, -0.26097012, -0.96893549, 0.28524020, 7.23712158, -22.27921867, 38.85600281, -20.16954041, 9.09090900, -71.52879333, 99.73586273, -2.34240389, -17.54045868, -0.63926536, 0.75345457, -0.12957048, -0.08281095, 0.22013855, -0.01636874, -0.11868823, 99.96300507, 113.99741364, 32.32999802, 0.00000000
1, 0.8700, 107, -0.19405909, -0.99966311, 0.21947344, 7.13024044, 12.94353199, 25.36057091, -21.01724625, 7.62934828, -71.26570892, 100.16213989, -3.88623118, -17.71657753, -0.63768923, 0.75401866, -0.13953488, -0.07306467, 0.12632053, 0.01718934, -0.04569502, 99.96600342, 113.74507904, 32.38000107, 0.00000000
1, 0.8750, 108, -0.17146683, -1.00250340, 0.20148331, 6.04659414, 14.01165867, 23.99773788, -21.01724625, 7.62934828, -71.26570892, 100.18935394, -4.01655579, -17.66847610, -0.63764977, 0.75408679, -0.13995151, -0.07189849, 0.10147524, 0.02030277, -0.02718633, 99.96600342, 113.74507904, 32.38000107, 0.00000000
1, 0.8800, 109, -0.16018669, -1.00289106, 0.19742920, 5.43803978, 14.13238811, 23.09700584, -21.95264435, 8.65244102, -70.79801178, 100.21331787, -4.14258289, -17.61903381, -0.63762736, 0.75414288, -0.14033313, -0.07075700, 0.08799100, 0.02092726, -0.02271090, 99.96600342, 113.74507904, 32.38000107, 0.00000000
1, 0.8850, 110, -0.14552845, -1.00312817, 0.17890932, 5.01201057, 13.87096977, 22.21989250, -21.95264435, 8.65244102, -70.79801178, 100.23506165, -4.26409197, -17.57015800, -0.63761389, 0.75419039, -0.14069176, -0.06965104, 0.07125223, 0.02141529, -0.00380537, 99.96600342, 113.74507904, 32.38000107, 0.00000000
1, 0.8900, 111, -0.13621666, -1.00849104, 0.15890841, 4.98094559, 13.42564392, 21.89420319, -21.95264435, 8.65244102, -70.79801178, 100.25308990, -4.39156723, -17.52276802, -0.63762736, 0.75420845, -0.14109020, -0.06851798, 0.05983269, 0.02703182, 0.01652028, 99.96600342, 113.74507904, 32.38000107, 0.00000000
1, 0.8950, 112, -0.12537256, -1.01288104, 0.15429050, 5.37789202, 12.91116619, 21.70162773, -21.89418221, 8.88629055, -71.35340118, 100.27678680, -4.50970602, -17.47823906, -0.63759267, 0.75426430, -0.14145917, -0.06745560, 0.04686878, 0.03165726, 0.02149265, 99.96600342, 113.74507904, 32.38000107, 0.00000000
1, 0.9000, 113, -0.10761585, -1.01720977, 0.14770712, 5.37924910, 12.71148777, 21.31127548, -21.89418221, 8.88629055, -71.35340118, 100.30047607, -4.62576151, -17.43438911, -0.63755471, 0.75432128, -0.14182068, -0.06641057, 0.02709742, 0.03622948, 0.02849249, 99.96600342, 113.74507904, 32.38000107, 0.00000000
1, 0.9050, 114, -0.08786001, -1.01331651, 0.14869101, 5.34682369, 12.37142467, 20.95306206, -22.06957054, 7.01549244, -71.35340118, 100.32399750, -4.73977280, -17.39193916, -0.63751400, 0.75437748, -0.14217962, -0.06538683, 0.00535209, 0.03256717, 0.02793784, 99.96600342, 113.74507904, 32.38000107, 0.00000000
1, 0.9100, 115, -0.07763317, -1.01299763, 0.14264974, 5.59670210, 12.24024296, 20.70139122, -22.06957054, 7.01549244, -71.35340118, 100.34870911, -4.85244513, -17.34994888, -0.63746303, 0.75444090, -0.14253445, -0.06437282, -0.00682781, 0.03249562, 0.03439265, 99.96600342, 113.74507904, 32.38000107, 0.00000000
1, 0.9150, 116, -0.06998770, -1.01890433, 0.14882517, 5.77451372, 12.17888069, 20.41724586, -22.06957054, 7.01549244, -71.35340118, 100.37424469, -4.96368456, -17.30805969, -0.63740408, 0.75450999, -0.14288203, -0.06336755, -0.01642687, 0.03863430, 0.02863130, 99.96600342, 113.74507904, 32.38000107, 0.00000000
1, 0.9400, 117, -0.04990123, -1.01934004, 0.21927662, 4.35397482, 15.23532391, 21.73500633, -22.01110840, 7.24934244, -70.53492737, 100.48128510, -5.53482962, -17.06682396, -0.63725442, 0.75475830, -0.14447428, -0.05808677, -0.04663081, 0.04018380, -0.04011041, 99.96600342, 113.74507904, 32.38000107, 0.00000000
1, 0.9450, 118, -0.05597225, -1.02012396, 0.22869676, 4.20388126, 16.05195236, 22.49247742, -22.01110840, 7.24934244, -70.53492737, 100.49681854, -5.65987587, -17.00787735, -0.63727206, 0.75477529, -0.14477712, -0.05690565, -0.04267513, 0.04121098, -0.04926980, 99.96600342, 113.74507904, 32.38000107, 0.00000000
1, 0.9500, 119, -0.06314702, -1.01838505, 0.23148844, 4.01759338, 16.87327385, 23.04021072, -22.01110840, 7.24934244, -70.53492737, 100.51097870, -5.78838348, -16.94540024, -0.63730115, 0.75478470, -0.14507450, -0.05568326, -0.03772597, 0.03973073, -0.05186980, 99.96600342, 113.74507904, 32.38000107, 0.00000000
1, 0.9550, 120, -0.06321263, -1.01114249, 0.22616492, 3.61499500, 17.87340546, 23.31453896, -22.44957542, 9.09090900, -70.44723511, 100.52248383, -5.91915655, -16.87824059, -0.63734972, 0.75478244, -0.14535183, -0.05442283, -0.03990844, 0.03276280, -0.04636513, 99.96600342, 113.74507904, 32.38000107, 0.00000000
1, 0.9600, 121, -0.06478696, -1.00010574, 0.23143061, 3.28153253, 19.01591110, 23.48622513, -22.44957542, 9.09090900, -70.44723511, 100.53160858, -6.05182028, -16.80558777, -0.63741571, 0.75477123, -0.14560187, -0.05312202, -0.04064328, 0.02198301, -0.05149803, 99.96600342, 113.74507904, 32.38000107, 0.00000000
1, 0.9650, 122, -0.06843378, -0.99011433, 0.24366821, 2.98593616, 19.98302269, 23.72335052, -23.70651817, 8.85705948, -71.14878845, 100.53859711, -6.18654585, -16.72837257, -0.63749701, 0.75475109, -0.14583187, -0.05178453, -0.03935334, 0.01223954, -0.06364389, 99.96600342, 113.74507904, 32.38000107, 0.00000000
1, 0.9700, 123, -0.08114450, -0.98061883, 0.25240263, 2.47476768, 21.18605423, 24.21421051, -23.70651817, 8.85705948, -71.14878845, 100.54225922, -6.32478619, -16.64565659, -0.63760251, 0.75471497, -0.14604314, -0.05039695, -0.02904671, 0.00299952, -0.07236356, 99.96600342, 113.74507904, 32.38000107, 0.00000000
1, 0.9750, 124, -0.08942066, -0.96667278, 0.25021550, 2.17058730, 22.85100555, 24.39797783, -23.70651817, 8.85705948, -71.14878845, 100.54327393, -6.46544933, -16.55484962, -0.63772792, 0.75467122, -0.14621305, -0.04895131, -0.02319689, -0.01067175, -0.07019901, 99.96600342, 113.74507904, 32.38000107, 0.00000000
1, 1.0100, 125, -0.03355489, -0.93246889, 0.16675740, 2.84643292, 20.33773804, 26.32744408, -23.91113663, 9.38322163, -70.88570404, 100.54848480, -7.46844578, -15.88455486, -0.63856083, 0.75436592, -0.14727184, -0.03851178, -0.09620333, -0.04265222, 0.01313932, 99.96600342, 113.74507904, 32.38000107, 0.00000000
1, 1.0150, 126, -0.02930693, -0.93972766, 0.15979607, 2.80567169, 17.98656464, 27.04306793, -24.34960556, 8.12627888, -70.56416321, 100.55438995, -7.61769629, -15.82008743, -0.63862693, 0.75430202, -0.14766301, -0.03714734, -0.10300906, -0.03503081, 0.02013223, 99.96600342, 113.74507904, 32.38000107, 0.00000000
1, 1.0200, 127, -0.04161669, -0.95273399, 0.15447643, 2.97922683, 15.50389004, 27.50746727, -24.34960556, 8.12627888, -70.56416321, 100.56270599, -7.76698828, -15.76836967, -0.63867068, 0.75423443, -0.14813881, -0.03585035, -0.09327253, -0.02164952, 0.02546713, 99.96600342, 113.74507904, 32.38000107, 0.00000000
1, 1.0250, 128, -0.05619633, -0.96492386, 0.14711507, 2.65887856, 12.63889408, 27.75872421, -24.34960556, 8.12627888, -70.56416321, 100.57125092, -7.91492224, -15.73109913, -0.63870579, 0.75415033, -0.14870206, -0.03464246, -0.08123842, -0.00907525, 0.03285325, 99.96600342, 113.74507904, 32.38000107, 0.00000000
1, 1.0300, 129, -0.06928271, -0.97348940, 0.14376904, 2.37807059, 9.42779064, 27.93112755, -24.67114830, 8.44782257, -70.91493988, 100.58056641, -8.06078625, -15.70993900, -0.63872820, 0.75405127, -0.14935994, -0.03353699, -0.07067375, -0.00012778, 0.03624319, 99.96600342, 113.74507904, 32.38000107, 0.00000000
1, 1.0350, 130, -0.09262463, -0.97924781, 0.13802184, 2.23030066, 6.95227814, 27.97916222, -24.67114830, 8.44782257, -70.91493988, 100.59081268, -8.20464993, -15.70113373, -0.63873869, 0.75394273, -0.15008815, -0.03251240, -0.04981236, 0.00602084, 0.04202854, 99.96600342, 113.74507904, 32.38000107, 0.00000000
1, 1.0400, 131, -0.13487558, -0.98897088, 0.11980551, 2.21117377, 5.62505674, 28.12302971, -24.72961044, 8.79859638, -70.24261475, 100.59054565, -8.34873390, -15.69743156, -0.63881576, 0.75376749, -0.15084782, -0.03152839, -0.01000112, 0.01614356, 0.06014439, 99.96600342, 113.74507904, 32.38000107, 0.00000000
1, 1.0450, 132, -0.16794524, -0.99329579, 0.11581966, 2.39830327, 4.82853889, 27.99650574, -24.72961044, 8.79859638, -70.24261475, 100.60313416, -8.49073792, -15.69922447, -0.63880473, 0.75365818, -0.15163553, -0.03057187, 0.02061607, 0.02085288, 0.06408669, 99.96600342, 113.74507904, 32.38000107, 0.00000000
1, 1.0500, 133, -0.19364004, -0.99673045, 0.11832697, 2.68929386, 4.24432707, 27.76856422, -24.72961044, 8.79859638, -70.24261475, 100.61761475, -8.63109493, -15.70374203, -0.63877887, 0.75355655, -0.15243225, -0.02963885, 0.04387532, 0.02468564, 0.06167908, 99.96600342, 113.74507904, 32.38000107, 0.00000000
1, 1.0550, 134, -0.21272627, -0.99435961, 0.13222624, 2.82484245, 4.73958921, 27.49822426, -25.31423569, 8.82782841, -69.95030975, 100.63233948, -8.77056885, -15.70558643, -0.63875067, 0.75345999, -0.15320617, -0.02869625, 0.06051400, 0.02270007, 0.04791766, 99.96600342, 113.74507904, 32.38000107, 0.00000000
1, 1.0800, 135, -0.22809987, -1.00288868, 0.20749407, 3.62564874, 11.65072250, 25.72489166, -25.69424057, 8.97398376, -70.44723511, 100.70302582, -9.45910454, -15.61687565, -0.63863260, 0.75308883, -0.15637664, -0.02349717, 0.06382705, 0.03319789, -0.02654654, 99.96600342, 113.74507904, 32.38000107, 0.00000000
1, 1.0850, 136, -0.22135906, -1.00440657, 0.22505815, 3.35137200, 13.64428425, 25.28516769, -25.69424057, 8.97398376, -70.44723511, 100.71275330, -9.59589577, -15.57248688, -0.63863915, 0.75302505, -0.15682854, -0.02232039, 0.05468553, 0.03510838, -0.04398893, 99.96600342, 113.74507904, 32.38000107, 0.00000000
1, 1.0900, 137, -0.21674065, -1.00120819, 0.23288180, 3.11014581, 15.84701920, 24.85001373, -26.07424736, 8.88629055, -70.15492249, 100.72541046, -9.73772144, -15.51763535, -0.63862890, 0.75298482, -0.15723918, -0.02104737, 0.04765121, 0.03233004, -0.05169563, 99.96600342, 113.74507904, 32.38000107, 0.00000000
1, 1.0950, 138, -0.22076796, -1.00125074, 0.24024451, 2.93805528, 18.19212341, 24.31221199, -26.07424736, 8.88629055, -70.15492249, 100.72882843, -9.87394428, -15.44966316, -0.63867712, 0.75291795, -0.15753129, -0.01975130, 0.04927071, 0.03278820, -0.05902162, 99.96600342, 113.74507904, 32.38000107, 0.00000000
1, 1.1000, 139, -0.21074675, -1.00526547, 0.25203821, 2.98614597, 19.98135185, 23.79341125, -26.07424736, 8.88629055, -70.15492249, 100.73067474, -10.00926971, -15.37226486, -0.63873470, 0.75285596, -0.15775622, -0.01841074, 0.03688965, 0.03718991, -0.07083888, 99.96600342, 113.74507904, 32.38000107, 0.00000000
1, 1.1050, 140, -0.19666354, -1.01648796, 0.26701683, 3.13430548, 25.34965134, 23.67411804, -25.75270271, 8.56474686, -70.53492737, 100.72837830, -10.14896679, -15.26792812, -0.63882279, 0.75280190, -0.15782714, -0.01689631, 0.02038876, 0.04879956, -0.08589274, 99.96600342, 113.74507904, 32.38000107, 0.00000000
1, 1.1100, 141, -0.19375351, -1.00903702, 0.22997813, 2.36623240, 26.99152565, 23.19724655, -25.75270271, 8.56474686, -70.53492737, 100.72042847, -10.28783607, -15.15488529, -0.63894576, 0.75272900, -0.15783569, -0.01534654, 0.01517833, 0.04180973, -0.04902944, 99.96600342, 113.74507904, 32.38000107, 0.00000000
1, 1.1150, 142, -0.19248606, -1.00960267, 0.21653785, 2.17554498, 28.09965515, 23.40134621, -26.22040367, 8.50628471, -70.12569427, 100.71030426, -10.42869949, -15.03642559, -0.63908088, 0.75264835, -0.15781936, -0.01375605, 0.01153741, 0.04279730, -0.03583279, 99.96600342, 113.74507904, 32.38000107, 0.00000000
1, 1.1200, 143, -0.15194362, -1.01243198, 0.22546005, 2.55585456, 29.13405800, 23.98199844, -26.22040367, 8.50628471, -70.12569427, 100.70094299, -10.57335281, -14.91326427, -0.63920927, 0.75257295, -0.15779305, -0.01211273, -0.03148970, 0.04602817, -0.04490606, 99.96600342, 113.74507904, 32.38000107, 0.00000000
1, 1.1250, 144, -0.12197447, -1.00952661, 0.23635307, 2.57927990, 30.26972389, 24.56960297, -26.22040367, 8.50628471, -70.12569427, 100.69041443, -10.72191906, -14.78488159, -0.63934344, 0.75249279, -0.15775380, -0.01041554, -0.06401958, 0.04353898, -0.05597846, 99.96600342, 113.74507904, 32.38000107, 0.00000000
1, 1.1600, 145, -0.10096152, -0.99025035, 0.17379320, 3.67125797, 38.29532242, 30.21513748, -27.44811440, 8.74013424, -69.86260986, 100.57884216, -11.88046169, -13.74859905, -0.64044011, 0.75173593, -0.15722807, 0.00297983, -0.10454804, 0.02786404, 0.00407688, 99.96600342, 113.74507904, 32.38000107, 0.00000000
1, 1.1650, 146, -0.07769306, -0.99338734, 0.17790657, 4.55479288, 39.07131195, 31.58941841, -28.00350761, 8.30166626, -70.27185059, 100.56736755, -12.07125378, -13.58158779, -0.64055085, 0.75164241, -0.15716755, 0.00517553, -0.13106120, 0.03162774, -0.00031369, 99.96600342, 113.74507904, 32.38000107, 0.00000000
1, 1.1700, 147, -0.06251936, -0.99849308, 0.17459665, 4.48629761, 39.14424133, 32.88896179, -28.00350761, 8.30166626, -70.27185059, 100.55512238, -12.26846981, -13.41524792, -0.64066088, 0.75153416, -0.15714675, 0.00740954, -0.14956282, 0.03740577, 0.00269304, 99.96600342, 113.74507904, 32.38000107, 0.00000000
1, 1.1750, 148, -0.04549587, -1.00829041, 0.16517381, 4.46100807, 38.62157440, 34.34901428, -28.00350761, 8.30166626, -70.27185059, 100.54304504, -12.47235107, -13.25272655, -0.64076430, 0.75141191, -0.15718760, 0.00966716, -0.17001006, 0.04792079, 0.01180098, 99.96600342, 113.74507904, 32.38000107, 0.00000000
1, 1.1800, 149, -0.03006067, -1.01774216, 0.16566470, 4.65234232, 37.88610840, 36.04660034, -28.35428238, 8.41859055, -69.86260986, 100.53247070, -12.68388367, -13.09532547, -0.64085221, 0.75127977, -0.15730378, 0.01194946, -0.18901855, 0.05811789, 0.01100373, 99.96600342, 113.74507904, 32.38000107, 0.00000000
1, 1.1850, 150, -0.02654698, -1.03678930, 0.17299069, 4.77673769, 36.77045059, 37.59577942, -28.35428238, 8.41859055, -69.86260986, 100.52349091, -12.90198612, -12.94480228, -0.64092410, 0.75113714, -0.15750088, 0.01423949, -0.19623645, 0.07794328, 0.00334812, 99.96600342, 113.74507904, 32.38000107, 0.00000000
1, 1.1900, 151, -0.03234350, -1.04972982, 0.17026296, 4.15284872, 35.78571320, 39.22770309, -28.67582512, 8.33089733, -69.86260986, 100.51035309, -13.11184216, -12.80051422, -0.64101601, 0.75097322, -0.15769503, 0.01643366, -0.19410251, 0.09168275, 0.00569595, 99.96600342, 113.74507904, 32.38000107, 0.00000000
1, 1.1950, 152, -0.03829929, -1.05588806, 0.16602992, 3.38639569, 34.83368301, 40.89727402, -28.67582512, 8.33089733, -69.86260986, 100.49620056, -13.34439373, -12.66249371, -0.64111084, 0.75076270, -0.15805393, 0.01874325, -0.19192615, 0.09867529, 0.00949935, 99.96600342, 113.74507904, 32.38000107, 0.00000000
1, 1.2000, 153, -0.03816716, -1.05669785, 0.17670476, 3.43872380, 33.81931686, 42.55493546, -28.67582512, 8.33089733, -69.86260986, 100.48328400, -13.58414268, -12.53094578, -0.64119190, 0.75053889, -0.15849449, 0.02106637, -0.19612597, 0.10037258, -0.00157909, 99.96600342, 113.74507904, 32.38000107, 0.00000000
1, 1.2050, 154, -0.04644894, -1.06016290, 0.17563078, 2.58910775, 33.87527084, 44.28464508, -29.34814262, 9.06167793, -69.83338165, 100.46588898, -13.83243084, -12.40052223, -0.64129567, 0.75027519, -0.15899003, 0.02343394, -0.19201350, 0.10478819, -0.00097110, 99.96600342, 113.74507904, 32.38000107, 0.00000000
1, 1.2200, 155, -0.05410959, -1.03172338, 0.18733577, 1.88178563, 34.90814590, 50.38228607, -29.81584358, 8.71090317, -70.53492737, 100.40242004, -14.63653851, -12.01419544, -0.64163512, 0.74932104, -0.16083649, 0.03088773, -0.19785771, 0.07948263, -0.01431045, 99.96600342, 113.74507904, 32.38000107, 0.00000000
1, 1.2250, 156, -0.06186399, -1.02485549, 0.19630554, 1.95094264, 35.52260208, 52.39403534, -29.81584358, 8.71090317, -70.09646606, 100.37907410, -14.92601109, -11.88188362, -0.64174396, 0.74896121, -0.16154709, 0.03353154, -0.19496664, 0.07377997, -0.02389962, 99.96600342, 113.74507904, 32.38000107, 0.00000000
1, 1.2300, 157, -0.06024495, -1.01898646, 0.19562672, 1.87261355, 36.55516434, 54.34750748, -30.45892906, 8.38935947, -70.09646606, 100.35370636, -15.22596741, -11.74580479, -0.64185470, 0.74857807, -0.16229133, 0.03626308, -0.20159566, 0.06915836, -0.02385801, 99.96600342, 113.74507904, 32.38000107, 0.00000000
1, 1.2350, 158, -0.05654372, -1.01690125, 0.18909521, 2.03317595, 38.45683289, 56.45886993, -30.45892906, 8.38935947, -70.09646606, 100.32633209, -15.53793430, -11.60163689, -0.64196461, 0.74817532, -0.16304946, 0.03911668, -0.21048351, 0.06840241, -0.01802027, 99.96600342, 113.74507904, 32.38000107, 0.00000000
1, 1.2400, 159, -0.05593282, -1.01805854, 0.18700492, 2.12512422, 40.11754608, 58.42515182, -30.95586014, 8.76936531, -70.06723022, 100.29689026, -15.84688950, -11.45074081, -0.64207470, 0.74777246, -0.16374916, 0.04198412, -0.21635392, 0.07092483, -0.01666689, 99.96600342, 113.74507904, 32.38000107, 0.00000000
1, 1.2450, 160, -0.04196544, -1.02215695, 0.17685457, 1.79775226, 41.18020630, 60.48767853, -30.95586014, 8.76936531, -70.06723022, 100.26380920, -16.18094826, -11.29555035, -0.64219213, 0.74731594, -0.16455953, 0.04503721, -0.23573893, 0.07647215, -0.00730022, 99.96600342, 113.74507904, 32.38000107, 0.00000000
1, 1.2500, 161, -0.01951701, -1.02642107, 0.16229926, 1.72329926, 41.96159744, 62.75059128, -31.62817764, 9.12014008, -69.65799713, 100.22883606, -16.52675438, -11.13795280, -0.64230627, 0.74683189, -0.16542004, 0.04817839, -0.26389340, 0.08230551, 0.00643423, 99.96600342, 113.74507904, 32.38000107, 0.00000000
1, 1.2550, 162, 0.01579821, -1.02591574, 0.15702941, 1.51675379, 41.99990082, 65.45315552, -31.62817764, 9.12014008, -69.65799713, 100.19243622, -16.88580132, -10.98212624, -0.64241433, 0.74631423, -0.16636604, 0.05139469, -0.30514288, 0.08344922, 0.01088710, 99.96600342, 113.74507904, 32.38000107, 0.00000000
1, 1.2600, 163, 0.05883649, -1.02192140, 0.16146179, 1.42161047, 41.71836853, 68.46213531, -31.62817764, 9.12014008, -69.65799713, 100.15572357, -17.25932312, -10.82994938, -0.64250880, 0.74576402, -0.16741593, 0.05468518, -0.35436732, 0.08119477, 0.00562802, 99.96600342, 113.74507904, 32.38000107, 0.00000000
1, 1.2650, 164, 0.10637284, -1.02481055, 0.16106559, 1.80364847, 40.22097015, 71.50617218, -32.79742813, 8.94475269, -69.45337677, 100.12298584, -17.64642334, -10.68774319, -0.64256442, 0.74519676, -0.16860378, 0.05801455, -0.40829617, 0.08595183, 0.00522688, 99.96600342, 113.74507904, 32.38000107, 0.00000000
1, 1.3150, 165, 0.09039306, -1.29289758, 0.14353873, 6.45114231, 13.97576904, 107.48603821, -35.51593018, 9.03244686, -69.57029724, 100.23353577, -22.38102722, -10.31406116, -0.63987356, 0.73853046, -0.19160271, 0.09177765, -0.46931714, 0.38177899, 0.01882236, 99.96600342, 113.74507904, 32.38000107, 0.00000000
1, 1.3200, 166, 0.07544918, -1.31669927, 0.10909880, 8.19856453, 14.26764202, 110.48523712, -35.51593018, 9.03244686, -69.57029724, 100.28730011, -22.93727303, -10.34360981, -0.63927138, 0.73777711, -0.19472195, 0.09539652, -0.46319711, 0.40941876, 0.05333813, 99.96600342, 113.74507904, 32.38000107, 0.00000000
1, 1.3250, 167, 0.06900424, -1.34281158, 0.10046297, 10.34922028, 13.71174335, 114.12508392, -36.80210495, 9.61707115, -69.68722534, 100.35498047, -23.51088142, -10.38042068, -0.63856423, 0.73703730, -0.19795987, 0.09911504, -0.46588498, 0.43957025, 0.06224275, 99.96600342, 113.74507904, 32.38000107, 0.00000000
1, 1.3300, 168, 0.07560986, -1.38245213, 0.06934385, 11.45034122, 14.61363411, 117.60273743, -36.80210495, 9.61707115, -69.68722534, 100.42832947, -24.10233879, -10.41670132, -0.63779759, 0.73627508, -0.20127414, 0.10296650, -0.48178357, 0.48350739, 0.09370458, 99.96600342, 113.74507904, 32.38000107, 0.00000000
1, 1.3350, 169, 0.07376876, -1.40969038, 0.03448894, 12.39391422, 16.48579216, 119.77352905, -36.80210495, 9.61707115, -69.68722534, 100.50389099, -24.70611191, -10.44602394, -0.63698959, 0.73549151, -0.20459600, 0.10694405, -0.48941642, 0.51525497, 0.12889937, 99.96600342, 113.74507904, 32.38000107, 0.00000000
1, 1.3400, 170, 0.06732348, -1.43315518, -0.00009383, 13.51205063, 18.51128197, 121.41997528, -37.53288651, 7.74627304, -70.03800201, 100.57669830, -25.30828094, -10.46510983, -0.63617605, 0.73469156, -0.20783494, 0.11096442, -0.49247634, 0.54336083, 0.16378057, 99.96600342, 113.74507904, 32.38000107, 0.00000000
1, 1.3450, 171, 0.06453368, -1.45438707, -0.02753713, 14.52412796, 20.49934006, 123.13697815, -37.53288651, 7.74627304, -70.03800201, 100.65642548, -25.93215752, -10.47801590, -0.63528299, 0.73387587, -0.21113059, 0.11517696, -0.49931419, 0.56940079, 0.19152582, 99.96600342, 113.74507904, 32.38000107, 0.00000000
1, 1.3500, 172, 0.07188925, -1.46582937, -0.05324063, 15.41905022, 23.45108795, 125.29908752, -38.20520401, 8.94475269, -69.68722534, 100.73505402, -26.56933594, -10.47798347, -0.63435799, 0.73302788, -0.21440220, 0.11954860, -0.51653945, 0.58589447, 0.21754026, 99.96600342, 113.74507904, 32.38000107, 0.00000000
1, 1.3550, 173, 0.08514220, -1.47031903, -0.07244754, 17.26213455, 27.45148277, 127.64936829, -38.20520401, 8.94475269, -69.68722534, 100.81449890, -27.22174835, -10.45933247, -0.63337874, 0.73216468, -0.21762124, 0.12412652, -0.53985345, 0.59564888, 0.23703897, 99.96600342, 113.74507904, 32.38000107, 0.00000000
1, 1.3600, 174, 0.10594013, -1.46990216, -0.07791428, 19.30278587, 32.68125534, 129.64085388, -38.20520401, 8.94475269, -69.68722534, 100.89194489, -27.88882828, -10.41468716, -0.63235176, 0.73128599, -0.22074041, 0.12894154, -0.57091880, 0.60070062, 0.24274510, 99.96600342, 113.74507904, 32.38000107, 0.00000000
1, 1.4050, 175, 0.12163026, -1.52375579, 0.15241052, 13.26227093, 127.61522675, 122.41129303, -43.17451096, 11.60479355, -69.62876129, 100.50008392, -34.20796967, -7.73102283, -0.62501150, 0.72048831, -0.23717427, 0.18440618, -0.68160558, 0.70881116, -0.00254201, 99.96600342, 113.74507904, 32.38000107, 0.00000000
1, 1.4100, 176, 0.18892986, -1.47168946, 0.17733589, 15.59119034, 140.87559509, 122.24205017, -43.17451096, 11.60479355, -69.62876129, 100.17675018, -34.93453217, -7.02122402, -0.62496972, 0.71850026, -0.23702578, 0.19232567, -0.75940824, 0.66292167, -0.03292356, 99.96600342, 113.74507904, 32.38000107, 0.00000000
1, 1.4150, 177, 0.21456921, -1.41784310, 0.27210975, 13.23752213, 152.61595154, 119.85281372, -45.39608383, 12.51096153, -69.71645355, 99.78500366, -35.65578461, -6.22623110, -0.62510031, 0.71632409, -0.23648542, 0.20050982, -0.79561585, 0.61514384, -0.13405220, 99.96600342, 113.74507904, 32.38000107, 0.00000000
1, 1.4200, 178, 0.15214707, -1.34479892, 0.30735469, 6.40765858, 160.43855286, 115.07871246, -45.39608383, 12.51096153, -69.71645355, 99.31210327, -36.35509109, -5.36493778, -0.62552100, 0.71389008, -0.23562548, 0.20872289, -0.74326611, 0.54807317, -0.17686063, 99.96600342, 113.74507904, 32.38000107, 0.00000000
1, 1.4250, 179, -0.01018738, -1.26251376, 0.24804430, -0.42739820, 162.44769287, 108.69388580, -46.91610718, 9.61707115, -70.33031464, 98.77651215, -37.01834488, -4.46986628, -0.62618780, 0.71126372, -0.23455749, 0.21673852, -0.59022683, 0.47161996, -0.12616152, 99.96600342, 113.74507904, 32.38000107, 0.00000000
1, 1.4300, 180, -0.18527628, -1.16376328, 0.10982828, -3.97610378, 160.24649048, 101.85141754, -46.91610718, 9.61707115, -70.33031464, 98.21012878, -37.63924408, -3.56661487, -0.62696296, 0.70858061, -0.23335497, 0.22444716, -0.42357653, 0.37850869, 0.00307167, 99.96600342, 113.74507904, 32.38000107, 0.00000000
1, 1.4350, 181, -0.38332096, -1.03603518, 0.05080658, -2.20044374, 150.46096802, 96.54806519, -46.91610718, 9.61707115, -70.33031464, 97.67089844, -38.22018433, -2.70529723, -0.62759483, 0.70604998, -0.23222387, 0.23171169, -0.23353383, 0.25605923, 0.05337444, 99.96600342, 113.74507904, 32.38000107, 0.00000000
1, 1.4400, 182, -0.46802628, -0.99995935, 0.08685085, 1.15143967, 140.88171387, 96.31212616, -48.49459076, 13.06635475, -70.88570404, 97.17082214, -38.78232574, -1.89102113, -0.62800241, 0.70368063, -0.23127259, 0.23866206, -0.15666361, 0.22508523, 0.00945999, 99.96600342, 113.74507904, 32.38000107, 0.00000000
1, 1.4450, 183, -0.58504301, -0.97418582, 0.14217569, 3.50991368, 132.12498474, 100.66522217, -48.49459076, 13.06635475, -70.88570404, 96.70581818, -39.36075974, -1.12341821, -0.62815934, 0.70137417, -0.23068626, 0.24550776, -0.04754659, 0.20466182, -0.05319777, 99.96600342, 113.74507904, 32.38000107, 0.00000000
1, 1.4500, 184, -0.64903772, -0.98892772, 0.15533745, 3.93422914, 130.41719055, 105.24598694, -50.01461411, 13.76790428, -71.20724487, 96.23802185, -39.95613098, -0.35756335, -0.62820357, 0.69901448, -0.23026985, 0.25241837, 0.00845282, 0.22518557, -0.07352604, 99.96600342, 113.74507904, 32.38000107, 0.00000000
1, 1.4950, 185, -0.51596683, -0.83775854, 0.03536712, -23.18010521, 75.21300507, 77.70578003, -53.20081711, 14.96638393, -72.66880798, 91.59585571, -44.78409576, 5.88041449, -0.62976587, 0.67558181, -0.23124066, 0.30579722, -0.18736851, 0.12706785, -0.01685169, 99.96600342, 113.74507904, 32.38000107, 0.00000000
1, 1.5000, 186, -0.48756766, -0.72905040, 0.16669407, -22.21972275, 67.66517639, 70.29290009, -54.37006760, 13.24174213, -72.81496429, 91.15567780, -45.14333344, 6.34732151, -0.63015634, 0.67335659, -0.23174067, 0.30949998, -0.22063988, 0.02252737, -0.15349375, 99.96600342, 113.74507904, 32.38000107, 0.00000000
1, 1.5050, 187, -0.48097715, -0.67961180, 0.24473827, -24.80805016, 59.99415207, 65.30580902, -54.37006760, 13.24174213, -72.81496429, 90.73418427, -45.47459793, 6.76687574, -0.63060158, 0.67120188, -0.23233688, 0.31280860, -0.23158175, -0.02294654, -0.23677811, 99.96600342, 113.74507904, 32.38000107, 0.00000000
1, 1.5100, 188, -0.49928722, -0.57960606, 0.27047002, -29.23629951, 48.61244202, 60.42894363, -54.37006760, 13.24174213, -72.81496429, 90.34274292, -45.77899170, 7.11106253, -0.63111830, 0.66911989, -0.23316166, 0.31560084, -0.21713594, -0.11917508, -0.26731607, 99.96600342, 113.74507904, 32.38000107, 0.00000000
1, 1.5150, 189, -0.54794794, -0.47277901, 0.24085420, -29.96160507, 37.22863388, 56.97708893, -55.42238998, 15.40485191, -73.48728180, 90.00185394, -46.06451797, 7.37807798, -0.63158029, 0.66720164, -0.23420720, 0.31795493, -0.17191795, -0.22235110, -0.24197690, 99.96600342, 113.74507904, 32.38000107, 0.00000000
1, 1.5200, 190, -0.60985094, -0.35001138, 0.22702724, -26.26667213, 28.28767776, 54.92927933, -55.42238998, 15.40485191, -73.48728180, 89.72254944, -46.33892059, 7.58404064, -0.63186592, 0.66552353, -0.23538630, 0.32002696, -0.11333503, -0.34160233, -0.23166214, 99.96600342, 113.74507904, 32.38000107, 0.00000000
1, 1.5250, 191, -0.64750779, -0.24330631, 0.20952195, -23.53498268, 19.36235046, 51.87759399, -54.75007248, 14.41099072, -74.10114288, 89.50130463, -46.59777451, 7.72777414, -0.63201845, 0.66407126, -0.23668343, 0.32178128, -0.07880589, -0.44493181, -0.21690577, 99.96600342, 113.74507904, 32.38000107, 0.00000000
1, 1.5300, 192, -0.63526505, -0.22462302, 0.21629064, -17.53690529, 13.37334538, 46.64603043, -54.75007248, 14.41099072, -74.10114288, 89.34031677, -46.83042145, 7.82929039, -0.63200521, 0.66291845, -0.23790866, 0.32327721, -0.09393089, -0.46057099, -0.22567111, 99.96600342, 113.74507904, 32.38000107, 0.00000000
1, 1.5350, 193, -0.59706271, -0.25537509, 0.23991491, -15.00747490, 8.76432705, 40.72035980, -54.75007248, 14.41099072, -73.54574585, 89.21582031, -47.03356552, 7.89770937, -0.63195211, 0.66195869, -0.23905340, 0.32450089, -0.13470918, -0.42715117, -0.25080970, 99.96600342, 113.74507904, 32.38000107, 0.00000000
1, 1.5400, 194, -0.54669428, -0.35157982, 0.26347861, -14.10138321, 2.84469557, 33.66244888, -55.77316666, 15.52177715, -73.54574585, 89.16850281, -47.21061325, 7.89276695, -0.63173211, 0.66132432, -0.24025197, 0.32533637, -0.18729664, -0.32865018, -0.27528113, 99.96600342, 113.74507904, 32.38000107, 0.00000000
1, 1.5650, 195, -0.15469460, -0.31879386, 0.15312763, -34.43502045, -30.07787514, -17.26847458, -55.97778320, 15.46331501, -73.83805847, 88.82857513, -47.28999329, 7.41040182, -0.63482535, 0.65826160, -0.24445473, 0.32238233, -0.58075750, -0.35930660, -0.16792284, 99.96600342, 113.74507904, 32.38000107, 0.00000000
1, 1.5700, 196, -0.05590441, -0.25095475, 0.10190352, -33.50869751, -43.99644852, -26.30496216, -55.97778320, 15.46331501, -73.83805847, 88.90146637, -47.16364670, 7.08238983, -0.63568550, 0.65822756, -0.24539512, 0.32003385, -0.67805827, -0.42854670, -0.11576016, 99.96600342, 113.74507904, 32.38000107, 0.00000000
1, 1.5750, 197, 0.00339278, -0.21448664, 0.06106200, -31.88511086, -59.84328079, -36.02722931, -55.91932297, 15.11254025, -73.75036621, 89.06703949, -46.98974609, 6.63797569, -0.63645935, 0.65855747, -0.24647218, 0.31697491, -0.73533010, -0.46704951, -0.07306737, 99.96600342, 113.74507904, 32.38000107, 0.00000000
1, 1.5800, 198, 0.03545419, -0.19496073, 0.02999791, -29.78811646, -76.62415314, -45.84788513, -55.91932297, 15.11254025, -73.75036621, 89.33040619, -46.76689911, 6.07232141, -0.63711965, 0.65927321, -0.24770205, 0.31317911, -0.76480454, -0.48925060, -0.03908646, 99.96600342, 113.74507904, 32.38000107, 0.00000000
1, 1.5850, 199, 0.05280112, -0.17441243, 0.02008151, -27.50210762, -94.24804688, -55.30547714, -55.07161713, 14.32329750, -73.89652252, 89.69403076, -46.49552536, 5.38200331, -0.63764006, 0.66038132, -0.24911501, 0.30863160, -0.77902317, -0.51311547, -0.02507040, 99.96600342, 113.74507904, 32.38000107, 0.00000000
1, 1.5900, 200, 0.05640927, -0.16173716, 0.03259135, -24.77147293, -110.49943542, -65.19168091, -55.07161713, 14.32329750, -73.89652252, 90.15287781, -46.16130829, 4.57752132, -0.63803411, 0.66190875, -0.25060061, 0.30329633, -0.77886337, -0.52981746, -0.03232836, 99.96600342, 113.74507904, 32.38000107, 0.00000000
1, 1.5950, 201, 0.04562879, -0.15780102, 0.05803600, -22.53309822, -124.40773010, -75.64671326, -55.07161713, 14.32329750, -73.89652252, 90.68058777, -45.77985764, 3.68559408, -0.63831288, 0.66373503, -0.25218579, 0.29734638, -0.76364362, -0.53843582, -0.05155327, 99.96600342, 113.74507904, 32.38000107, 0.00000000
1, 1.6000, 202, 0.02221654, -0.16227996, 0.09635535, -21.23185349, -134.47912598, -86.66435242, -54.25314331, 13.27097321, -73.07804871, 91.25222778, -45.33660507, 2.73480272, -0.63855749, 0.66581863, -0.25370520, 0.29079828, -0.73510969, -0.53925896, -0.08300458, 99.96600342, 113.74507904, 32.38000107, 0.00000000
1, 1.6550, 203, -0.43208045, -0.53574753, 0.15296559, -26.07182503, -79.47695160, -170.32835388, -48.90382767, 10.49400711, -70.47647095, 95.59739685, -37.26343155, -4.97279501, -0.64620107, 0.69199461, -0.24486005, 0.20883310, -0.17687148, -0.25424504, -0.07785729, 99.96600342, 113.74507904, 32.38000107, 0.00000000
1, 1.6600, 204, -0.41754228, -0.53997695, 0.13606796, -27.16847229, -72.92313385, -178.25521851, -46.82841110, 7.27857351, -71.03186035, 95.66651917, -36.34146500, -5.31864262, -0.64785188, 0.69376069, -0.24179065, 0.20129931, -0.17862657, -0.25944805, -0.05892725, 99.96600342, 113.74507904, 32.38000107, 0.00000000
1, 1.6650, 205, -0.40012568, -0.53967381, 0.10181642, -27.93014145, -61.76355362, -186.39205933, -46.82841110, 7.27857351, -71.03186035, 95.68132019, -35.38425064, -5.58614302, -0.64966756, 0.69544220, -0.23814860, 0.19384940, -0.18261023, -0.26933843, -0.02325599, 99.96600342, 113.74507904, 32.38000107, 0.00000000
1, 1.6700, 206, -0.39289266, -0.54961896, 0.07942327, -26.39618111, -54.95765686, -193.71548462, -46.82841110, 7.27857351, -71.03186035, 95.67201233, -34.39386368, -5.80472994, -0.65152007, 0.69713211, -0.23406009, 0.18639858, -0.17577255, -0.26917496, 0.00006399, 99.96600342, 113.74507904, 32.38000107, 0.00000000
1, 1.6750, 207, -0.37983668, -0.56566048, 0.06272183, -25.15698242, -47.38014984, -201.36727905, -45.95147705, 9.23706532, -71.49955750, 95.63661194, -33.36911774, -5.97127151, -0.65342259, 0.69881731, -0.22949441, 0.17895727, -0.17410758, -0.26304978, 0.01734087, 99.96600342, 113.74507904, 32.38000107, 0.00000000
1, 1.6800, 208, -0.35457385, -0.58363831, 0.04108210, -23.70399284, -39.89849854, -209.30451965, -45.95147705, 9.23706532, -71.49955750, 95.57883453, -32.30856323, -6.08797598, -0.65536267, 0.70050526, -0.22444271, 0.17151611, -0.18394378, -0.25508496, 0.03922670, 99.96600342, 113.74507904, 32.38000107, 0.00000000
1, 1.6850, 209, -0.31910464, -0.61734629, 0.02577930, -21.16799736, -33.70027924, -217.07577515, -43.67144012, 8.27243519, -71.49955750, 95.51037598, -31.21235657, -6.16405153, -0.65728563, 0.70223188, -0.21893710, 0.16405044, -0.20328529, -0.23146570, 0.05455944, 99.96600342, 113.74507904, 32.38000107, 0.00000000
1, 1.6900, 210, -0.28409043, -0.66166747, 0.03389809, -18.96679497, -29.11894226, -224.35556030, -43.67144012, 8.27243519, -71.49955750, 95.43552399, -30.07906342, -6.20999002, -0.65918338, 0.70399278, -0.21302254, 0.15650205, -0.22150058, -0.19729231, 0.04632726, 99.96600342, 113.74507904, 32.38000107, 0.00000000
1, 1.6950, 211, -0.26132315, -0.71327722, 0.06110872, -17.11734200, -24.79194069, -231.32145691, -43.67144012, 8.27243519, -71.49955750, 95.35647583, -28.91617966, -6.22904587, -0.66103750, 0.70576876, -0.20675349, 0.14890558, -0.22682497, -0.15581661, 0.01885849, 99.96600342, 113.74507904, 32.38000107, 0.00000000
1, 1.7000, 212, -0.23933585, -0.75206006, 0.08790774, -16.16471481, -20.00198936, -239.03605652, -42.29757309, 7.33703566, -71.38263702, 95.26782227, -27.71706963, -6.21872807, -0.66288561, 0.70753503, -0.20008054, 0.14122599, -0.23064736, -0.12710224, -0.00833653, 99.96600342, 113.74507904, 32.38000107, 0.00000000
1, 1.7250, 213, -0.21066914, -0.90172327, 0.03710298, 3.45850611, -6.01408339, -272.25204468, -37.97135162, 5.58316278, -70.79801178, 94.94298553, -21.20950317, -5.87104034, -0.67048550, 0.71703291, -0.16133073, 0.10141745, -0.15674195, -0.02495292, 0.04108790, 99.96600342, 113.74507904, 32.38000107, 0.00000000
1, 1.7300, 214, -0.19569057, -0.93997669, 0.00756312, 8.83043480, -7.02070475, -276.30529785, -37.97135162, 5.58316278, -70.79801178, 94.95303345, -19.82987404, -5.78359604, -0.67135209, 0.71919698, -0.15285724, 0.09314995, -0.14923373, 0.00484205, 0.07137507, 99.96600342, 113.74507904, 32.38000107, 0.00000000
1, 1.7350, 215, -0.18389323, -0.97870612, -0.01638702, 13.78984928, -9.18315315, -280.24066162, -35.45746994, 5.64162540, -71.82110596, 94.99303436, -18.42967606, -5.70589924, -0.67196560, 0.72143483, -0.14428069, 0.08471800, -0.13801438, 0.03556866, 0.09653279, 99.96600342, 113.74507904, 32.38000107, 0.00000000
1, 1.7400, 216, -0.18451527, -1.00957298, -0.02689784, 17.97076035, -11.50931740, -283.43392944, -35.45746994, 5.64162540, -71.82110596, 95.05617523, -17.01000023, -5.63752222, -0.67236012, 0.72370315, -0.13561693, 0.07611664, -0.11390295, 0.05890953, 0.10862020, 99.96600342, 113.74507904, 32.38000107, 0.00000000
1, 1.7450, 217, -0.18756315, -1.02873731, -0.02009925, 21.89382172, -13.48355484, -288.33303833, -35.45746994, 5.64162540, -71.82110596, 95.14490509, -15.56770706, -5.57641888, -0.67251295, 0.72601920, -0.12683994, 0.06733558, -0.08685438, 0.07103100, 0.10378466, 99.96600342, 113.74507904, 32.38000107, 0.00000000
1, 1.7500, 218, -0.18206486, -1.12224638, -0.01911403, 26.24143600, -15.21616364, -292.98651123, -33.44051361, 5.20315695, -71.09032440, 95.25797272, -14.10151196, -5.51989079, -0.67242336, 0.72837555, -0.11793293, 0.05837566, -0.06774647, 0.15804261, 0.10505693, 99.96600342, 113.74507904, 32.38000107, 0.00000000
1, 1.7550, 219, -0.17389040, -1.18436265, -0.00834330, 29.28507423, -17.52683067, -295.77932739, -33.44051361, 5.20315695, -71.09032440, 95.38942719, -12.62045288, -5.47102308, -0.67212021, 0.73071969, -0.10897763, 0.04926610, -0.05089714, 0.21424593, 0.09691723, 99.96600342, 113.74507904, 32.38000107, 0.00000000
1, 1.7600, 220, -0.17768583, -1.24426496, -0.00374612, 30.93025970, -18.78245163, -298.03851318, -30.95586014, 5.08623219, -71.11955261, 95.53071594, -11.12765312, -5.42413139, -0.67164922, 0.73300099, -0.09996501, 0.04004952, -0.02169730, 0.26887351, 0.09509843, 99.96600342, 113.74507904, 32.38000107, 0.00000000
1, 1.7650, 221, -0.18139260, -1.26956522, -0.00964132, 32.20411682, -18.65722656, -299.90945435, -30.95586014, 5.08623219, -71.11955261, 95.67866516, -9.62569714, -5.37210083, -0.67102522, 0.73520112, -0.09086929, 0.03078051, 0.00773153, 0.28956872, 0.10391423, 99.96600342, 113.74507904, 32.38000107, 0.00000000
1, 1.7700, 222, -0.20329854, -1.32752192, -0.01284290, 33.87547302, -17.03659630, -305.92108154, -30.95586014, 5.08623219, -71.11955261, 95.83396912, -8.09476566, -5.30510712, -0.67024338, 0.73734093, -0.08151506, 0.02138826, 0.05584105, 0.34355411, 0.11002181, 99.96600342, 113.74507904, 32.38000107, 0.00000000
1, 1.8000, 223, -0.12230907, -1.60441136, 0.14590760, 28.81465912, 9.82293320, -321.06008911, -23.61882401, 6.19701815, -70.62262726, 96.73442841, 1.33504093, -4.22130537, -0.66353780, 0.74714524, -0.01979057, -0.03316781, 0.13829656, 0.61115324, -0.03221493, 99.96600342, 113.74507904, 32.38000107, 0.00000000
1, 1.8050, 224, -0.09582086, -1.58135247, 0.20058395, 25.86532784, 9.02212334, -323.60043335, -23.61882401, 6.19701815, -70.62262726, 96.86843872, 2.93698311, -3.98728275, -0.66219330, 0.74808735, -0.00902723, -0.04223645, 0.13954996, 0.58912778, -0.08449985, 99.96600342, 113.74507904, 32.38000107, 0.00000000
1, 1.8100, 225, -0.08024853, -1.57006311, 0.22019494, 19.18015480, 5.46348095, -325.77340698, -20.78339577, 6.40163708, -70.15492249, 96.97473145, 4.55125523, -3.76596189, -0.66092813, 0.74867964, 0.00171764, -0.05147754, 0.15201767, 0.57967210, -0.10228619, 99.96600342, 113.74507904, 32.38000107, 0.00000000
1, 1.8150, 226, -0.10750060, -1.59670687, 0.20444916, 13.56066418, 3.08883047, -323.16455078, -20.78339577, 6.40163708, -70.15492249, 97.05820465, 6.15356922, -3.55491281, -0.65971959, 0.74895442, 0.01232044, -0.06070970, 0.20725125, 0.60893095, -0.08541778, 99.96600342, 113.74507904, 32.38000107, 0.00000000
1, 1.8200, 227, -0.22931491, -1.59910822, 0.23693803, 8.78080368, 2.94137383, -315.78134155, -20.78339577, 6.40163708, -70.15492249, 97.12338257, 7.71901035, -3.34641290, -0.65855765, 0.74895018, 0.02268797, -0.06971910, 0.35630625, 0.61453617, -0.11740090, 99.96600342, 113.74507904, 32.38000107, 0.00000000
1, 1.8250, 228, -0.39020416, -1.61134970, 0.26468343, 4.62904072, 3.96560192, -307.64205933, -18.53259277, 5.61239386, -70.33031464, 97.17383575, 9.24316406, -3.13548112, -0.65743256, 0.74869984, 0.03282735, -0.07844348, 0.54363263, 0.63058871, -0.14511040, 99.96600342, 113.74507904, 32.38000107, 0.00000000
1, 1.8300, 229, -0.41425893, -1.64597595, 0.25848839, 0.18964048, 13.76279640, -300.86740112, -18.53259277, 5.61239386, -70.33031464, 97.21613312, 10.72741413, -2.87722015, -0.65634322, 0.74823546, 0.04303652, -0.08663265, 0.59350526, 0.66965771, -0.13880055, 99.96600342, 113.74507904, 32.38000107, 0.00000000
1, 1.8350, 230, -0.34014589, -1.68699038, 0.26028690, -9.74161625, 31.72189903, -289.23638916, -16.86641312, 5.11546326, -69.92107391, 97.23207092, 12.14257145, -2.53346539, -0.65547907, 0.74745101, 0.05341120, -0.09386910, 0.54384345, 0.71546578, -0.14070579, 99.96600342, 113.74507904, 32.38000107, 0.00000000
1, 1.8400, 231, -0.26698548, -1.68605316, 0.19239296, -17.84288406, 38.99115753, -280.02175903, -16.86641312, 5.11546326, -69.92107391, 97.22274017, 13.50301266, -2.15670848, -0.65480208, 0.74637032, 0.06369344, -0.10054206, 0.49429080, 0.71977723, -0.07333936, 99.96600342, 113.74507904, 32.38000107, 0.00000000
1, 1.8450, 232, -0.21751222, -1.64855456, 0.07129776, -20.77169800, 42.40303040, -269.31732178, -14.38175964, 8.36012840, -70.06723022, 97.21073914, 14.81265163, -1.76759052, -0.65415543, 0.74514037, 0.07375275, -0.10680380, 0.46751267, 0.68791544, 0.04701898, 99.96600342, 113.74507904, 32.38000107, 0.00000000
1, 1.8750, 233, -0.51418638, -1.10579312, 0.31076160, 11.38051701, 33.72608948, -190.32994080, -11.86787510, 10.23092651, -70.30107880, 97.77421570, 21.38649368, 0.09857803, -0.64624661, 0.74022675, 0.12264480, -0.13924088, 0.87439549, 0.18119371, -0.18842307, 99.96600342, 113.74507904, 32.38000107, 0.00000000
1, 1.8800, 234, -0.64890230, -1.03974795, 0.29568702, 17.03171158, 37.76950073, -173.79591370, -11.86787510, 10.23092651, -70.30107880, 97.97916412, 22.22210884, 0.42684349, -0.64443362, 0.73996955, 0.12921363, -0.14301851, 1.02307260, 0.12106497, -0.17116520, 99.96600342, 113.74507904, 32.38000107, 0.00000000
1, 1.8850, 235, -0.76812994, -1.04681933, 0.23798826, 19.35507584, 39.30278778, -149.60293579, -10.90324497, 11.31248188, -69.68722534, 98.19829559, 22.93575287, 0.75031132, -0.64265126, 0.73988587, 0.13502423, -0.14607090, 1.15436029, 0.13357937, -0.11099453, 99.96600342, 113.74507904, 32.38000107, 0.00000000
1, 1.8900, 236, -0.78924668, -1.00647855, 0.17561997, 14.20535946, 57.17689896, -119.52731323, -10.90324497, 11.31248188, -69.68722534, 98.42630768, 23.45824051, 1.15199637, -0.64112198, 0.73996305, 0.14024112, -0.14747846, 1.18504262, 0.09782338, -0.04558604, 99.96600342, 113.74507904, 32.38000107, 0.00000000
1, 1.8950, 237, -0.71942848, -0.93381798, 0.07185920, 10.94303513, 65.35228729, -92.51103973, -10.55247021, 11.54633141, -69.77491760, 98.65135193, 23.86792946, 1.57906151, -0.63977259, 0.74010658, 0.14498542, -0.14802885, 1.12238038, 0.02883754, 0.06158276, 99.96600342, 113.74507904, 32.38000107, 0.00000000
1, 1.9000, 238, -0.59355181, -0.82732546, -0.06093911, 13.65382862, 70.88527679, -65.00286865, -10.55247021, 11.54633141, -69.77491760, 98.89672089, 24.13591576, 2.01628208, -0.63846225, 0.74052185, 0.14897661, -0.14764631, 1.00167120, -0.07473995, 0.19830513, 99.96600342, 113.74507904, 32.38000107, 0.00000000
1, 1.9050, 239, -0.42849955, -0.71449494, -0.12600909, 22.25392723, 74.50559235, -38.42144775, -10.55247021, 11.54633141, -69.77491760, 99.18640900, 24.26805115, 2.45251846, -0.63700879, 0.74136275, 0.15215373, -0.14645962, 0.83941853, -0.18560609, 0.26815367, 99.96600342, 113.74507904, 32.38000107, 0.00000000
1, 1.9100, 240, -0.26707137, -0.66260505, -0.07321139, 33.02341843, 72.00679016, -12.99494934, -10.31861973, 11.72171879, -69.42414093, 99.51636505, 24.27468681, 2.85383725, -0.63537520, 0.74264777, 0.15436958, -0.14471625, 0.67845488, -0.23649397, 0.22084443, 99.96600342, 113.74507904, 32.38000107, 0.00000000
1, 1.9150, 241, -0.19062965, -0.69930303, 0.02780269, 39.46314240, 65.52667999, 11.30514717, -10.31861973, 11.72171879, -69.42414093, 99.85498810, 24.16486168, 3.19780898, -0.63372016, 0.74422723, 0.15557669, -0.14255008, 0.60046935, -0.19963634, 0.12537299, 99.96600342, 113.74507904, 32.38000107, 0.00000000
1, 1.9200, 242, -0.17654076, -0.77546215, 0.09525574, 40.06145477, 59.35044861, 33.89918137, -11.07863140, 12.27711201, -68.48874664, 100.17322540, 23.94727325, 3.48601365, -0.63221896, 0.74593127, 0.15587412, -0.13996100, 0.58316469, -0.12403864, 0.06315934, 99.96600342, 113.74507904, 32.38000107, 0.00000000
1, 1.9800, 243, 1.50656140, -1.47469509, -0.36151350, -3.87799740, -48.87968063, 123.50521851, -13.41712952, 10.99093819, -68.25489807, 101.28390503, 16.72240829, 1.96744370, -0.62926215, 0.76328379, 0.10533570, -0.10164470, -1.21570075, 0.53686464, 0.55067158, 99.96600342, 113.74507904, 32.38000107, 0.00000000
1, 1.9850, 244, 1.79409492, -1.42078996, -0.52765656, -12.68473911, -40.18480682, 101.88189697, -13.94329166, 10.64016342, -68.31335449, 101.13425446, 16.26115036, 1.65934861, -0.63030523, 0.76322454, 0.10089443, -0.10011941, -1.51093483, 0.48037881, 0.71568882, 99.96600342, 113.74507904, 32.38000107, 0.00000000
1, 1.9900, 245, 1.95885527, -1.35258377, -0.67349046, -21.06979942, -33.39721298, 82.97689056, -13.94329166, 10.64016342, -68.31335449, 100.95789337, 15.88874149, 1.40596771, -0.63151520, 0.76285076, 0.09731936, -0.09887443, -1.68194556, 0.40998924, 0.85965884, 99.96600342, 113.74507904, 32.38000107, 0.00000000
1, 1.9950, 246, 1.75173974, -1.17523992, -0.57744735, -23.18742180, -60.52098465, 72.99839783, -14.96638393, 10.05553913, -68.48874664, 100.73999786, 15.58631611, 1.02628148, -0.63284665, 0.76226074, 0.09331810, -0.09877042, -1.48042059, 0.23033839, 0.76024729, 99.96600342, 113.74507904, 32.38000107, 0.00000000
1, 2.0000, 247, 1.45970559, -1.10906088, -0.44189671, -20.01819038, -111.04644012, 71.99913788, -14.96638393, 10.05553913, -68.48874664, 100.47191620, 15.33330345, 0.39167863, -0.63425684, 0.76151758, 0.08793570, -0.10038242, -1.19324422, 0.16193280, 0.62022352, 99.96600342, 113.74507904, 32.38000107, 0.00000000
1, 2.0050, 248, 0.91031760, -1.05991936, -0.25881732, -13.38773060, -178.75706482, 77.17103577, -14.96638393, 10.05553913, -68.48874664, 100.14798737, 15.11187553, -0.59086418, -0.63569695, 0.76064003, 0.08047165, -0.10411852, -0.64802670, 0.11052211, 0.43074349, 99.96600342, 113.74507904, 32.38000107, 0.00000000
1, 2.0100, 249, 0.43094063, -1.07763243, -0.16136535, -4.04425144, -208.09144592, 86.62319183, -13.38789845, 8.36012840, -69.10260010, 99.83450317, 14.86391449, -1.72898102, -0.63691849, 0.75985783, 0.07183050, -0.10858858, -0.17292874, 0.12606953, 0.32697991, 99.96600342, 113.74507904, 32.38000107, 0.00000000
1, 2.0150, 250, -0.07045332, -1.12026286, -0.04155440, 7.83377075, -228.41401672, 100.32393646, -13.38789845, 8.36012840, -69.10260010, 99.55724335, 14.55984116, -2.97968125, -0.63780534, 0.75927126, 0.06210674, -0.11337641, 0.32329857, 0.16641557, 0.20129609, 99.96600342, 113.74507904, 32.38000107, 0.00000000
1, 2.0200, 251, -0.51958877, -1.20548666, 0.13203382, 18.84804726, -235.44226074, 117.12167358, -13.59251690, 9.61707115, -69.95030975, 99.33091736, 14.17341709, -4.27689600, -0.63834858, 0.75890750, 0.05156981, -0.11794484, 0.76584637, 0.24911948, 0.02270938, 99.96600342, 113.74507904, 32.38000107, 0.00000000
1, 2.0250, 252, -0.87199265, -1.32793665, 0.36300370, 27.59253693, -225.00750732, 135.52125549, -13.59251690, 9.61707115, -69.95030975, 99.16820526, 13.68372440, -5.53225613, -0.63858730, 0.75878298, 0.04066439, -0.12165965, 1.10983586, 0.36876684, -0.21201241, 99.96600342, 113.74507904, 32.38000107, 0.00000000
1, 2.0500, 253, -0.74830735, -1.24254572, 0.09457376, 27.04521751, -15.48516560, 133.61698914, -13.91405964, 8.56474686, -70.15492249, 99.21910858, 10.35154915, -8.85389805, -0.63812220, 0.76078975, -0.00026819, -0.11831756, 0.93042046, 0.27178416, 0.05857999, 99.96600342, 113.74507904, 32.38000107, 0.00000000
1, 2.0550, 254, -0.56817639, -1.12410378, 0.19485556, 26.52944565, 4.26245785, 123.29820251, -13.91405964, 8.56474686, -70.15492249, 99.33945465, 9.73985767, -8.93241501, -0.63785887, 0.76154625, -0.00437294, -0.11473607, 0.73944664, 0.15161736, -0.03878281, 99.96600342, 113.74507904, 32.38000107, 0.00000000
1, 2.0600, 255, -0.33735797, -0.97231829, 0.48497635, 26.26820946, 4.13751984, 118.21597290, -14.46945286, 8.21397209, -69.74568939, 99.45983124, 9.15355015, -9.00855923, -0.63755918, 0.76227438, -0.00831103, -0.11129744, 0.49773851, -0.00199494, -0.32570815, 99.96600342, 113.74507904, 32.38000107, 0.00000000
1, 2.0650, 256, -0.25781676, -0.87640929, 0.70353794, 25.25966263, -12.07458973, 119.94551849, -14.46945286, 8.21397209, -69.74568939, 99.56307220, 8.57210732, -9.16810703, -0.63727760, 0.76287341, -0.01275344, -0.10834622, 0.40762419, -0.09952424, -0.54181874, 99.96600342, 113.74507904, 32.38000107, 0.00000000
1, 2.0700, 257, -0.21690537, -0.78666723, 0.76908517, 24.89733505, -19.92509460, 121.83110046, -15.69716454, 7.48319197, -70.12569427, 99.66012573, 7.98811388, -9.36911774, -0.63699400, 0.76340163, -0.01747516, -0.10560024, 0.35648918, -0.19056450, -0.60521924, 99.96600342, 113.74507904, 32.38000107, 0.00000000
1, 2.0750, 258, -0.23590249, -0.72840226, 0.68331307, 29.09767342, -14.06423187, 122.96887970, -15.69716454, 7.48319197, -70.12569427, 99.78385162, 7.39403248, -9.54276752, -0.63656092, 0.76404917, -0.02208999, -0.10262135, 0.36547220, -0.24974203, -0.51720250, 99.96600342, 113.74507904, 32.38000107, 0.00000000
1, 2.0800, 259, -0.30026200, -0.71971309, 0.48384237, 35.97149277, -0.51777536, 121.20628357, -15.69716454, 7.48319197, -70.12569427, 99.95206451, 6.79766512, -9.64891148, -0.63588428, 0.76492667, -0.02629859, -0.09923121, 0.41999620, -0.25893325, -0.31497154, 99.96600342, 113.74507904, 32.38000107, 0.00000000
1, 2.0850, 260, -0.42462465, -0.77571297, 0.27405518, 39.92431641, 12.63193607, 116.03630829, -16.22332573, 6.48933077, -69.39491272, 100.14875031, 6.21577644, -9.68716717, -0.63504982, 0.76595354, -0.02998535, -0.09553938, 0.53470957, -0.20318231, -0.10211629, 99.96600342, 113.74507904, 32.38000107, 0.00000000
1, 2.0900, 261, -0.58106267, -0.84641814, 0.16826221, 38.09046173, 21.40051651, 108.45201874, -16.22332573, 6.48933077, -69.39491272, 100.34179688, 5.63405704, -9.67663670, -0.63426322, 0.76695204, -0.03332834, -0.09156526, 0.68143094, -0.13274552, 0.00671082, 99.96600342, 113.74507904, 32.38000107, 0.00000000
1, 2.0950, 262, -0.72495949, -0.86846519, 0.19180889, 31.00107765, 26.40904236, 100.35428619, -17.10026360, 7.42472935, -69.59953308, 100.50179291, 5.11711121, -9.63645744, -0.63364959, 0.76776856, -0.03607181, -0.08785558, 0.81587577, -0.11109976, -0.01416999, 99.96600342, 113.74507904, 32.38000107, 0.00000000
1, 2.1350, 263, -0.34547499, -1.18581486, 0.06514991, 22.48671722, 77.15850830, 46.18469238, -19.40952873, 7.60011673, -68.69336700, 101.47186279, 1.95735812, -7.99839926, -0.63034028, 0.77299315, -0.04320562, -0.05732533, 0.38074470, 0.20619440, 0.13028508, 99.96600342, 113.74507904, 32.38000107, 0.00000000
1, 2.1400, 264, -0.19287105, -1.25087440, -0.00844364, 21.32767677, 71.93291473, 41.41294861, -19.40952873, 7.60011673, -68.69336700, 101.57942963, 1.67675209, -7.68684959, -0.62991941, 0.77362543, -0.04270240, -0.05368154, 0.22337285, 0.27161127, 0.20613551, 99.96600342, 113.74507904, 32.38000107, 0.00000000
1, 2.1450, 265, -0.03598406, -1.29498506, -0.05970711, 19.62857819, 61.87641525, 38.91648865, -20.54954720, 7.51242304, -68.31335449, 101.68520355, 1.42445636, -7.42249966, -0.62945640, 0.77423626, -0.04235454, -0.05048818, 0.06206416, 0.31604633, 0.25952524, 99.96600342, 113.74507904, 32.38000107, 0.00000000
1, 2.1500, 266, 0.11490602, -1.30550814, -0.08307138, 16.02231407, 48.01478577, 37.54537964, -20.54954720, 7.51242304, -68.31335449, 101.77029419, 1.19237530, -7.22512245, -0.62908083, 0.77471268, -0.04233379, -0.04780619, -0.09290454, 0.32683191, 0.28481820, 99.96600342, 113.74507904, 32.38000107, 0.00000000
1, 2.1550, 267, 0.25457707, -1.27353871, -0.05744622, 12.46107197, 30.61578751, 37.00073624, -20.75416565, 7.80473518, -67.75796509, 101.83522034, 0.98031390, -7.11272287, -0.62878853, 0.77505136, -0.04276583, -0.04573257, -0.23642644, 0.29499397, 0.26079342, 99.96600342, 113.74507904, 32.38000107, 0.00000000
1, 2.1600, 268, 0.37477973, -1.18806338, 0.07700569, 11.18276787, 12.89874649, 37.47102356, -20.75416565, 7.80473518, -67.75796509, 101.89199066, 0.78388262, -7.08776951, -0.62850499, 0.77531564, -0.04369820, -0.04424648, -0.36045063, 0.20945074, 0.12778410, 99.96600342, 113.74507904, 32.38000107, 0.00000000
1, 2.1650, 269, 0.43097186, -1.10369444, 0.15746117, 9.95285702, 0.30517152, 39.28963470, -20.75416565, 7.80473518, -67.75796509, 101.94180298, 0.59141397, -7.12650156, -0.62824035, 0.77551597, -0.04503568, -0.04313798, -0.42020479, 0.12509274, 0.04849331, 99.96600342, 113.74507904, 32.38000107, 0.00000000
1, 2.1700, 270, 0.41791975, -0.99637032, 0.27043054, 8.44246101, -27.36891365, 40.92763519, -21.04647827, 7.92166042, -67.43642426, 101.98297882, 0.41940781, -7.30249262, -0.62797308, 0.77561653, -0.04718572, -0.04292244, -0.41053391, 0.01771318, -0.06357606, 99.96600342, 113.74507904, 32.38000107, 0.00000000
1, 2.2200, 271, -0.32252243, -0.98873401, 0.39573067, 8.10309410, -1.47042167, 31.27896690, -21.19263268, 7.45396090, -67.52411652, 102.51418304, -1.16613805, -9.51600170, -0.62429661, 0.77670544, -0.07103906, -0.04399825, 0.30184126, 0.01199174, -0.18169004, 99.96600342, 113.74507904, 32.38000107, 0.00000000
1, 2.2250, 272, -0.25874802, -0.99269164, 0.39635319, 8.74543476, 15.42074203, 28.69396210, -21.19263268, 7.45396090, -67.52411652, 102.55729675, -1.32275045, -9.47158718, -0.62410015, 0.77688575, -0.07160547, -0.04266630, 0.23535465, 0.01616586, -0.18144442, 99.96600342, 113.74507904, 32.38000107, 0.00000000
1, 2.2300, 273, -0.20948496, -0.99262154, 0.37535620, 8.39870167, 22.99561882, 26.42527390, -21.66033363, 7.39549828, -67.61180878, 102.59757233, -1.47650433, -9.38783932, -0.62393355, 0.77707571, -0.07188752, -0.04114082, 0.18344814, 0.01634911, -0.15963712, 99.96600342, 113.74507904, 32.38000107, 0.00000000
1, 2.2350, 274, -0.16898228, -0.98831129, 0.35119176, 8.35772514, 28.92450333, 24.63924408, -21.66033363, 7.39549828, -67.61180878, 102.63656616, -1.62802577, -9.27330208, -0.62378216, 0.77727878, -0.07194707, -0.03946333, 0.14035252, 0.01229572, -0.13471520, 99.96600342, 113.74507904, 32.38000107, 0.00000000
1, 2.2400, 275, -0.14104684, -0.98635733, 0.33333969, 8.44856358, 32.86022186, 23.22464943, -21.66033363, 7.39549828, -67.61180878, 102.68708801, -1.78846502, -9.13827515, -0.62355947, 0.77755207, -0.07191859, -0.03760616, 0.10974929, 0.01061891, -0.11604680, 99.96600342, 113.74507904, 32.38000107, 0.00000000
1, 2.2450, 276, -0.11423405, -0.98364151, 0.30141333, 8.17082691, 35.03866959, 22.33370209, -21.89418221, 7.30780458, -67.23180389, 102.72345734, -1.93559027, -8.99159718, -0.62342590, 0.77776229, -0.07173276, -0.03578480, 0.08034506, 0.00820290, -0.08333736, 99.96600342, 113.74507904, 32.38000107, 0.00000000
1, 2.2500, 277, -0.08884623, -0.98231924, 0.26132405, 8.12678242, 35.67242432, 22.03390121, -21.89418221, 7.30780458, -67.23180389, 102.75910950, -2.08203292, -8.84156895, -0.62329316, 0.77797061, -0.07151909, -0.03395012, 0.05249996, 0.00716977, -0.04259369, 99.96600342, 113.74507904, 32.38000107, 0.00000000
1, 2.2550, 278, -0.06117467, -0.98336434, 0.22209159, 8.20481682, 35.11444092, 22.08970833, -21.28032684, 6.57702398, -67.37796021, 102.79489136, -2.22823954, -8.69441319, -0.62315398, 0.77817732, -0.07132253, -0.03213248, 0.02237499, 0.00850918, -0.00270610, 99.96600342, 113.74507904, 32.38000107, 0.00000000
1, 2.2600, 279, -0.04061930, -0.98890734, 0.19208765, 8.40754795, 33.09210968, 22.24923706, -21.28032684, 6.57702398, -67.37796021, 102.83171082, -2.37307811, -8.55736923, -0.62299973, 0.77838367, -0.07118636, -0.03037833, -0.00063922, 0.01433981, 0.02793666, 99.96600342, 113.74507904, 32.38000107, 0.00000000
1, 2.2650, 280, -0.02066983, -0.99482775, 0.17216213, 8.25726795, 30.88839912, 22.58420181, -21.28032684, 6.57702398, -67.37796021, 102.86791229, -2.51721573, -8.43153667, -0.62284237, 0.77857959, -0.07112128, -0.02869014, -0.02305354, 0.02053774, 0.04850027, 99.96600342, 113.74507904, 32.38000107, 0.00000000
1, 2.2900, 281, -0.00606994, -0.98226142, 0.18396534, 6.81275368, 15.43828392, 24.33746147, -22.50803757, 7.30780458, -67.34872437, 103.02303314, -3.20645618, -8.02482605, -0.62212145, 0.77929056, -0.07211801, -0.02168532, -0.04980743, 0.00915680, 0.03932265, 99.96600342, 113.74507904, 32.38000107, 0.00000000
1, 2.2950, 282, -0.01760579, -0.97856855, 0.20418349, 6.88432837, 12.50798512, 24.54712296, -21.80648994, 4.99853849, -67.46565247, 103.05585480, -3.34000301, -7.99129868, -0.62194741, 0.77941322, -0.07261733, -0.02057144, -0.04058711, 0.00567201, 0.01955436, 99.96600342, 113.74507904, 32.38000107, 0.00000000
1, 2.3000, 283, -0.03003983, -0.97677696, 0.22224085, 6.69492483, 10.55261898, 24.67818642, -21.80648994, 4.99853849, -67.46565247, 103.08823395, -3.47200823, -7.96753216, -0.62177289, 0.77952754, -0.07317397, -0.01952098, -0.03050202, 0.00411098, 0.00199005, 99.96600342, 113.74507904, 32.38000107, 0.00000000
1, 2.3050, 284, -0.04485271, -0.97611761, 0.23590989, 6.51742744, 10.58000565, 24.92646408, -23.23881912, 7.36626720, -66.76410675, 103.11966705, -3.60527134, -7.94398403, -0.62160385, 0.77963495, -0.07373805, -0.01846337, -0.01803715, 0.00369261, -0.01120773, 99.96600342, 113.74507904, 32.38000107, 0.00000000
1, 2.3100, 285, -0.05937160, -0.97466838, 0.24971510, 6.22120285, 11.58359241, 25.09436226, -23.23881912, 7.36626720, -66.76410675, 103.14927673, -3.74050283, -7.91579485, -0.62144715, 0.77973354, -0.07428026, -0.01736799, -0.00590118, 0.00248560, -0.02456904, 99.96600342, 113.74507904, 32.38000107, 0.00000000
1, 2.3150, 286, -0.07541159, -0.96900892, 0.26221153, 5.81922817, 12.45283127, 25.01504326, -23.23881912, 7.36626720, -66.76410675, 103.17652130, -3.87635612, -7.88334799, -0.62130606, 0.77982080, -0.07479588, -0.01624650, 0.00774290, -0.00293265, -0.03666142, 99.96600342, 113.74507904, 32.38000107, 0.00000000
1, 2.3200, 287, -0.08448312, -0.96776974, 0.27210689, 5.66263580, 13.60442734, 24.86922264, -23.32651329, 7.36626720, -66.85179901, 103.20252228, -4.01280403, -7.84515619, -0.62117290, 0.77990407, -0.07527484, -0.01509032, 0.01441884, -0.00392608, -0.04616959, 99.96600342, 113.74507904, 32.38000107, 0.00000000
1, 2.3250, 288, -0.09129196, -0.96708775, 0.28338087, 5.60153055, 15.72745037, 24.92060471, -23.32651329, 7.36626720, -66.85179901, 103.22738647, -4.15193796, -7.79671764, -0.62104785, 0.77998561, -0.07569781, -0.01386073, 0.01878997, -0.00435974, -0.05706900, 99.96600342, 113.74507904, 32.38000107, 0.00000000
1, 2.3300, 289, -0.08461078, -0.97684789, 0.29258123, 5.00112009, 18.27010155, 24.70843697, -23.41420555, 7.39549828, -66.61795044, 103.24818420, -4.29297018, -7.73567963, -0.62095052, 0.78005153, -0.07604420, -0.01255238, 0.00963730, 0.00564710, -0.06593858, 99.96600342, 113.74507904, 32.38000107, 0.00000000
1, 2.3350, 290, -0.08233468, -0.98351383, 0.29274544, 4.79305410, 20.77558708, 24.73575211, -23.41420555, 7.39549828, -66.61795044, 103.26688385, -4.43699598, -7.66246843, -0.62086725, 0.78011167, -0.07632311, -0.01115881, 0.00487890, 0.01257233, -0.06582560, 99.96600342, 113.74507904, 32.38000107, 0.00000000
1, 2.3700, 291, -0.02520926, -0.94946480, 0.23819529, 3.31060743, 31.59577179, 24.73210907, -24.26191139, 7.04472351, -67.05641174, 103.34143066, -5.51064825, -6.83885813, -0.62060970, 0.78037935, -0.07649444, 0.00069475, -0.07073215, -0.01951192, -0.01013584, 99.96600342, 113.74507904, 32.38000107, 0.00000000
1, 2.3750, 292, -0.01549008, -0.95714653, 0.23102534, 3.87972832, 31.85178375, 25.88768768, -24.26191139, 7.04472351, -67.05641174, 103.34889221, -5.67309809, -6.71289921, -0.62057996, 0.78039771, -0.07650990, 0.00249326, -0.08322896, -0.01152607, -0.00289874, 99.96600342, 113.74507904, 32.38000107, 0.00000000
1, 2.3800, 293, -0.00521319, -0.96881604, 0.23786765, 3.42537618, 31.37512970, 26.72336197, -24.58345413, 7.51242304, -66.53025055, 103.35404968, -5.83908319, -6.59021378, -0.62056202, 0.78039861, -0.07656650, 0.00429675, -0.09639437, 0.00043585, -0.00970005, 99.96600342, 113.74507904, 32.38000107, 0.00000000
1, 2.3850, 294, -0.00800328, -0.97192633, 0.24200673, 2.74511385, 28.98178291, 27.51622772, -24.58345413, 7.51242304, -66.53025055, 103.35675812, -6.00620413, -6.48014402, -0.62055707, 0.78037643, -0.07671508, 0.00603808, -0.09651235, 0.00384256, -0.01386590, 99.96600342, 113.74507904, 32.38000107, 0.00000000
1, 2.3900, 295, -0.02408912, -0.97130764, 0.23466101, 2.20773292, 26.58469200, 28.51749992, -24.58345413, 7.51242304, -66.53025055, 103.35782623, -6.16493988, -6.38315296, -0.62055939, 0.78034151, -0.07690766, 0.00765014, -0.08323777, 0.00353398, -0.00660032, 99.96600342, 113.74507904, 32.38000107, 0.00000000
1, 2.3950, 296, -0.04820411, -0.97549272, 0.21412544, 1.56785333, 23.90150833, 29.79367256, -25.19731140, 7.45396090, -66.76410675, 103.35705566, -6.33733225, -6.30051041, -0.62057292, 0.78027707, -0.07727142, 0.00927669, -0.06196567, 0.00805679, 0.01378549, 99.96600342, 113.74507904, 32.38000107, 0.00000000
1, 2.4000, 297, -0.06481147, -0.97911990, 0.20129092, 1.33734274, 22.49359322, 30.32388496, -25.19731140, 7.45396090, -66.76410675, 103.35570526, -6.51069403, -6.22535563, -0.62058777, 0.78020310, -0.07769142, 0.01086894, -0.04832927, 0.01202675, 0.02647408, 99.96600342, 113.74507904, 32.38000107, 0.00000000
1, 2.4050, 298, -0.07279953, -0.97936034, 0.19529863, 1.35001469, 21.57438469, 30.89769745, -24.49576187, 6.69394922, -66.15024567, 103.35480499, -6.68579340, -6.15533543, -0.62059695, 0.78012592, -0.07815564, 0.01244554, -0.04335185, 0.01261180, 0.03235123, 99.96600342, 113.74507904, 32.38000107, 0.00000000
1, 2.4100, 299, -0.07781784, -0.97847223, 0.20146815, 1.31717730, 21.42649269, 31.24511147, -24.49576187, 6.69394922, -66.15024567, 103.35365295, -6.86241198, -6.08640814, -0.62060493, 0.78004456, -0.07863544, 0.01402640, -0.04140801, 0.01206039, 0.02606845, 99.96600342, 113.74507904, 32.38000107, 0.00000000
1, 2.4150, 300, -0.08280601, -0.98213243, 0.20232330, 1.36205661, 20.66017914, 31.26133347, -24.49576187, 6.69394922, -66.15024567, 103.35297394, -7.03822756, -6.02122688, -0.62060696, 0.77996272, -0.07913633, 0.01558177, -0.03947227, 0.01607424, 0.02509102, 99.96600342, 113.74507904, 32.38000107, 0.00000000
1, 2.4550, 301, -0.20430592, -1.00237048, 0.21641630, 2.06861234, 17.71350861, 29.46454239, -26.16194153, 4.47237635, -66.03332520, 103.36070251, -8.37340641, -5.64897871, -0.62046504, 0.77928877, -0.08377022, 0.02673645, 0.05884831, 0.03934704, 0.01006125, 99.96600342, 113.74507904, 32.38000107, 0.00000000
1, 2.4600, 302, -0.20131895, -1.01052678, 0.22061865, 2.68068600, 19.98845863, 29.23056030, -26.16194153, 4.47237635, -66.03332520, 103.36498260, -8.53856373, -5.58454180, -0.62040997, 0.77923226, -0.08421704, 0.02821806, 0.05300432, 0.04792163, 0.00582125, 99.96600342, 113.74507904, 32.38000107, 0.00000000
1, 2.4650, 303, -0.18875059, -1.01882911, 0.23237979, 2.82824326, 22.40269089, 28.83054733, -27.41888237, 7.62934828, -66.12101746, 103.36795807, -8.70454502, -5.50774193, -0.62035769, 0.77917629, -0.08458440, 0.02977121, 0.03754531, 0.05663924, -0.00596101, 99.96600342, 113.74507904, 32.38000107, 0.00000000
1, 2.4700, 304, -0.16673617, -1.01940370, 0.23557612, 2.80594087, 24.12250328, 28.27593613, -27.41888237, 7.62934828, -66.12101746, 103.36920929, -8.86980629, -5.42180157, -0.62031150, 0.77911747, -0.08488609, 0.03136757, 0.01266810, 0.05764137, -0.00918220, 99.96600342, 113.74507904, 32.38000107, 0.00000000
1, 2.4750, 305, -0.15512291, -1.01856756, 0.22887230, 3.25119185, 25.49000359, 28.05749512, -27.41888237, 7.62934828, -66.12101746, 103.37136078, -9.03557968, -5.32883930, -0.62025398, 0.77906770, -0.08514248, 0.03300600, -0.00178291, 0.05726017, -0.00251518, 99.96600342, 113.74507904, 32.38000107, 0.00000000
1, 2.4800, 306, -0.15103099, -1.01288867, 0.22465828, 3.18882728, 27.62303543, 27.68850899, -27.68196487, 6.95702982, -65.77024078, 103.37117004, -9.20200253, -5.22488928, -0.62020534, 0.77901220, -0.08532827, 0.03470649, -0.00873027, 0.05203544, 0.00161907, 99.96600342, 113.74507904, 32.38000107, 0.00000000
1, 2.4850, 307, -0.14674826, -1.00471497, 0.22778261, 3.26996970, 29.65290070, 27.31523132, -27.68196487, 6.95702982, -65.77024078, 103.36940765, -9.36893654, -5.11044645, -0.62016004, 0.77895486, -0.08544596, 0.03646595, -0.01589392, 0.04430490, -0.00161684, 99.96600342, 113.74507904, 32.38000107, 0.00000000
1, 2.4900, 308, -0.15015107, -0.99614191, 0.22620195, 3.71312976, 31.25739670, 27.38288498, -28.23735809, 7.36626720, -65.88716888, 103.36685181, -9.53569317, -4.98791933, -0.62011337, 0.77889895, -0.08550808, 0.03826720, -0.01536748, 0.03619099, -0.00017414, 99.96600342, 113.74507904, 32.38000107, 0.00000000
1, 2.4950, 309, -0.15188843, -0.99139154, 0.22016639, 4.19237900, 32.85802841, 27.62525177, -28.23735809, 7.36626720, -65.88716888, 103.36642456, -9.70780468, -4.85789299, -0.62004423, 0.77885509, -0.08554730, 0.04014702, -0.01654177, 0.03192640, 0.00573085, 99.96600342, 113.74507904, 32.38000107, 0.00000000
1, 2.5000, 310, -0.13925087, -0.99737203, 0.23883760, 4.52801943, 34.65707016, 28.25974464, -28.23735809, 7.36626720, -65.88716888, 103.36589813, -9.88505268, -4.71964931, -0.61996680, 0.77881193, -0.08555824, 0.04210614, -0.03225730, 0.03838120, -0.01304777, 99.96600342, 113.74507904, 32.38000107, 0.00000000
1, 2.5500, 311, 0.05567000, -0.98435485, 0.19435088, 1.67258799, 44.00083923, 40.01592255, -30.02046204, 7.62934828, -65.65332031, 103.21600342, -11.96361446, -3.07026124, -0.61962360, 0.77749878, -0.08557988, 0.06510352, -0.26239565, 0.03147541, 0.02799400, 99.96600342, 113.74507904, 32.38000107, 0.00000000
1, 2.5550, 312, 0.12828282, -1.02222168, 0.19603440, 1.29191959, 40.76604843, 42.60762405, -30.60508537, 7.27857351, -66.09178162, 103.19080353, -12.21731949, -2.91664624, -0.61960578, 0.77725911, -0.08591463, 0.06764396, -0.33929360, 0.07012661, 0.02579001, 99.96600342, 113.74507904, 32.38000107, 0.00000000
1, 2.5600, 313, 0.17651242, -1.05718565, 0.23205595, 1.11981225, 37.91772079, 45.13579178, -30.60508537, 7.27857351, -66.09178162, 103.16774750, -12.48004818, -2.77991176, -0.61957121, 0.77700889, -0.08641215, 0.07015533, -0.39205271, 0.10588071, -0.01078187, 99.96600342, 113.74507904, 32.38000107, 0.00000000
1, 2.5650, 314, 0.18330202, -1.09664536, 0.25512537, -1.23613584, 33.56026459, 48.81250000, -31.24817276, 7.60011673, -66.29640198, 103.13794708, -12.75572872, -2.66891837, -0.61958438, 0.77668941, -0.08715898, 0.07260960, -0.40355140, 0.14620537, -0.03458616, 99.96600342, 113.74507904, 32.38000107, 0.00000000
1, 2.5700, 315, 0.10513302, -1.10118651, 0.21349984, -2.16947746, 28.99433136, 51.51972580, -31.24817276, 7.60011673, -66.29640198, 103.10870361, -13.03941059, -2.58361483, -0.61959898, 0.77634370, -0.08812363, 0.07497872, -0.33007669, 0.15176134, 0.00608672, 99.96600342, 113.74507904, 32.38000107, 0.00000000
1, 2.5750, 316, 0.02317824, -1.10519052, 0.21241513, -1.90520227, 25.31772804, 53.88238525, -31.24817276, 7.60011673, -66.29640198, 103.08515930, -13.33042049, -2.51920056, -0.61957836, 0.77600306, -0.08926628, 0.07728798, -0.25302985, 0.15678538, 0.00629013, 99.96600342, 113.74507904, 32.38000107, 0.00000000
1, 2.5800, 317, -0.01493288, -1.10553062, 0.27121487, -1.90967894, 26.23482323, 56.32289886, -30.83893585, 6.37240553, -66.29640198, 103.06082916, -13.63431931, -2.45280361, -0.61954880, 0.77564442, -0.09046593, 0.07969379, -0.22016315, 0.15812311, -0.05326577, 99.96600342, 113.74507904, 32.38000107, 0.00000000
1, 2.5850, 318, -0.02493997, -1.09388065, 0.34388801, -3.08234310, 32.54413986, 58.62639618, -30.83893585, 6.37240553, -66.29640198, 103.02331543, -13.95649910, -2.35715652, -0.61957073, 0.77521682, -0.09157605, 0.08237011, -0.21572013, 0.14750475, -0.12679978, 99.96600342, 113.74507904, 32.38000107, 0.00000000
1, 2.5900, 319, -0.01102145, -1.08421755, 0.35727614, -3.91027474, 39.57282257, 60.10140228, -32.03741455, 8.15550995, -66.32563782, 102.97943115, -14.27647018, -2.22945642, -0.61960405, 0.77477902, -0.09246379, 0.08519787, -0.23517804, 0.13899237, -0.14117631, 99.96600342, 113.74507904, 32.38000107, 0.00000000
1, 2.5950, 320, 0.01099539, -1.06853104, 0.30266041, -4.20714188, 43.88667679, 61.68019104, -32.03741455, 8.15550995, -66.32563782, 102.92171478, -14.62600613, -2.07941008, -0.61968613, 0.77425313, -0.09337217, 0.08833394, -0.26277146, 0.12462070, -0.08768235, 99.96600342, 113.74507904, 32.38000107, 0.00000000
1, 2.6000, 321, -0.00056393, -1.04988706, 0.24675600, -3.70707679, 47.02149963, 63.32589340, -32.03741455, 8.15550995, -66.32563782, 102.86190033, -14.98689175, -1.91482627, -0.61975062, 0.77371323, -0.09424813, 0.09162138, -0.25711715, 0.10739210, -0.03310736, 99.96600342, 113.74507904, 32.38000107, 0.00000000
1, 2.6550, 322, -0.05922762, -1.08571720, -0.00567454, -1.86898756, 36.42599106, 90.56591797, -36.07132339, 7.68781042, -66.91026306, 102.09862518, -19.67864990, -0.17301711, -0.61960459, 0.76608497, -0.10858439, 0.13196027, -0.27551627, 0.16438231, 0.20139211, 99.96600342, 113.74507904, 32.38000107, 0.00000000
1, 2.6600, 323, -0.08023118, -1.13112581, 0.06165274, -0.44373423, 36.66875458, 92.58658600, -36.07132339, 7.68781042, -66.91026306, 102.06741333, -20.16956329, -0.08454368, -0.61924756, 0.76542163, -0.11068197, 0.13569021, -0.26270917, 0.21239603, 0.13281357, 99.96600342, 113.74507904, 32.38000107, 0.00000000
1, 2.6650, 324, -0.05901462, -1.16774988, 0.06474528, -1.12594748, 31.70985222, 94.33483887, -37.26980209, 8.50628471, -66.29640198, 102.04161835, -20.66387177, -0.02334935, -0.61886704, 0.76474643, -0.11297418, 0.13929640, -0.29201359, 0.25184184, 0.12864360, 99.96600342, 113.74507904, 32.38000107, 0.00000000
1, 2.6700, 325, -0.05465301, -1.20093405, 0.04931244, -0.82076865, 27.64483070, 96.93307495, -37.26980209, 8.50628471, -66.29640198, 102.02539063, -21.16665459, 0.01408653, -0.61842835, 0.76407683, -0.11545879, 0.14283630, -0.30447742, 0.28800744, 0.14307651, 99.96600342, 113.74507904, 32.38000107, 0.00000000
1, 2.6750, 326, -0.04353907, -1.24254453, 0.08010056, -0.27441651, 27.35815620, 100.38945007, -37.26980209, 8.50628471, -66.29640198, 102.01343536, -21.68604469, 0.04644190, -0.61793613, 0.76339120, -0.11806050, 0.14646003, -0.32406777, 0.33273193, 0.11138619, 99.96600342, 113.74507904, 32.38000107, 0.00000000
1, 2.6800, 327, -0.01141936, -1.25960994, 0.14489812, -0.45375544, 24.91357613, 102.05103302, -38.26366425, 8.47705364, -66.50102234, 102.00579834, -22.21101952, 0.06426006, -0.61741352, 0.76269215, -0.12078217, 0.15004332, -0.36483973, 0.35298529, 0.04578868, 99.96600342, 113.74507904, 32.38000107, 0.00000000
1, 2.6850, 328, 0.01035107, -1.26963019, 0.16862264, -1.41942346, 19.88085365, 103.87123108, -38.26366425, 8.47705364, -66.50102234, 102.00411224, -22.73972321, 0.05350723, -0.61687136, 0.76197433, -0.12370402, 0.15350029, -0.39518690, 0.36638081, 0.02132555, 99.96600342, 113.74507904, 32.38000107, 0.00000000
1, 2.6900, 329, 0.02631735, -1.27223194, 0.18236859, -2.27643967, 17.69788551, 106.00335693, -38.55597687, 8.41859055, -66.61795044, 102.00052643, -23.25672150, 0.02961439, -0.61636019, 0.76123095, -0.12665011, 0.15680347, -0.41962171, 0.37243199, 0.00684071, 99.96600342, 113.74507904, 32.38000107, 0.00000000
1, 2.7800, 330, 0.59269643, -1.61169767, 0.28050968, 11.32098579, 103.81118011, 139.81533813, -46.15609360, 11.48786926, -68.19643402, 101.30445862, -35.11415863, 1.44346786, -0.60150486, 0.73963910, -0.18195528, 0.24086969, -1.16579080, 0.80731314, -0.12023515, 99.96600342, 113.74507904, 32.38000107, 0.00000000
1, 2.7850, 331, 0.72024912, -1.54099894, 0.24151812, 6.21952486, 110.62908173, 138.36027527, -46.15609360, 11.48786926, -68.19643402, 101.04484558, -35.89930725, 1.94698799, -0.60070300, 0.73752743, -0.18343024, 0.24811839, -1.30444360, 0.74377650, -0.08578753, 99.96600342, 113.74507904, 32.38000107, 0.00000000
1, 2.7900, 332, 0.69478953, -1.45126927, 0.22503361, 6.26593065, 103.93296051, 138.72587585, -47.06226349, 11.80941200, -68.72259521, 100.79785156, -36.66138840, 2.41883302, -0.59984380, 0.73547208, -0.18499288, 0.25504085, -1.28982747, 0.66119093, -0.07418961, 99.96600342, 113.74507904, 32.38000107, 0.00000000
1, 2.7950, 333, 0.54307377, -1.34569919, 0.07916076, 3.74677634, 97.31701660, 137.72395325, -47.06226349, 11.80941200, -68.72259521, 100.55273438, -37.42760849, 2.85965800, -0.59895283, 0.73336357, -0.18680367, 0.26179734, -1.14838576, 0.56305432, 0.06661993, 99.96600342, 113.74507904, 32.38000107, 0.00000000
1, 2.8000, 334, 0.36599845, -1.25366783, -0.09295666, 7.86836386, 88.53805542, 136.34054565, -48.84536743, 13.00789261, -67.72873688, 100.35102081, -38.17767334, 3.25575829, -0.59784299, 0.73143589, -0.18874244, 0.26825684, -0.98130888, 0.47865599, 0.23402935, 99.96600342, 113.74507904, 32.38000107, 0.00000000
1, 2.8050, 335, 0.23393944, -1.20387685, -0.07391880, 19.92765045, 82.29061127, 135.37213135, -48.84536743, 13.00789261, -67.72873688, 100.22505188, -38.91640854, 3.62048006, -0.59627903, 0.72986758, -0.19066238, 0.27457711, -0.85942876, 0.43637109, 0.21137796, 99.96600342, 113.74507904, 32.38000107, 0.00000000
1, 2.8100, 336, 0.07486396, -1.21513546, 0.04016041, 28.25116348, 79.58029938, 136.63873291, -48.84536743, 13.00789261, -67.72873688, 100.14539337, -39.65839005, 3.97207022, -0.59438318, 0.72850245, -0.19258358, 0.28089944, -0.71068060, 0.45526117, 0.09424513, 99.96600342, 113.74507904, 32.38000107, 0.00000000
1, 2.8150, 337, -0.03905199, -1.24924695, 0.24481820, 28.61620140, 78.59569550, 135.69924927, -50.19000244, 13.27097321, -68.31335449, 100.06414032, -40.39452744, 4.32347345, -0.59245002, 0.72713107, -0.19448723, 0.28715533, -0.60715985, 0.49697572, -0.11321867, 99.96600342, 113.74507904, 32.38000107, 0.00000000
1, 2.8200, 338, -0.13963147, -1.25684142, 0.37839809, 20.17789841, 76.23878479, 135.08448792, -50.19000244, 13.27097321, -68.31335449, 99.94325256, -41.12524414, 4.66575909, -0.59074366, 0.72554177, -0.19652970, 0.29323587, -0.51661915, 0.51228327, -0.24994391, 99.96600342, 113.74507904, 32.38000107, 0.00000000
1, 2.8250, 339, -0.24052837, -1.22126424, 0.38587439, 9.55092621, 72.41112518, 134.00686646, -51.12540054, 13.65097904, -68.34259033, 99.77770233, -41.84687042, 4.99030972, -0.58932751, 0.72370344, -0.19876479, 0.29906374, -0.42523229, 0.48456109, -0.26104194, 99.96600342, 113.74507904, 32.38000107, 0.00000000
1, 2.9350, 340, -0.57848758, -0.60454106, 0.17073518, -19.27346802, -44.70379257, 12.89562130, -57.03010941, 17.24641991, -71.35340118, 93.66606903, -51.44895172, 10.92338276, -0.58339453, 0.68235695, -0.23305230, 0.37380016, -0.20387813, -0.01785527, -0.13384199, 99.96600342, 113.74507904, 32.38000107, 0.00000000
1, 2.9400, 341, -0.55080444, -0.60866857, 0.21186955, -26.39364815, -54.40173721, 6.55086803, -57.03010941, 17.27565002, -70.85647583, 93.90575409, -51.45016479, 10.46212196, -0.58346409, 0.68263245, -0.23502636, 0.37194782, -0.23185489, -0.01339879, -0.17252782, 99.96600342, 113.74507904, 32.38000107, 0.00000000
1, 2.9450, 342, -0.49687886, -0.53134549, 0.22974591, -33.04275131, -62.18220139, -1.15626538, -57.03010941, 17.27565002, -70.85647583, 94.12914276, -51.42353058, 9.96512222, -0.58382368, 0.68280715, -0.23711568, 0.36973023, -0.28557330, -0.09088884, -0.18756793, 99.96600342, 113.74507904, 32.38000107, 0.00000000
1, 2.9500, 343, -0.47373039, -0.44304642, 0.22315665, -38.00058746, -65.79322815, -9.27627850, -56.35778809, 16.54487038, -71.55802155, 94.34579468, -51.35394669, 9.44462299, -0.58441854, 0.68299061, -0.23913367, 0.36714289, -0.30812228, -0.17973024, -0.17833301, 99.96600342, 113.74507904, 32.38000107, 0.00000000
1, 2.9550, 344, -0.45557222, -0.34048456, 0.20544599, -42.79948807, -68.74894714, -21.44874763, -56.35778809, 16.54487038, -71.55802155, 94.54910278, -51.22145844, 8.90949917, -0.58531392, 0.68321687, -0.24093997, 0.36410213, -0.32490396, -0.28375012, -0.15805236, 99.96600342, 113.74507904, 32.38000107, 0.00000000
1, 2.9600, 345, -0.44010311, -0.28286698, 0.19748478, -42.89421844, -71.55245972, -29.54131508, -56.35778809, 16.54487038, -71.55802155, 94.76226044, -51.04628754, 8.35982513, -0.58630341, 0.68356019, -0.24257538, 0.36076450, -0.33855435, -0.34339845, -0.14749530, 99.96600342, 113.74507904, 32.38000107, 0.00000000
1, 2.9650, 346, -0.41772929, -0.24964073, 0.19320928, -41.97309113, -76.08086395, -37.96834946, -55.83162689, 16.36948204, -71.20724487, 94.99953461, -50.82590103, 7.78334045, -0.58734119, 0.68407619, -0.24405794, 0.35707963, -0.35862231, -0.37922692, -0.14034519, 99.96600342, 113.74507904, 32.38000107, 0.00000000
1, 2.9700, 347, -0.38477042, -0.22920783, 0.17254779, -41.62681961, -83.30640411, -47.43380356, -55.83162689, 16.36948204, -71.20724487, 95.27221680, -50.55355835, 7.16120100, -0.58842820, 0.68480122, -0.24543414, 0.35293314, -0.38867170, -0.40285379, -0.11636526, 99.96600342, 113.74507904, 32.38000107, 0.00000000
1, 2.9750, 348, -0.34077042, -0.20534863, 0.13606296, -41.52150345, -94.31193542, -57.68734360, -55.39315796, 16.07716942, -71.17801666, 95.59881592, -50.22300339, 6.46683168, -0.58953863, 0.68579113, -0.24678048, 0.34818691, -0.42907476, -0.43055886, -0.07589018, 99.96600342, 113.74507904, 32.38000107, 0.00000000
1, 2.9800, 349, -0.27359608, -0.17657705, 0.09522530, -41.08920670, -109.08408356, -69.08638000, -55.39315796, 16.07716942, -71.17801666, 95.99900055, -49.82559204, 5.67541361, -0.59063238, 0.68711770, -0.24815330, 0.34269914, -0.49189228, -0.46390563, -0.03008989, 99.96600342, 113.74507904, 32.38000107, 0.00000000
1, 3.0400, 350, -0.32955262, -0.45093763, 0.32883075, -29.47479248, -106.32048798, -193.98918152, -47.35457230, 12.30634308, -68.60566711, 100.99245453, -39.92484283, -4.02074194, -0.60678148, 0.71715832, -0.24248430, 0.24228409, -0.31659290, -0.29957569, -0.18522233, 99.96600342, 113.74507904, 32.38000107, 0.00000000
1, 3.0450, 351, -0.40277827, -0.46950492, 0.23716003, -31.80793381, -103.14807892, -200.78915405, -47.35457230, 12.30634308, -68.60566711, 101.09017944, -38.84161758, -4.42926264, -0.60878736, 0.71948338, -0.23927809, 0.23338321, -0.22867793, -0.29232883, -0.08996373, 99.96600342, 113.74507904, 32.38000107, 0.00000000
1, 3.0500, 352, -0.45016456, -0.49139974, 0.16331910, -35.37462997, -95.25939941, -208.61773682, -45.83454895, 10.84478188, -68.66413116, 101.12261200, -37.72718430, -4.77112961, -0.61100620, 0.72164255, -0.23562913, 0.22446054, -0.16600382, -0.28199753, -0.01329352, 99.96600342, 113.74507904, 32.38000107, 0.00000000
1, 3.0550, 353, -0.50583231, -0.53617251, 0.12865894, -37.96456146, -82.96145630, -216.94949341, -45.83454895, 10.84478188, -68.66413116, 101.08185577, -36.58364105, -5.02222157, -0.61345160, 0.72362262, -0.23139086, 0.21565199, -0.09450380, -0.24905851, 0.02316790, 99.96600342, 113.74507904, 32.38000107, 0.00000000
1, 3.0600, 354, -0.54103124, -0.56380045, 0.11243388, -39.82838440, -72.47511292, -227.92759705, -45.83454895, 10.84478188, -68.66413116, 100.98130035, -35.39643860, -5.19480991, -0.61609983, 0.72548532, -0.22651838, 0.20683715, -0.04268952, -0.23358732, 0.04035210, 99.96600342, 113.74507904, 32.38000107, 0.00000000
1, 3.0650, 355, -0.53334272, -0.56725752, 0.11051767, -45.41754913, -47.98999023, -238.62974548, -43.70067215, 10.69862556, -68.57643890, 100.76016235, -34.18003464, -5.21029186, -0.61919343, 0.72699988, -0.22067305, 0.19842942, -0.03313351, -0.24252537, 0.04194455, 99.96600342, 113.74507904, 32.38000107, 0.00000000
1, 3.0700, 356, -0.51788628, -0.56085646, 0.10901407, -48.24866867, -36.41689682, -247.32624817, -43.70067215, 10.69862556, -68.57643890, 100.48484802, -32.93153763, -5.15408182, -0.62248993, 0.72833371, -0.21423748, 0.19010176, -0.03061163, -0.26148218, 0.04199387, 99.96600342, 113.74507904, 32.38000107, 0.00000000
1, 3.0750, 357, -0.51033187, -0.56131244, 0.10120461, -49.96143723, -26.18818855, -256.20925903, -41.36217499, 9.52937698, -68.95644379, 100.16961670, -31.64822578, -5.03743505, -0.62593156, 0.72952628, -0.20722906, 0.18181668, -0.01940823, -0.27361533, 0.04756031, 99.96600342, 113.74507904, 32.38000107, 0.00000000
1, 3.0800, 358, -0.50063878, -0.56559134, 0.08669107, -50.99945068, -15.82007122, -264.85220337, -41.36217499, 9.52937698, -68.95644379, 99.82147217, -30.33071899, -4.86283827, -0.62948489, 0.73058748, -0.19964275, 0.17359060, -0.00954691, -0.28189057, 0.05917725, 99.96600342, 113.74507904, 32.38000107, 0.00000000
1, 3.0850, 359, -0.48083049, -0.58032143, 0.06410095, -51.29273224, -5.17684364, -273.07739258, -39.46214676, 8.30166626, -69.19029236, 99.44743347, -28.98056412, -4.63193989, -0.63311297, 0.73152685, -0.19147560, 0.16544938, -0.00901076, -0.27960372, 0.07828355, 99.96600342, 113.74507904, 32.38000107, 0.00000000
1, 3.1700, 360, -0.22539262, -1.68349612, 0.31325209, 6.85993338, -17.43938255, -354.30935669, -24.23267937, 6.72318029, -69.95030975, 96.65930176, -1.64082181, -1.16162312, -0.66485023, 0.74677074, -0.01709031, 0.00395626, 0.18822667, 0.69040787, -0.20074502, 99.96600342, 113.74507904, 32.38000107, 0.00000000
1, 3.1750, 361, -0.24369693, -1.63466096, 0.28463537, 0.61214083, -7.51222706, -358.02416992, -21.98187637, 7.45396090, -69.83338165, 96.65602875, 0.14181042, -0.99415773, -0.66483194, 0.74694163, -0.00565755, -0.00669242, 0.23765182, 0.64098799, -0.17192081, 99.96600342, 113.74507904, 32.38000107, 0.00000000
1, 3.1800, 362, -0.27152586, -1.59591758, 0.29867628, -3.41932416, 6.84468746, -364.11535645, -21.98187637, 7.45396090, -69.83338165, 96.63887787, 1.94650257, -0.75235993, -0.66478372, 0.74681401, 0.00639196, -0.01705096, 0.29685220, 0.60250741, -0.18633431, 99.96600342, 113.74507904, 32.38000107, 0.00000000
1, 3.1850, 363, -0.26077738, -1.61727774, 0.33381510, -3.17507195, 12.58143044, -366.50546265, -18.97106171, 8.36012840, -70.06723022, 96.63201141, 3.75985098, -0.48079073, -0.66455543, 0.74650681, 0.01868410, -0.02728805, 0.31761602, 0.62510657, -0.22180191, 99.96600342, 113.74507904, 32.38000107, 0.00000000
1, 3.1900, 364, -0.23365419, -1.70400190, 0.34008753, -0.79028988, 15.60797882, -365.48220825, -18.97106171, 8.36012840, -70.06723022, 96.64782715, 5.56365013, -0.19389482, -0.66407311, 0.74608898, 0.03100808, -0.03737369, 0.32193726, 0.71413815, -0.22826302, 99.96600342, 113.74507904, 32.38000107, 0.00000000
1, 3.1950, 365, -0.25985676, -1.83074701, 0.30735171, 1.71045411, 15.66595650, -361.16616821, -18.97106171, 8.36012840, -70.06723022, 96.68405914, 7.34862804, 0.09240568, -0.66335481, 0.74555546, 0.04319734, -0.04734457, 0.37929973, 0.84425157, -0.19561356, 99.96600342, 113.74507904, 32.38000107, 0.00000000
1, 3.2000, 366, -0.33739114, -1.88370800, 0.24295737, -0.14154141, 9.62816811, -349.64923096, -17.27565002, 9.41245270, -70.18415833, 96.71485138, 9.07968712, 0.34392264, -0.66257167, 0.74479854, 0.05483087, -0.05716255, 0.48718911, 0.90147984, -0.13140360, 99.96600342, 113.74507904, 32.38000107, 0.00000000
1, 3.2050, 367, -0.54948598, -1.84640181, 0.25812414, -4.19992733, 1.72572649, -333.76702881, -17.27565002, 9.41245270, -70.18415833, 96.72478485, 10.73629379, 0.54811704, -0.66182995, 0.74377835, 0.06571779, -0.06675439, 0.72810543, 0.86896825, -0.14733741, 99.96600342, 113.74507904, 32.38000107, 0.00000000
1, 3.2100, 368, -0.92287320, -1.74315703, 0.35920128, -3.29499650, -0.81531721, -313.05319214, -14.99561501, 10.81555080, -69.92107391, 96.74044037, 12.29147053, 0.72859818, -0.66099250, 0.74268979, 0.07584373, -0.07581941, 1.12833798, 0.77086610, -0.24960156, 99.96600342, 113.74507904, 32.38000107, 0.00000000
1, 3.2150, 369, -1.05557084, -1.66170573, 0.32911706, 1.70872414, 10.64665604, -292.33816528, -14.99561501, 10.81555080, -69.92107391, 96.79705048, 13.73707294, 0.95719445, -0.65990466, 0.74172497, 0.08560095, -0.08391906, 1.28619003, 0.69513774, -0.21962750, 99.96600342, 113.74507904, 32.38000107, 0.00000000
1, 3.3250, 370, 0.69016427, -1.58434963, -0.18355325, 0.44965053, -30.58936119, 161.46203613, -12.94942951, 13.88482857, -68.60566711, 99.34042358, 18.44087219, 3.12944937, -0.64192158, 0.74936956, 0.12420950, -0.10466145, -0.37023336, 0.64969373, 0.33688349, 99.96600342, 113.74507904, 32.38000107, 0.00000000
1, 3.3300, 371, 1.24547660, -1.70453978, -0.43062776, -19.40622330, -7.12786198, 144.71286011, -12.94942951, 13.88482857, -68.60566711, 99.19582367, 17.73205185, 2.97092557, -0.64323080, 0.74957299, 0.11936700, -0.10072722, -0.93699157, 0.76600814, 0.58364367, 99.96600342, 113.74507904, 32.38000107, 0.00000000
1, 3.3350, 372, 1.74677730, -1.73040330, -0.91924840, -43.17636490, 35.42386246, 120.61685181, -13.44636059, 13.73867321, -68.51797485, 99.00653076, 17.10818672, 3.05514002, -0.64496803, 0.74914134, 0.11660648, -0.09595113, -1.44779491, 0.78884488, 1.07106233, 99.96600342, 113.74507904, 32.38000107, 0.00000000
1, 3.3400, 373, 2.09328461, -1.60571563, -1.13508940, -51.30762863, 46.20442963, 108.18327332, -13.44636059, 13.73867321, -68.51797485, 98.79322052, 16.53996468, 3.20637465, -0.64685488, 0.74842447, 0.11459609, -0.09114476, -1.80341530, 0.66105831, 1.28497887, 99.96600342, 113.74507904, 32.38000107, 0.00000000
1, 3.3450, 374, 1.81242490, -1.47759509, -0.97283578, -24.38398743, -103.53327179, 108.86331940, -13.44636059, 13.73867321, -68.51797485, 98.49951172, 16.07823753, 2.58866525, -0.64857668, 0.74786389, 0.10820907, -0.09131736, -1.53120005, 0.52957964, 1.11811090, 99.96600342, 113.74507904, 32.38000107, 0.00000000
1, 3.3500, 375, 1.23495293, -1.39188683, -0.76154304, -6.79137039, -198.88491821, 111.48423004, -14.29406548, 11.66325665, -68.81028748, 98.16458893, 15.66888428, 1.48247349, -0.65013933, 0.74738014, 0.09895716, -0.09460086, -0.96129841, 0.44073343, 0.90043640, 99.96600342, 113.74507904, 32.38000107, 0.00000000
1, 3.3550, 376, 0.57694411, -1.30425417, -0.57661426, 4.39896011, -264.06762695, 117.46453857, -14.29406548, 11.66325665, -68.81028748, 97.80390930, 15.26834011, 0.04187612, -0.65155989, 0.74687427, 0.08760019, -0.09987384, -0.31047413, 0.35010171, 0.70834720, 99.96600342, 113.74507904, 32.38000107, 0.00000000
1, 3.3600, 377, -0.04279634, -1.23318577, -0.31256217, 12.31690311, -304.87973022, 127.15202332, -13.41712952, 13.27097321, -69.71645355, 97.43824768, 14.83783817, -1.60927153, -0.65280092, 0.74631613, 0.07471584, -0.10621171, 0.30150843, 0.27586982, 0.43703672, 99.96600342, 113.74507904, 32.38000107, 0.00000000
1, 3.4700, 378, -0.80820620, -1.25411284, 0.07698657, 31.55768394, 14.48705578, 68.79647827, -17.45103836, 9.96784592, -70.12569427, 99.20932007, 1.48734641, -13.55806541, -0.64230645, 0.75719553, -0.08153857, -0.08630642, 0.83547783, 0.26713985, 0.07825767, 99.96600342, 113.74507904, 32.38000107, 0.00000000
1, 3.4750, 379, -0.65447819, -1.35167122, 0.07187490, 27.62436104, 26.83547783, 63.70779037, -17.45103836, 9.96784592, -70.12569427, 99.35009003, 1.15180099, -13.47638607, -0.64172071, 0.75784528, -0.08298893, -0.08353473, 0.67583656, 0.36497146, 0.08612531, 99.96600342, 113.74507904, 32.38000107, 0.00000000
1, 3.4800, 380, -0.42119148, -1.41889930, -0.04649386, 26.86120987, 32.90771484, 58.56935501, -17.45103836, 9.96784592, -70.12569427, 99.48710632, 0.83649051, -13.36139297, -0.64115703, 0.75850624, -0.08409552, -0.08070854, 0.43724975, 0.43267754, 0.20732632, 99.96600342, 113.74507904, 32.38000107, 0.00000000
1, 3.4850, 381, -0.20131789, -1.45962787, -0.07967419, 27.75704002, 31.41368294, 54.35114288, -18.56182289, 10.37708282, -69.71645355, 99.62789917, 0.54295158, -13.25107670, -0.64053762, 0.75919515, -0.08510686, -0.07804610, 0.21224330, 0.47379765, 0.24341759, 99.96600342, 113.74507904, 32.38000107, 0.00000000
1, 3.4900, 382, -0.03086061, -1.46687174, -0.04046948, 23.89169121, 26.94772720, 51.80519104, -18.56182289, 10.37708282, -69.71645355, 99.74072266, 0.26544911, -13.16144276, -0.64006829, 0.75971943, -0.08614055, -0.07562306, 0.03678728, 0.48129904, 0.20676079, 99.96600342, 113.74507904, 32.38000107, 0.00000000
1, 3.4950, 383, 0.12009621, -1.41198099, 0.00446443, 16.58095551, 22.44916153, 50.84461212, -17.83104324, 10.46477604, -69.71645355, 99.82444000, -0.00383942, -13.09355354, -0.63976449, 0.76006728, -0.08724906, -0.07339527, -0.11901203, 0.42658210, 0.16382623, 99.96600342, 113.74507904, 32.38000107, 0.00000000
1, 3.5000, 384, 0.22948965, -1.30548751, 0.07090725, 10.93782806, 15.41494370, 50.18795395, -17.83104324, 10.46477604, -69.71645355, 99.87967682, -0.26407614, -13.06010437, -0.63961536, 0.76023287, -0.08851436, -0.07143950, -0.23315527, 0.32016855, 0.09888807, 99.96600342, 113.74507904, 32.38000107, 0.00000000
1, 3.5050, 385, 0.30244160, -1.13757443, 0.17452677, 6.94872999, 4.00155878, 49.72132492, -17.83104324, 10.46477604, -69.71645355, 99.91521454, -0.51236802, -13.08270836, -0.63954979, 0.76024926, -0.09007077, -0.06988964, -0.31075299, 0.15223105, -0.00358550, 99.96600342, 113.74507904, 32.38000107, 0.00000000
1, 3.5100, 386, 0.32717562, -1.00253928, 0.17128760, 4.37770748, -12.71492386, 50.12675858, -19.46799088, 11.02016926, -69.57029724, 99.93896484, -0.74839282, -13.18815136, -0.63950151, 0.76013786, -0.09209991, -0.06889179, -0.33967519, 0.01732438, 0.00039637, 99.96600342, 113.74507904, 32.38000107, 0.00000000
1, 3.5150, 387, 0.31400394, -0.86480141, 0.09903707, 5.42958546, -37.48426819, 52.11684036, -19.46799088, 11.02016926, -69.57029724, 99.97023773, -0.97297233, -13.41743469, -0.63932091, 0.75996810, -0.09488997, -0.06865389, -0.33025572, -0.12016237, 0.07327572, 99.96600342, 113.74507904, 32.38000107, 0.00000000
1, 3.6250, 388, -0.02459009, -0.97714257, 0.14354932, 8.67881012, 16.29676247, 21.14441872, -20.54954720, 9.79245853, -69.89184570, 101.21552277, -4.66610384, -15.54238796, -0.63253039, 0.76159376, -0.13000920, -0.05457022, -0.05660263, -0.00082092, 0.04847899, 99.96600342, 113.74507904, 32.38000107, 0.00000000
1, 3.6300, 389, -0.01239589, -0.98979592, 0.15413211, 8.67245483, 13.89213276, 21.19234085, -20.54954720, 9.79245853, -69.89184570, 101.25521088, -4.78339100, -15.49453163, -0.63236940, 0.76174730, -0.13034835, -0.05347420, -0.07087249, 0.01211560, 0.03855574, 99.96600342, 113.74507904, 32.38000107, 0.00000000
1, 3.6350, 390, -0.02140654, -1.00273252, 0.15232624, 7.80620384, 11.93992710, 20.94652176, -21.28032684, 9.93861389, -70.03800201, 101.29126740, -4.89760971, -15.45611000, -0.63222462, 0.76187277, -0.13073108, -0.05245460, -0.06385876, 0.02534651, 0.04091779, 99.96600342, 113.74507904, 32.38000107, 0.00000000
1, 3.6400, 391, -0.04998131, -1.00638032, 0.14991839, 7.04307938, 10.23733521, 20.49502945, -21.28032684, 9.93861389, -70.03800201, 101.31153107, -5.00060558, -15.42479706, -0.63217306, 0.76191407, -0.13109224, -0.05156729, -0.03715074, 0.02924892, 0.04368080, 99.96600342, 113.74507904, 32.38000107, 0.00000000
1, 3.6450, 392, -0.09085799, -1.01059425, 0.14055409, 6.30829382, 9.12764359, 20.02225494, -21.22186470, 9.82168961, -69.95030975, 101.34107208, -5.10761118, -15.39941788, -0.63205874, 0.76199526, -0.13151839, -0.05067493, 0.00193959, 0.03371642, 0.05331540, 99.96600342, 113.74507904, 32.38000107, 0.00000000
1, 3.6500, 393, -0.13413669, -1.01396942, 0.13801788, 5.87766314, 9.34354115, 19.57720375, -21.22186470, 9.82168961, -69.95030975, 101.36830139, -5.21266890, -15.37259579, -0.63195837, 0.76206684, -0.13192283, -0.04979006, 0.04339065, 0.03735195, 0.05617762, 99.96600342, 113.74507904, 32.38000107, 0.00000000
1, 3.6550, 394, -0.16558424, -1.01696026, 0.14468367, 6.28295088, 10.99753475, 19.01558304, -21.22186470, 9.82168961, -69.95030975, 101.39669800, -5.31658840, -15.33711529, -0.63185227, 0.76215583, -0.13226353, -0.04886349, 0.07301293, 0.04059035, 0.04987282, 99.96600342, 113.74507904, 32.38000107, 0.00000000
1, 3.6600, 395, -0.17924689, -1.01905191, 0.16193922, 6.99574614, 13.76159096, 18.75691986, -21.19263268, 10.40631390, -69.68722534, 101.42729187, -5.42196703, -15.28781986, -0.63173723, 0.76227093, -0.13252068, -0.04784815, 0.08480933, 0.04292472, 0.03306073, 99.96600342, 113.74507904, 32.38000107, 0.00000000
1, 3.6650, 396, -0.17602868, -1.02382481, 0.17197871, 7.35354090, 16.48600197, 18.57193756, -21.19263268, 10.40631390, -69.68722534, 101.45829773, -5.52914810, -15.22496605, -0.63162494, 0.76240176, -0.13269699, -0.04674526, 0.07971233, 0.04796129, 0.02351475, 99.96600342, 113.74507904, 32.38000107, 0.00000000
1, 3.6700, 397, -0.16566639, -1.03086269, 0.18328620, 7.56961155, 19.20497513, 18.56389046, -21.86495209, 10.31861973, -69.74568939, 101.48896027, -5.63899517, -15.14876366, -0.63152021, 0.76254308, -0.13279815, -0.04555104, 0.06742387, 0.05526742, 0.01270615, 99.96600342, 113.74507904, 32.38000107, 0.00000000
1, 3.7750, 398, -0.08044374, -0.98351789, 0.19791435, 0.87383157, 8.39737797, 32.62270737, -23.67728615, 7.51242304, -68.43028259, 101.69221497, -8.52027130, -12.88965607, -0.63214791, 0.76315838, -0.13340876, -0.01343682, -0.06748521, 0.01464083, 0.00070259, 99.96600342, 113.74507904, 32.38000107, 0.00000000
1, 3.7800, 399, -0.09774621, -0.97725248, 0.19274981, 1.04567564, 8.82417393, 32.31521988, -23.91113663, 9.82168961, -68.25489807, 101.69622040, -8.68741322, -12.87880421, -0.63218039, 0.76300579, -0.13423997, -0.01224376, -0.05306128, 0.00882143, 0.00580022, 99.96600342, 113.74507904, 32.38000107, 0.00000000
1, 3.7850, 400, -0.12121691, -0.99412954, 0.15975080, 3.04305506, 8.38605785, 32.41956711, -23.91113663, 9.82168961, -68.25489807, 101.71052551, -8.85459423, -12.87024403, -0.63214242, 0.76290584, -0.13508730, -0.01105082, -0.03238930, 0.02622640, 0.03881979, 99.96600342, 113.74507904, 32.38000107, 0.00000000
1, 3.7900, 401, -0.14684655, -1.02001536, 0.15336959, 4.28021479, 8.99222755, 32.27805328, -23.91113663, 9.82168961, -68.25489807, 101.71936035, -9.01831245, -12.85694504, -0.63213879, 0.76278377, -0.13588339, -0.00986139, -0.00959835, 0.05260745, 0.04523294, 99.96600342, 113.74507904, 32.38000107, 0.00000000
1, 3.7950, 402, -0.16555580, -1.03229058, 0.16734205, 3.70576358, 9.37673187, 32.01411819, -24.55422401, 9.67553329, -69.01490784, 101.73609924, -9.18450451, -12.84312439, -0.63208187, 0.76270181, -0.13668953, -0.00864279, 0.00623497, 0.06534579, 0.03130662, 99.96600342, 113.74507904, 32.38000107, 0.00000000
1, 3.8000, 403, -0.17238219, -1.03431487, 0.17989893, 3.25412536, 8.50072479, 32.06908798, -24.55422401, 9.67553329, -69.01490784, 101.75125885, -9.35008621, -12.83374119, -0.63203335, 0.76260501, -0.13752121, -0.00745441, 0.01017761, 0.06785782, 0.01889801, 99.96600342, 113.74507904, 32.38000107, 0.00000000
1, 3.8050, 404, -0.18489298, -1.03450644, 0.17981490, 2.79620767, 8.17832375, 32.27754211, -24.55422401, 10.05553913, -68.63490295, 101.76439667, -9.51637745, -12.82621193, -0.63199687, 0.76249266, -0.13836837, -0.00627366, 0.01982647, 0.06856053, 0.01908303, 99.96600342, 113.74507904, 32.38000107, 0.00000000
1, 3.8100, 405, -0.19652809, -1.02387238, 0.17739104, 2.10522985, 9.39562130, 32.10504150, -24.55422401, 10.05553913, -68.63490295, 101.77304840, -9.68305779, -12.81249523, -0.63198924, 0.76236099, -0.13917570, -0.00506139, 0.02860140, 0.05843756, 0.02156288, 99.96600342, 113.74507904, 32.38000107, 0.00000000
1, 3.8150, 406, -0.20926544, -1.01426744, 0.18169323, 1.91600108, 10.24029160, 31.67190552, -24.55422401, 10.05553913, -68.63490295, 101.77988434, -9.84848690, -12.79414272, -0.63199180, 0.76222509, -0.13994497, -0.00383408, 0.03847551, 0.04932920, 0.01726528, 99.96600342, 113.74507904, 32.38000107, 0.00000000
1, 3.8200, 407, -0.21810579, -1.00950956, 0.18704078, 1.97801602, 10.91146755, 31.30154228, -25.13884735, 9.50014591, -69.21952820, 101.78634644, -10.01277447, -12.77208805, -0.63199502, 0.76209176, -0.14068311, -0.00259441, 0.04447410, 0.04506823, 0.01191231, 99.96600342, 113.74507904, 32.38000107, 0.00000000
1, 3.8250, 408, -0.22337273, -1.00289166, 0.19490395, 1.71651220, 11.89057064, 31.04779243, -25.13884735, 9.50014591, -69.21952820, 101.79055023, -10.17682266, -12.74491024, -0.63201153, 0.76195133, -0.14138550, -0.00133079, 0.04689981, 0.03894436, 0.00402730, 99.96600342, 113.74507904, 32.38000107, 0.00000000
1, 3.9650, 409, -0.03922955, -1.03271270, 0.15264179, 3.50300145, 22.54330826, 55.32475662, -29.20198822, 9.73399544, -68.02104950, 101.55068970, -15.81845379, -10.15792847, -0.63332528, 0.75658697, -0.15460227, 0.05072981, -0.23249716, 0.08947197, 0.03829373, 99.96600342, 113.74507904, 32.38000107, 0.00000000
1, 3.9700, 410, -0.04568620, -1.04641962, 0.13884524, 1.80239213, 22.41428185, 57.20109940, -30.28354263, 9.64630222, -68.02104950, 101.54521942, -16.12100220, -10.10275173, -0.63328415, 0.75620258, -0.15586245, 0.05306537, -0.23105401, 0.10459573, 0.05169461, 99.96600342, 113.74507904, 32.38000107, 0.00000000
1, 3.9750, 411, -0.06107752, -1.04594302, 0.15719002, 0.83394593, 23.51021767, 59.09731293, -30.28354263, 9.64630222, -68.02104950, 101.53361511, -16.43391991, -10.04380989, -0.63327301, 0.75577044, -0.15715581, 0.05548257, -0.22090493, 0.10553528, 0.03284870, 99.96600342, 113.74507904, 32.38000107, 0.00000000
1, 3.9800, 412, -0.05771806, -1.04020274, 0.18456767, 0.86021316, 24.74925232, 61.19459152, -30.80970383, 10.08477020, -67.99181366, 101.52059174, -16.75834656, -9.98053646, -0.63325942, 0.75531572, -0.15848272, 0.05799846, -0.22971340, 0.10126918, 0.00495292, 99.96600342, 113.74507904, 32.38000107, 0.00000000
1, 3.9850, 413, -0.05412757, -1.03557718, 0.18586235, 1.81906557, 25.27220535, 62.98250961, -30.80970383, 10.08477020, -67.99181366, 101.51176453, -17.09202194, -9.91624641, -0.63320774, 0.75486773, -0.15985000, 0.06058721, -0.23884475, 0.09825147, 0.00317865, 99.96600342, 113.74507904, 32.38000107, 0.00000000
1, 3.9900, 414, -0.04986766, -1.05163932, 0.17113338, 2.59267068, 26.38782692, 64.68175507, -30.66354752, 9.96784592, -68.43028259, 101.50032043, -17.40927124, -9.84696293, -0.63316655, 0.75443196, -0.16109751, 0.06308853, -0.24853250, 0.11596115, 0.01740307, 99.96600342, 113.74507904, 32.38000107, 0.00000000
1, 3.9950, 415, -0.04511393, -1.08372664, 0.16313200, 3.47569752, 27.54565620, 67.57240295, -30.66354752, 9.96784592, -68.43028259, 101.49690247, -17.76765633, -9.77540207, -0.63305205, 0.75397795, -0.16254516, 0.06588957, -0.25895262, 0.14979783, 0.02489953, 99.96600342, 113.74507904, 32.38000107, 0.00000000
1, 4.0000, 416, -0.04941752, -1.10106921, 0.16699426, 3.15251136, 28.22875786, 69.48561096, -31.21894073, 10.20169544, -68.37181854, 101.49094391, -18.13608360, -9.70214462, -0.63294065, 0.75349188, -0.16403604, 0.06876301, -0.26073807, 0.16903660, 0.02052360, 99.96600342, 113.74507904, 32.38000107, 0.00000000
1, 4.0850, 417, 0.13941300, -1.26936507, 0.16662291, 3.33209372, 12.03926849, 115.99726105, -35.89593506, 9.93861389, -68.34259033, 101.59999847, -26.12703323, -9.52970791, -0.62809503, 0.74041319, -0.20507056, 0.12341428, -0.57790577, 0.38847822, 0.01221898, 99.96600342, 113.74507904, 32.38000107, 0.00000000
1, 4.0900, 418, 0.16476201, -1.28114629, 0.17462824, 3.99057031, 11.14366436, 118.73667145, -36.68518066, 10.46477604, -67.99181366, 101.64952087, -26.68982697, -9.60023212, -0.62745488, 0.73943889, -0.20841007, 0.12686948, -0.61227059, 0.40474939, 0.00411610, 99.96600342, 113.74507904, 32.38000107, 0.00000000
1, 4.0950, 419, 0.18686062, -1.29145336, 0.18060814, 4.67508650, 11.07962132, 121.67079926, -36.68518066, 10.46477604, -67.99181366, 101.70900726, -27.29684258, -9.67642117, -0.62671447, 0.73839611, -0.21199527, 0.13060707, -0.64354420, 0.41976631, -0.00190397, 99.96600342, 113.74507904, 32.38000107, 0.00000000
1, 4.1000, 420, 0.19018830, -1.31519866, 0.17629993, 5.81375504, 11.74567318, 124.82687378, -37.85442734, 11.04940033, -67.78719330, 101.77542877, -27.91990852, -9.75369358, -0.62590724, 0.73733008, -0.21565099, 0.13445927, -0.65644503, 0.44859746, 0.00234036, 99.96600342, 113.74507904, 32.38000107, 0.00000000
1, 4.1050, 421, 0.18373001, -1.29562211, 0.17579769, 6.29333544, 13.72147846, 126.86584473, -37.85442734, 11.04940033, -67.78719330, 101.84151459, -28.55487442, -9.82359886, -0.62507206, 0.73622382, -0.21930869, 0.13843118, -0.65973061, 0.43432230, 0.00280808, 99.96600342, 113.74507904, 32.38000107, 0.00000000
1, 4.1100, 422, 0.18562534, -1.29005682, 0.14820139, 7.60296297, 17.40239525, 127.81321716, -37.85442734, 11.04940033, -67.78719330, 101.90606689, -29.19816017, -9.87528896, -0.62420458, 0.73509908, -0.22288132, 0.14255519, -0.67136335, 0.43426126, 0.03027417, 99.96600342, 113.74507904, 32.38000107, 0.00000000
1, 4.1150, 423, 0.17483664, -1.29769397, 0.14516991, 11.42405796, 22.50376701, 129.98928833, -39.05290985, 11.42940617, -67.55334473, 101.97796631, -29.85722351, -9.90204334, -0.62323034, 0.73400176, -0.22635300, 0.14693432, -0.67052943, 0.44760936, 0.03315581, 99.96600342, 113.74507904, 32.38000107, 0.00000000
1, 4.1200, 424, 0.14433870, -1.32598817, 0.15297167, 14.68962097, 29.41294861, 132.11036682, -39.05290985, 11.42940617, -67.55334473, 102.04865265, -30.53372574, -9.89334679, -0.62218481, 0.73290318, -0.22967531, 0.15161921, -0.65020251, 0.48185337, 0.02506296, 99.96600342, 113.74507904, 32.38000107, 0.00000000
1, 4.1250, 425, 0.11968017, -1.35142136, 0.15819873, 16.57427025, 38.59102249, 133.53198242, -39.49137497, 10.96170712, -67.75796509, 102.10305786, -31.22671318, -9.83486652, -0.62113947, 0.73175395, -0.23277257, 0.15664902, -0.63587213, 0.51346558, 0.01937112, 99.96600342, 113.74507904, 32.38000107, 0.00000000
1, 4.1300, 426, 0.04946861, -1.38807487, 0.16991441, 18.22215080, 55.72821045, 135.60195923, -39.49137497, 10.96170712, -67.75796509, 102.11496735, -31.94765091, -9.68055534, -0.62017673, 0.73048311, -0.23544976, 0.16229199, -0.57634604, 0.55652809, 0.00636356, 99.96600342, 113.74507904, 32.38000107, 0.00000000
1, 4.2200, 427, -0.75469553, -1.32448924, 0.10451390, -8.51040459, 135.64001465, 130.06542969, -50.71616364, 14.46945286, -69.62876129, 94.68741608, -44.86585999, 3.54992938, -0.61733001, 0.68746209, -0.23739327, 0.29990685, 0.05112948, 0.61597490, -0.04847208, 99.96600342, 113.74507904, 32.38000107, 0.00000000
1, 4.2250, 428, -0.62451333, -1.33327806, -0.01011001, -8.68742085, 119.13771057, 122.34843445, -52.38234329, 15.34638977, -70.27185059, 94.09362030, -45.52061081, 4.32780552, -0.61720151, 0.68439019, -0.23794647, 0.30668229, -0.08699554, 0.63256246, 0.05829141, 99.96600342, 113.74507904, 32.38000107, 0.00000000
1, 4.2300, 429, -0.51733136, -1.33756709, -0.01431464, -4.55839920, 106.20744324, 118.30719757, -52.38234329, 15.34638977, -70.27185059, 93.56644440, -46.14553452, 5.03303289, -0.61683762, 0.68160856, -0.23866010, 0.31298953, -0.20186743, 0.64426541, 0.05561738, 99.96600342, 113.74507904, 32.38000107, 0.00000000
1, 4.2350, 430, -0.51999068, -1.31200063, 0.03704497, -5.30642796, 101.39401245, 109.54409790, -52.38234329, 15.34638977, -70.27185059, 93.04136658, -46.72085571, 5.72294950, -0.61653811, 0.67893237, -0.23924337, 0.31889543, -0.20640865, 0.62562120, -0.00242988, 99.96600342, 113.74507904, 32.38000107, 0.00000000
1, 4.2400, 431, -0.51025492, -1.19744325, 0.21137537, -15.65711021, 90.04775238, 98.11861420, -53.34697342, 15.58023930, -70.00876617, 92.51561737, -47.21570587, 6.34179783, -0.61657500, 0.67629671, -0.23985231, 0.32392743, -0.22280322, 0.51708740, -0.18317083, 99.96600342, 113.74507904, 32.38000107, 0.00000000
1, 4.2450, 432, -0.45377687, -1.06969666, 0.25101697, -21.99138451, 82.84687805, 91.05222321, -53.34697342, 15.58023930, -70.00876617, 91.97448730, -47.68648148, 6.92862463, -0.61679077, 0.67357612, -0.24060810, 0.32859129, -0.28496781, 0.39507103, -0.22906038, 99.96600342, 113.74507904, 32.38000107, 0.00000000
1, 4.2500, 433, -0.43699130, -0.93588579, 0.22506075, -25.93404579, 75.06129456, 84.53734589, -53.96083069, 16.80795097, -70.65185547, 91.44387054, -48.11991882, 7.47042465, -0.61711687, 0.67091024, -0.24143295, 0.33280072, -0.30688047, 0.26682273, -0.20928478, 99.96600342, 113.74507904, 32.38000107, 0.00000000
1, 4.2550, 434, -0.44179952, -0.79197276, 0.17459129, -27.03451538, 67.48092651, 77.74581146, -53.96083069, 16.80795097, -70.65185547, 90.93917084, -48.51538467, 7.96649027, -0.61747992, 0.66838002, -0.24227433, 0.33658576, -0.30665305, 0.12812051, -0.16467240, 99.96600342, 113.74507904, 32.38000107, 0.00000000
1, 4.2600, 435, -0.47220197, -0.64305854, 0.16403329, -26.61872101, 58.34890747, 72.30007172, -53.96083069, 16.80795097, -70.65185547, 90.47936249, -48.88033676, 8.40259266, -0.61780208, 0.66603911, -0.24319293, 0.33995563, -0.28051668, -0.01598590, -0.15945792, 99.96600342, 113.74507904, 32.38000107, 0.00000000
1, 4.2650, 436, -0.52478385, -0.52027357, 0.16578771, -23.22181702, 50.01655960, 67.99217987, -54.98392105, 16.86641312, -71.67494965, 90.07716370, -49.22138977, 8.78251457, -0.61799115, 0.66394806, -0.24415691, 0.34299755, -0.23191407, -0.13423920, -0.16596267, 99.96600342, 113.74507904, 32.38000107, 0.00000000
1, 4.3700, 437, -0.17848118, -0.25576022, 0.18701425, -9.99030876, -201.86619568, -137.24136353, -51.38848114, 14.52791595, -68.28412628, 97.34381104, -45.54622650, -3.91658711, -0.61846840, 0.68326133, -0.27912939, 0.26969928, -0.53828377, -0.43694121, -0.10135233, 99.96600342, 113.74507904, 32.38000107, 0.00000000
1, 4.3750, 438, -0.18597561, -0.29218346, 0.22616717, -9.48995495, -198.10464478, -145.81594849, -49.78076553, 12.36480522, -67.20256805, 98.18271637, -44.69156265, -5.16989374, -0.61802214, 0.68706208, -0.28024471, 0.25972539, -0.52055633, -0.40956199, -0.12880936, 99.96600342, 113.74507904, 32.38000107, 0.00000000
1, 4.3800, 439, -0.19778045, -0.32551917, 0.28361931, -8.43715382, -189.76791382, -153.23698425, -49.78076553, 12.36480522, -67.20256805, 98.94285583, -43.79405975, -6.32241774, -0.61766034, 0.69080877, -0.28086874, 0.24978350, -0.49784023, -0.38563800, -0.17514065, 99.96600342, 113.74507904, 32.38000107, 0.00000000
1, 4.3850, 440, -0.19788799, -0.37369213, 0.36600947, -8.21215916, -177.55125427, -160.06423950, -47.61765671, 12.42326832, -66.88102722, 99.60619354, -42.86243439, -7.35166311, -0.61744750, 0.69443536, -0.28092393, 0.23999979, -0.48625749, -0.34719020, -0.24725775, 99.96600342, 113.74507904, 32.38000107, 0.00000000
1, 4.3900, 441, -0.19846870, -0.43280280, 0.43579242, -10.74674702, -163.55311584, -166.63865662, -47.61765671, 12.42326832, -66.88102722, 100.17555237, -41.89483643, -8.26339531, -0.61740875, 0.69794583, -0.28039902, 0.23033573, -0.47355825, -0.29806042, -0.30776614, 99.96600342, 113.74507904, 32.38000107, 0.00000000
1, 4.3950, 442, -0.21079716, -0.47040993, 0.44456476, -16.40416145, -150.10826111, -173.04631042, -47.61765671, 12.42326832, -66.88102722, 100.60620117, -40.90955353, -9.04169273, -0.61778635, 0.70108277, -0.27934408, 0.22088467, -0.44843489, -0.27059361, -0.30857846, 99.96600342, 113.74507904, 32.38000107, 0.00000000
1, 4.4000, 443, -0.28033280, -0.48897526, 0.37159172, -21.60092163, -139.85684204, -181.21841431, -45.16223145, 11.66325665, -66.55948639, 100.93801880, -39.88981247, -9.72360611, -0.61846483, 0.70400971, -0.27778527, 0.21144055, -0.36535940, -0.26230878, -0.22906002, 99.96600342, 113.74507904, 32.38000107, 0.00000000
1, 4.4050, 444, -0.32498157, -0.49484488, 0.31452131, -26.01462555, -132.27923584, -187.99208069, -45.16223145, 11.66325665, -66.55948639, 101.19170380, -38.84143448, -10.33206844, -0.61937082, 0.70675838, -0.27582639, 0.20197113, -0.30656025, -0.26701760, -0.16622026, 99.96600342, 113.74507904, 32.38000107, 0.00000000
1, 4.4100, 445, -0.40414882, -0.51018500, 0.23234975, -32.46822739, -121.15534210, -196.68823242, -43.37912750, 10.55247021, -66.50102234, 101.34587097, -37.75961304, -10.84653854, -0.62062347, 0.70926589, -0.27332824, 0.19251034, -0.21252546, -0.26255375, -0.07968797, 99.96600342, 113.74507904, 32.38000107, 0.00000000
1, 4.4150, 446, -0.45486054, -0.52183354, 0.18514726, -37.37085342, -111.57608032, -204.31929016, -43.37912750, 10.55247021, -66.50102234, 101.42012787, -36.64900970, -11.28240204, -0.62214160, 0.71157652, -0.27034748, 0.18306001, -0.14641327, -0.26205790, -0.02903562, 99.96600342, 113.74507904, 32.38000107, 0.00000000
1, 4.5200, 447, -0.19813505, -1.41753531, 0.18326865, 1.61052144, -22.15913010, -317.48010254, -24.23267937, 6.57702398, -68.13796997, 97.40857697, -7.31474161, -9.66866207, -0.66029763, 0.74356812, -0.10513594, -0.00774795, 0.06348666, 0.43457174, -0.05832327, 99.96600342, 113.74507904, 32.38000107, 0.00000000
1, 4.5250, 448, -0.13727634, -1.49212372, 0.22204790, 9.13167381, -26.48020554, -317.60873413, -21.25109673, 5.87547493, -69.01490784, 97.44211578, -5.72270584, -9.59691048, -0.65973204, 0.74518400, -0.09560345, -0.01773472, 0.03008787, 0.50583577, -0.09622806, 99.96600342, 113.74507904, 32.38000107, 0.00000000
1, 4.5300, 449, -0.07941173, -1.54300880, 0.25960547, 11.44731712, -27.24749374, -319.65451050, -21.25109673, 5.87547493, -69.01490784, 97.48936462, -4.12005424, -9.52666283, -0.65895772, 0.74672943, -0.08600920, -0.02779207, -0.00007213, 0.55419636, -0.13259639, 99.96600342, 113.74507904, 32.38000107, 0.00000000
1, 4.5350, 450, -0.06796161, -1.55382597, 0.27180648, 7.73144960, -23.74312210, -323.34436035, -19.46799088, 7.60011673, -68.48874664, 97.51880646, -2.50146532, -9.43567276, -0.65818256, 0.74803805, -0.07617256, -0.03784966, 0.01656044, 0.56326449, -0.14393932, 99.96600342, 113.74507904, 32.38000107, 0.00000000
1, 4.5400, 451, -0.08610566, -1.52367496, 0.24913688, 2.20204663, -17.64370155, -328.42147827, -19.46799088, 7.60011673, -68.48874664, 97.52269745, -0.86260843, -9.31078053, -0.65746319, 0.74906540, -0.06597585, -0.04785871, 0.06325344, 0.53214240, -0.12095971, 99.96600342, 113.74507904, 32.38000107, 0.00000000
1, 4.5450, 452, -0.09943355, -1.50638163, 0.21022047, -1.41796446, -10.77868080, -334.24069214, -19.46799088, 7.60011673, -68.48874664, 97.51139832, 0.80149639, -9.14831543, -0.65673602, 0.74985981, -0.05536599, -0.05781746, 0.10560511, 0.51467192, -0.08216481, 99.96600342, 113.74507904, 32.38000107, 0.00000000
1, 4.5500, 453, -0.13703075, -1.51391315, 0.20369548, -2.71278310, -4.94568062, -339.76364136, -16.74948883, 8.56474686, -69.27798462, 97.49926758, 2.48924446, -8.95362854, -0.65590936, 0.75048262, -0.04439306, -0.06773473, 0.17256641, 0.52280891, -0.07604070, 99.96600342, 113.74507904, 32.38000107, 0.00000000
1, 4.5550, 454, -0.18323995, -1.52913713, 0.22432159, -4.26989651, -0.61388308, -343.77673340, -16.74948883, 8.56474686, -69.27798462, 97.48643494, 4.19411993, -8.73495102, -0.65498495, 0.75091422, -0.03315032, -0.07761323, 0.24837717, 0.53946877, -0.09722242, 99.96600342, 113.74507904, 32.38000107, 0.00000000
1, 4.5600, 455, -0.23515645, -1.55251348, 0.24772085, -4.10855103, 3.57925797, -344.27474976, -14.32329750, 9.85092068, -69.01490784, 97.48275757, 5.89880657, -8.49489498, -0.65391201, 0.75119585, -0.02176453, -0.08735136, 0.32991129, 0.56516790, -0.12122580, 99.96600342, 113.74507904, 32.38000107, 0.00000000
1, 4.5650, 456, -0.22267629, -1.62202775, 0.23998554, -0.75868398, 9.12508011, -343.37899780, -14.32329750, 9.85092068, -69.01490784, 97.50627136, 7.59548283, -8.22670460, -0.65259045, 0.75142455, -0.01025723, -0.09685987, 0.34691584, 0.63796723, -0.11372637, 99.96600342, 113.74507904, 32.38000107, 0.00000000
1, 4.6800, 457, -0.33967698, -1.40580332, -0.15511750, 28.21100998, 33.59661102, 126.60488129, -8.50628471, 18.06489372, -67.84565735, 101.63777161, 21.59556389, 1.10039699, -0.62195408, 0.76025653, 0.12566485, -0.13925363, 0.71088916, 0.49634376, 0.33877656, 99.96600342, 113.74507904, 32.38000107, 0.00000000
1, 4.6850, 458, -0.30756739, -1.39434755, -0.19654691, 19.24570274, 22.24494171, 140.74974060, -8.76936531, 17.24641991, -67.96258545, 101.72325897, 20.88408661, 1.06557512, -0.62202257, 0.76168168, 0.12148631, -0.13479641, 0.66752672, 0.48095375, 0.38294828, 99.96600342, 113.74507904, 32.38000107, 0.00000000
1, 4.6900, 459, -0.01954983, -1.34868598, -0.17915827, 10.20643902, 11.00958061, 154.37251282, -8.76936531, 17.24641991, -67.96258545, 101.72332001, 20.10513496, 0.95195740, -0.62260836, 0.76277500, 0.11651675, -0.13021870, 0.36699933, 0.43070436, 0.36754435, 99.96600342, 113.74507904, 32.38000107, 0.00000000
1, 4.6950, 460, 0.40411872, -1.37797046, -0.15258454, 5.82678080, 3.17622471, 157.01066589, -9.96784592, 17.12949371, -67.43642426, 101.70331573, 19.33305168, 0.80049825, -0.62326133, 0.76374376, 0.11134683, -0.12586841, -0.06953007, 0.45534649, 0.34263271, 99.96600342, 113.74507904, 32.38000107, 0.00000000
1, 4.7000, 461, 0.84380740, -1.46410525, -0.28294265, -6.37136841, 4.10684299, 148.63539124, -9.96784592, 17.12949371, -67.43642426, 101.62890625, 18.60080147, 0.66404068, -0.62424380, 0.76431012, 0.10654195, -0.12164970, -0.52117276, 0.53731900, 0.47384334, 99.96600342, 113.74507904, 32.38000107, 0.00000000
1, 4.7050, 462, 1.32132304, -1.55980396, -0.55588239, -24.86734962, 20.30430984, 128.78645325, -9.96784592, 17.12949371, -67.43642426, 101.49659729, 17.94926262, 0.63383651, -0.62564099, 0.76433581, 0.10293309, -0.11734125, -1.00917125, 0.62942207, 0.74663275, 99.96600342, 113.74507904, 32.38000107, 0.00000000
1, 4.7100, 463, 1.74616051, -1.61217070, -0.85858876, -42.67421341, 40.71323013, 106.40019989, -10.58170128, 16.89564514, -67.11487579, 101.31477356, 17.38715363, 0.73363996, -0.62740844, 0.76385421, 0.10071489, -0.11288018, -1.44293487, 0.67867744, 1.04817009, 99.96600342, 113.74507904, 32.38000107, 0.00000000
1, 4.7150, 464, 1.92253280, -1.52130115, -1.01385307, -47.89799500, 32.45082855, 97.50669861, -10.58170128, 16.89564514, -67.11487579, 101.09666443, 16.87686729, 0.80180347, -0.62932581, 0.76313031, 0.09858880, -0.10891119, -1.62761664, 0.58472562, 1.20110178, 99.96600342, 113.74507904, 32.38000107, 0.00000000
1, 4.7200, 465, 1.88613355, -1.41346443, -0.94635618, -36.66597366, -34.32292557, 98.64642334, -11.37094402, 16.54487038, -67.93334961, 100.83657074, 16.42430305, 0.52872294, -0.63114595, 0.76238549, 0.09453242, -0.10717728, -1.59921122, 0.47367358, 1.13008976, 99.96600342, 113.74507904, 32.38000107, 0.00000000
1, 4.7250, 466, 1.59409297, -1.30226076, -0.77091485, -21.80442047, -132.77853394, 103.36631012, -11.37094402, 16.54487038, -67.93334961, 100.51146698, 16.03776360, -0.24983016, -0.63287538, 0.76158005, 0.08753049, -0.10864192, -1.31434822, 0.35927644, 0.94938993, 99.96600342, 113.74507904, 32.38000107, 0.00000000
1, 4.8300, 467, -0.74179083, -0.83268118, 0.69129920, 33.83032227, 27.18875504, 84.73862457, -12.56942368, 12.16018677, -71.52879333, 100.59642792, 4.23368073, -16.64050865, -0.62752491, 0.76417643, -0.08791081, -0.12049370, 0.81579792, -0.14871095, -0.51187170, 99.96600342, 113.74507904, 32.38000107, 0.00000000
1, 4.8350, 468, -0.76893634, -0.93722665, 0.57651275, 29.81202126, 43.51840591, 79.18508148, -12.83250523, 11.60479355, -71.20724487, 100.75634766, 3.80487823, -16.49892235, -0.62710220, 0.76491755, -0.08950825, -0.11675799, 0.83570802, -0.04398660, -0.39443147, 99.96600342, 113.74507904, 32.38000107, 0.00000000
1, 4.8400, 469, -0.76773506, -1.06466138, 0.42618981, 26.22978783, 58.89640045, 72.79709625, -12.83250523, 11.60479355, -71.20724487, 100.90797424, 3.36599874, -16.27591515, -0.62680870, 0.76566607, -0.09059814, -0.11250946, 0.82738781, 0.08371711, -0.24161312, 99.96600342, 113.74507904, 32.38000107, 0.00000000
1, 4.8450, 470, -0.68591040, -1.21204984, 0.23256202, 21.55227089, 67.62880707, 65.70381927, -14.03098488, 12.01403046, -70.44723511, 101.03149414, 2.97982740, -16.00538445, -0.62666738, 0.76632643, -0.09104110, -0.10836722, 0.73895657, 0.23146178, -0.04567926, 99.96600342, 113.74507904, 32.38000107, 0.00000000
1, 4.8500, 471, -0.57103240, -1.28324687, 0.10095871, 16.84801292, 69.14525604, 55.91513824, -14.03098488, 12.01403046, -70.44723511, 101.13047028, 2.63969064, -15.71889305, -0.62663317, 0.76689082, -0.09109201, -0.10445915, 0.61831248, 0.30291721, 0.08792281, 99.96600342, 113.74507904, 32.38000107, 0.00000000
1, 4.8550, 472, -0.41296029, -1.27405226, -0.02348492, 7.58351851, 65.52429199, 46.65792847, -14.03098488, 12.01403046, -70.44723511, 101.18101501, 2.34795880, -15.44184208, -0.62684453, 0.76721054, -0.09088995, -0.10096047, 0.45521727, 0.29390469, 0.21390563, 99.96600342, 113.74507904, 32.38000107, 0.00000000
1, 4.8600, 473, -0.27565807, -1.24807358, -0.10804266, 7.59261942, 69.44918823, 41.28322601, -14.29406548, 10.20169544, -70.15492249, 101.23110962, 2.07858419, -15.14063931, -0.62704009, 0.76755923, -0.09039938, -0.09747668, 0.31335235, 0.26804280, 0.29971623, 99.96600342, 113.74507904, 32.38000107, 0.00000000
1, 4.8650, 474, -0.12168647, -1.23464227, -0.17455851, 11.04778957, 74.56619263, 39.74880981, -14.29406548, 10.20169544, -70.15492249, 101.29795074, 1.81150830, -14.81315422, -0.62712526, 0.76802003, -0.08973046, -0.09384910, 0.15489604, 0.25477070, 0.36772606, 99.96600342, 113.74507904, 32.38000107, 0.00000000
1, 4.8700, 475, 0.05386184, -1.25388944, -0.20813921, 16.06853676, 74.37113190, 40.97718048, -14.76176548, 12.68634892, -70.24261475, 101.38828278, 1.53821731, -14.48822784, -0.62703758, 0.76860201, -0.08912686, -0.09017378, -0.02530766, 0.27422184, 0.40318948, 99.96600342, 113.74507904, 32.38000107, 0.00000000
1, 4.8750, 476, 0.20641011, -1.28549397, -0.15994219, 17.42401123, 65.72606659, 43.20751953, -14.76176548, 12.68634892, -70.24261475, 101.48280334, 1.26199043, -14.20837593, -0.62687093, 0.76916850, -0.08883905, -0.08672049, -0.18279031, 0.30595517, 0.35697421, 99.96600342, 113.74507904, 32.38000107, 0.00000000
1, 5.0150, 477, 0.00697594, -0.99658847, 0.10533676, 5.17507172, 5.61753368, 32.43158722, -17.88950539, 11.34171295, -70.27185059, 101.98896790, -3.99027133, -16.45118332, -0.62641358, 0.76548964, -0.13279769, -0.06321802, -0.07611381, 0.02052509, 0.10016125, 99.96600342, 113.74507904, 32.38000107, 0.00000000
1, 5.0200, 478, -0.02245508, -0.98853576, 0.11853223, 5.68586397, 1.80496776, 33.28062057, -18.21105003, 11.04940033, -70.09646606, 102.01961517, -4.15488768, -16.47674942, -0.62632275, 0.76545876, -0.13387369, -0.06221326, -0.04957869, 0.01275265, 0.08735652, 99.96600342, 113.74507904, 32.38000107, 0.00000000
1, 5.0250, 479, -0.05355603, -0.98397970, 0.13968244, 6.41610575, -2.46321678, 34.32631683, -18.21105003, 11.04940033, -70.09646606, 102.05566406, -4.32017326, -16.52442932, -0.62618387, 0.76542866, -0.13510300, -0.06131783, -0.02140660, 0.00849689, 0.06669523, 99.96600342, 113.74507904, 32.38000107, 0.00000000
1, 5.0300, 480, -0.07366812, -0.98135948, 0.15535168, 6.65345383, -4.44625425, 34.31107712, -18.35720444, 11.42940617, -70.06723022, 102.09377289, -4.48329639, -16.58194733, -0.62602395, 0.76539797, -0.13638648, -0.06048747, -0.00418342, 0.00620068, 0.05157634, 99.96600342, 113.74507904, 32.38000107, 0.00000000
1, 5.0350, 481, -0.10252866, -0.97734678, 0.18468447, 6.80711412, -5.41713238, 34.18082428, -18.35720444, 11.42940617, -70.06723022, 102.13320160, -4.64472103, -16.64420700, -0.62585127, 0.76536798, -0.13769215, -0.05969201, 0.02178686, 0.00250036, 0.02279579, 99.96600342, 113.74507904, 32.38000107, 0.00000000
1, 5.0400, 482, -0.13941272, -0.96854484, 0.21353111, 6.40628767, -4.74590302, 33.64109039, -18.35720444, 11.42940617, -70.06723022, 102.17394257, -4.82093620, -16.70262718, -0.62568271, 0.76533097, -0.13905136, -0.05877335, 0.05567300, -0.00596815, -0.00549937, 99.96600342, 113.74507904, 32.38000107, 0.00000000
1, 5.0450, 483, -0.18285635, -0.95720506, 0.23771143, 5.70431232, -2.74863315, 32.89143372, -18.50336075, 10.75708866, -70.38877106, 102.20695496, -4.97879744, -16.75069046, -0.62555701, 0.76528156, -0.14023769, -0.05793049, 0.09615765, -0.01697555, -0.02921204, 99.96600342, 113.74507904, 32.38000107, 0.00000000
1, 5.0500, 484, -0.21751368, -0.95076621, 0.25739196, 5.31224298, -0.00668438, 31.69989967, -18.50336075, 10.75708866, -70.38877106, 102.23686981, -5.13368797, -16.78413963, -0.62545669, 0.76523429, -0.14130801, -0.05703102, 0.12806043, -0.02310261, -0.04850122, 99.96600342, 113.74507904, 32.38000107, 0.00000000
1, 5.1400, 485, -0.06381026, -0.99357569, 0.16200233, 2.27637768, 11.93673038, 27.85201454, -20.16954041, 9.00321579, -69.42414093, 102.48204803, -7.89556313, -15.37971306, -0.62612754, 0.76517248, -0.14681008, -0.03036954, -0.07350098, 0.02615771, 0.05039791, 99.96600342, 113.74507904, 32.38000107, 0.00000000
1, 5.1450, 486, -0.07090827, -0.99339592, 0.16397317, 2.15412641, 10.42283726, 28.48347855, -20.84185982, 8.21397209, -69.39491272, 102.49032593, -8.04581547, -15.35917473, -0.62615740, 0.76506424, -0.14747709, -0.02922818, -0.06881937, 0.02630738, 0.04835595, 99.96600342, 113.74507904, 32.38000107, 0.00000000
1, 5.1500, 487, -0.08922903, -0.98601329, 0.17462812, 1.45982981, 9.02248192, 28.52904320, -20.84185982, 8.21397209, -69.39491272, 102.49604797, -8.19480515, -15.34560299, -0.62620062, 0.76493335, -0.14818288, -0.02813662, -0.05310728, 0.01928906, 0.03769534, 99.96600342, 113.74507904, 32.38000107, 0.00000000
1, 5.1550, 488, -0.10813461, -0.97924674, 0.18782413, 1.30410254, 7.17686367, 28.45198631, -21.33878899, 10.78631973, -69.86260986, 102.50227356, -8.34143925, -15.34107113, -0.62623578, 0.76479530, -0.14893627, -0.02710963, -0.03677597, 0.01288190, 0.02448356, 99.96600342, 113.74507904, 32.38000107, 0.00000000
1, 5.1600, 489, -0.13249102, -0.97072136, 0.18655463, 0.88980699, 6.16110468, 28.53820038, -21.33878899, 10.78631973, -69.86260986, 102.50719452, -8.48739910, -15.34165192, -0.62627715, 0.76464313, -0.14971952, -0.02611673, -0.01493878, 0.00474121, 0.02571577, 99.96600342, 113.74507904, 32.38000107, 0.00000000
1, 5.1650, 490, -0.16235133, -0.96146643, 0.18045801, 0.57696795, 5.62861586, 28.84496117, -21.33878899, 10.78631973, -69.86260986, 102.51095581, -8.63429165, -15.34519958, -0.62632501, 0.76447833, -0.15052696, -0.02513513, 0.01240643, -0.00411835, 0.03173911, 99.96600342, 113.74507904, 32.38000107, 0.00000000
1, 5.1700, 491, -0.17899211, -0.95513070, 0.18501206, 0.79809284, 5.03376198, 29.03827858, -20.92955208, 9.35398960, -69.42414093, 102.51631165, -8.78149891, -15.35192585, -0.62636071, 0.76431626, -0.15135725, -0.02416655, 0.02649613, -0.01006558, 0.02715097, 99.96600342, 113.74507904, 32.38000107, 0.00000000
1, 5.1750, 492, -0.18642031, -0.95781612, 0.19701113, 1.47556722, 4.93118143, 29.20247459, -20.92955208, 9.35398960, -69.42414093, 102.52520752, -8.92937279, -15.35935020, -0.62637216, 0.76417041, -0.15219614, -0.02319251, 0.03134713, -0.00698409, 0.01517806, 99.96600342, 113.74507904, 32.38000107, 0.00000000
1, 5.1800, 493, -0.19127572, -0.95947301, 0.21521819, 1.39167011, 5.97648096, 29.15834999, -21.33878899, 11.02016926, -69.42414093, 102.53286743, -9.07815933, -15.36158562, -0.62639236, 0.76402229, -0.15300462, -0.02218535, 0.03359828, -0.00493139, -0.00298964, 99.96600342, 113.74507904, 32.38000107, 0.00000000
1, 5.1850, 494, -0.20448147, -0.96494555, 0.21946634, 1.19458973, 7.45021486, 28.63515472, -21.33878899, 11.02016926, -69.42414093, 102.53829193, -9.22599411, -15.35598183, -0.62642753, 0.76387239, -0.15375495, -0.02114469, 0.04423441, 0.00095669, -0.00727099, 99.96600342, 113.74507904, 32.38000107, 0.00000000
1, 5.2700, 495, -0.18123779, -1.05037928, 0.20876819, -0.33963090, 36.71860504, 26.23266220, -22.97573853, 11.02016926, -68.45951080, 102.39025879, -11.83092022, -13.83381939, -0.62846875, 0.76171535, -0.15746446, 0.00466134, -0.02359542, 0.09396118, -0.00075237, 99.96600342, 113.74507904, 32.38000107, 0.00000000
1, 5.2750, 496, -0.17362209, -1.02821088, 0.20043461, -0.91470748, 37.20252991, 26.18141556, -22.97573853, 11.02016926, -68.45951080, 102.35353088, -11.99839878, -13.67651176, -0.62874633, 0.76150346, -0.15731117, 0.00660969, -0.03404940, 0.07226120, 0.00690439, 99.96600342, 113.74507904, 32.38000107, 0.00000000
1, 5.2800, 497, -0.15447077, -1.01199865, 0.20931847, -0.49224201, 37.64966965, 26.57226753, -23.67728615, 10.34785175, -68.48874664, 102.31803894, -12.16815281, -13.51718426, -0.62901044, 0.76129740, -0.15715776, 0.00858647, -0.05610801, 0.05650439, -0.00263642, 99.96600342, 113.74507904, 32.38000107, 0.00000000
1, 5.2850, 498, -0.12661116, -0.99596262, 0.22169341, -0.45698592, 37.84132767, 27.31248283, -23.67728615, 10.34785175, -68.48874664, 102.28218842, -12.34164238, -13.35749340, -0.62927169, 0.76108396, -0.15702303, 0.01059021, -0.08694017, 0.04094084, -0.01564450, 99.96600342, 113.74507904, 32.38000107, 0.00000000
1, 5.2900, 499, -0.10069956, -0.98770618, 0.22584145, -0.42046803, 38.05444336, 28.61402893, -24.20344925, 9.90938282, -68.48874664, 102.24824524, -12.50071812, -13.19878387, -0.62951171, 0.76089865, -0.15681916, 0.01249365, -0.11572082, 0.03316407, -0.02042996, 99.96600342, 113.74507904, 32.38000107, 0.00000000
1, 5.2950, 500, -0.08039719, -0.98005176, 0.22489341, -0.94122922, 37.31932068, 30.04027367, -24.20344925, 9.90938282, -68.48874664, 102.21022034, -12.68680668, -13.04421997, -0.62977839, 0.76064765, -0.15678832, 0.01455188, -0.13898829, 0.02602544, -0.02016602, 99.96600342, 113.74507904, 32.38000107, 0.00000000
1, 5.3000, 501, -0.06729128, -0.97784984, 0.22750586, -0.61172694, 36.90090179, 31.63850594, -24.20344925, 9.90938282, -68.48874664, 102.17415619, -12.88016129, -12.89323235, -0.63002741, 0.76039189, -0.15682100, 0.01664239, -0.15534428, 0.02440158, -0.02351793, 99.96600342, 113.74507904, 32.38000107, 0.00000000
1, 5.3050, 502, -0.04999854, -0.98185444, 0.24692981, 0.14443363, 36.70742798, 34.18307877, -24.90499878, 10.28938866, -68.63490295, 102.14215088, -13.08565903, -12.74569988, -0.63024509, 0.76013619, -0.15694195, 0.01880170, -0.17614397, 0.02903453, -0.04361229, 99.96600342, 113.74507904, 32.38000107, 0.00000000
1, 5.3100, 503, -0.03762523, -0.98451197, 0.25892487, -0.02111849, 36.01028061, 35.60571289, -24.90499878, 10.28938866, -68.63490295, 102.10991669, -13.29730797, -12.60294628, -0.63045907, 0.75986314, -0.15712859, 0.02097592, -0.19212157, 0.03237399, -0.05628694, 99.96600342, 113.74507904, 32.38000107, 0.00000000
1, 5.3150, 504, -0.03832700, -0.97878349, 0.22362560, -0.44366932, 36.00459290, 37.15324783, -24.93422890, 10.40631390, -68.63490295, 102.07539368, -13.51644993, -12.46162128, -0.63068247, 0.75956428, -0.15736629, 0.02318971, -0.19501901, 0.02743756, -0.02173072, 99.96600342, 113.74507904, 32.38000107, 0.00000000
1, 5.4000, 505, 0.07785176, -1.10696030, 0.17721000, 0.38136211, 27.33279228, 79.76981354, -28.03273773, 9.93861389, -68.25489807, 101.69305420, -18.88024330, -10.86223125, -0.63209146, 0.75171977, -0.17549750, 0.06766497, -0.40014941, 0.17954026, 0.01310977, 99.96600342, 113.74507904, 32.38000107, 0.00000000
1, 5.4050, 506, 0.09869663, -1.13170111, 0.19609010, 0.84645802, 24.82824516, 82.71869659, -28.82198143, 8.24320412, -68.07950592, 101.68499756, -19.31033516, -10.82149982, -0.63199949, 0.75103670, -0.17751633, 0.07077159, -0.42808935, 0.20659143, -0.00641378, 99.96600342, 113.74507904, 32.38000107, 0.00000000
1, 5.4100, 507, 0.09769039, -1.16316283, 0.20209172, 1.12799156, 22.99743652, 86.56226349, -28.82198143, 8.24320412, -68.07950592, 101.68260193, -19.75740433, -10.79424858, -0.63186264, 0.75032645, -0.17970806, 0.07392559, -0.43439841, 0.24055356, -0.01304264, 99.96600342, 113.74507904, 32.38000107, 0.00000000
1, 5.4150, 508, 0.07731974, -1.20287704, 0.20167619, 0.23639987, 18.16230392, 90.34915924, -29.87430573, 9.96784592, -68.48874664, 101.68553925, -20.21818542, -10.79615116, -0.63169479, 0.74956566, -0.18215720, 0.07701822, -0.42152080, 0.28292534, -0.01327158, 99.96600342, 113.74507904, 32.38000107, 0.00000000
1, 5.4200, 509, 0.05457106, -1.22694492, 0.20412967, 0.23384282, 16.13679123, 93.49065399, -29.87430573, 9.96784592, -68.48874664, 101.69345856, -20.69231224, -10.81209087, -0.63148940, 0.74877459, -0.18476196, 0.08013012, -0.40648198, 0.30980873, -0.01628816, 99.96600342, 113.74507904, 32.38000107, 0.00000000
1, 5.4250, 510, 0.03346293, -1.25275958, 0.19190331, -0.49002188, 14.87741280, 96.37918854, -29.87430573, 9.96784592, -68.48874664, 101.70142365, -21.17931366, -10.83784771, -0.63127613, 0.74793160, -0.18749484, 0.08327353, -0.39323819, 0.33860895, -0.00463590, 99.96600342, 113.74507904, 32.38000107, 0.00000000
1, 5.4300, 511, 0.01745468, -1.26753449, 0.17295370, -1.24798870, 13.38572979, 98.77188110, -30.66354752, 9.55860806, -68.45951080, 101.70970154, -21.67655373, -10.87421036, -0.63105488, 0.74703991, -0.19034633, 0.08642678, -0.38522768, 0.35651338, 0.01374055, 99.96600342, 113.74507904, 32.38000107, 0.00000000
1, 5.4350, 512, 0.00794784, -1.27775025, 0.15431592, -1.33759093, 12.49348545, 101.10025787, -30.66354752, 9.55860806, -68.45951080, 101.72062683, -22.18428612, -10.91801357, -0.63080800, 0.74611527, -0.19329475, 0.08961286, -0.38385904, 0.36999944, 0.03183477, 99.96600342, 113.74507904, 32.38000107, 0.00000000
1, 5.4400, 513, -0.00068684, -1.28555596, 0.13444729, -1.36255693, 12.15714645, 103.51115417, -31.54048538, 9.99707699, -68.78105927, 101.72598267, -22.67685318, -10.96422768, -0.63059640, 0.74516702, -0.19617860, 0.09267332, -0.38329786, 0.38112986, 0.05113383, 99.96600342, 113.74507904, 32.38000107, 0.00000000
1, 5.4450, 514, 0.00030072, -1.29267824, 0.12057435, -1.92012870, 11.71496677, 105.78610992, -31.54048538, 9.99707699, -68.78105927, 101.73859406, -23.20673943, -11.01780796, -0.63031745, 0.74416000, -0.19929509, 0.09595485, -0.39251727, 0.39170977, 0.06443037, 99.96600342, 113.74507904, 32.38000107, 0.00000000
1, 5.5350, 515, 0.35276616, -1.51618969, 0.25780028, 6.46036339, 123.60084534, 127.62496185, -38.93598175, 11.28325081, -68.75182343, 101.35617828, -35.09180069, -8.87144947, -0.62042308, 0.72062266, -0.24750918, 0.18578880, -0.92565215, 0.71197224, -0.09678463, 99.96600342, 113.74507904, 32.38000107, 0.00000000
1, 5.5400, 516, 0.18358940, -1.36911559, 0.01148226, -2.21613622, 127.89206696, 121.28294373, -40.39754486, 10.93247604, -69.39491272, 100.97227478, -35.78567886, -8.23866653, -0.62095302, 0.71821761, -0.24771698, 0.19291762, -0.76602519, 0.57133484, 0.14286044, 99.96600342, 113.74507904, 32.38000107, 0.00000000
1, 5.5450, 517, 0.00356259, -1.22910511, -0.20456675, 1.30723596, 129.82220459, 117.56857300, -40.39754486, 10.93247604, -69.39491272, 100.59411621, -36.48367691, -7.58385801, -0.62130237, 0.71587712, -0.24785085, 0.20018308, -0.59520996, 0.43759567, 0.35199618, 99.96600342, 113.74507904, 32.38000107, 0.00000000
1, 5.5500, 518, -0.14546634, -1.14016843, -0.23712172, 15.90570068, 134.02886963, 115.87060547, -42.06372452, 12.18941784, -69.19029236, 100.25909424, -37.17359924, -6.88991022, -0.62121993, 0.71387190, -0.24767393, 0.20767862, -0.45578176, 0.35490841, 0.37822974, 99.96600342, 113.74507904, 32.38000107, 0.00000000
1, 5.5550, 519, -0.24996369, -1.15232122, -0.03400403, 29.00968552, 138.22889709, 113.91109467, -42.06372452, 12.18941784, -69.19029236, 99.95896149, -37.85430145, -6.15661192, -0.62075466, 0.71216124, -0.24718747, 0.21537949, -0.36127403, 0.37309879, 0.16937196, 99.96600342, 113.74507904, 32.38000107, 0.00000000
1, 5.5600, 520, -0.28023133, -1.19782817, 0.22002490, 32.27573013, 144.00090027, 111.13280487, -42.06372452, 12.18941784, -69.19029236, 99.63707733, -38.52300262, -5.37276316, -0.62023675, 0.71046954, -0.24641195, 0.22320527, -0.34087020, 0.42456305, -0.09028121, 99.96600342, 113.74507904, 32.38000107, 0.00000000
1, 5.5650, 521, -0.27804840, -1.22999156, 0.36875564, 25.26465797, 149.96046448, 109.92696381, -43.26220322, 12.54019260, -69.62876129, 99.24061584, -39.18683624, -4.53729725, -0.61997086, 0.70849597, -0.24549042, 0.23109324, -0.35247159, 0.46278375, -0.24529393, 99.96600342, 113.74507904, 32.38000107, 0.00000000
1, 5.5700, 522, -0.31009126, -1.20184755, 0.36474115, 8.75109196, 151.32905579, 112.30798340, -43.26220322, 12.54019260, -69.62876129, 98.74073029, -39.85860443, -3.68084311, -0.62016356, 0.70598847, -0.24475670, 0.23889673, -0.32945421, 0.44095159, -0.24879810, 99.96600342, 113.74507904, 32.38000107, 0.00000000
1, 5.5750, 523, -0.41400707, -1.14018440, 0.16906205, -2.34659266, 154.92984009, 115.05883026, -44.72376633, 12.77404213, -69.65799713, 98.15335846, -40.54038620, -2.78685617, -0.62066501, 0.70306456, -0.24410896, 0.24675111, -0.23412511, 0.38601416, -0.06190841, 99.96600342, 113.74507904, 32.38000107, 0.00000000
1, 5.5800, 524, -0.51450944, -1.11012197, 0.10480811, -1.52155268, 161.01887512, 118.55847931, -44.72376633, 12.77404213, -69.65799713, 97.52559662, -41.23627472, -1.83725083, -0.62112266, 0.70000881, -0.24337560, 0.25487772, -0.14258581, 0.36269209, -0.00706108, 99.96600342, 113.74507904, 32.38000107, 0.00000000
1, 5.6850, 525, -0.34456414, -0.36535141, 0.05685277, -38.74063873, -24.08344269, -4.34684277, -52.76234818, 14.84945869, -73.19496918, 88.30780792, -49.01689529, 8.38053513, -0.62996811, 0.65387845, -0.25051832, 0.33589259, -0.41055840, -0.29020900, -0.07756128, 99.96600342, 113.74507904, 32.38000107, 0.00000000
1, 5.6900, 526, -0.33723515, -0.38641882, 0.04675277, -39.07556534, -33.63187408, -13.05279827, -52.23618698, 13.44636059, -73.48728180, 88.31739044, -48.95016861, 8.11408520, -0.63089174, 0.65348774, -0.25161901, 0.33409193, -0.41723412, -0.26984560, -0.06755479, 99.96600342, 113.74507904, 32.38000107, 0.00000000
1, 5.6950, 527, -0.28437036, -0.34451422, 0.10523865, -35.91620636, -58.64577484, -21.96154976, -52.23618698, 13.44636059, -73.48728180, 88.47724915, -48.84955597, 7.66327858, -0.63158733, 0.65358883, -0.25313672, 0.33142272, -0.46919000, -0.31309304, -0.12451525, 99.96600342, 113.74507904, 32.38000107, 0.00000000
1, 5.7000, 528, -0.24269082, -0.28624576, 0.13626370, -34.61119080, -73.94062805, -28.65211487, -51.82695007, 14.61560917, -73.54574585, 88.73000336, -48.71640015, 7.09673691, -0.63216597, 0.65401250, -0.25486434, 0.32814345, -0.50951117, -0.37311879, -0.15273544, 99.96600342, 113.74507904, 32.38000107, 0.00000000
1, 5.7050, 529, -0.21680476, -0.22190420, 0.13860664, -34.36116409, -87.45106506, -36.05786896, -51.82695007, 14.61560917, -73.54574585, 89.05845642, -48.54575729, 6.42956448, -0.63268262, 0.65470737, -0.25674668, 0.32427177, -0.53354555, -0.43964869, -0.15137330, 99.96600342, 113.74507904, 32.38000107, 0.00000000
1, 5.7100, 530, -0.20118453, -0.15798852, 0.12919025, -34.07016373, -98.61199188, -44.10918427, -51.82695007, 14.61560917, -73.54574585, 89.44728851, -48.33288574, 5.68154478, -0.63316631, 0.65564358, -0.25869840, 0.31985494, -0.54680777, -0.50624919, -0.13752082, 99.96600342, 113.74507904, 32.38000107, 0.00000000
1, 5.7150, 531, -0.20137906, -0.11295488, 0.11459240, -32.98206329, -108.27781677, -53.22162247, -51.73925781, 13.82636642, -73.31189728, 89.88949585, -48.07124329, 4.86630821, -0.63361996, 0.65682924, -0.26063547, 0.31491321, -0.54368162, -0.55454147, -0.11788874, 99.96600342, 113.74507904, 32.38000107, 0.00000000
1, 5.7200, 532, -0.20535381, -0.07795972, 0.10612582, -31.47935486, -117.05626678, -62.87902451, -51.73925781, 13.82636642, -73.31189728, 90.37918091, -47.75683212, 3.99338365, -0.63404310, 0.65826494, -0.26251036, 0.30945930, -0.53617024, -0.59342337, -0.10378789, 99.96600342, 113.74507904, 32.38000107, 0.00000000
1, 5.7250, 533, -0.21545245, -0.06021850, 0.10207597, -29.64832687, -126.65310669, -73.15600586, -50.71616364, 13.41712952, -73.07804871, 90.91899109, -47.38531113, 3.06002951, -0.63441813, 0.65997237, -0.26432174, 0.30345389, -0.52186406, -0.61570740, -0.09349890, 99.96600342, 113.74507904, 32.38000107, 0.00000000
1, 5.7300, 534, -0.23267594, -0.04720651, 0.09449343, -28.39203072, -138.75904846, -83.59062958, -50.71616364, 13.41712952, -73.07804871, 91.51548767, -46.95418549, 2.05169535, -0.63472617, 0.66196334, -0.26614010, 0.29681090, -0.49969476, -0.63391030, -0.07894698, 99.96600342, 113.74507904, 32.38000107, 0.00000000
1, 5.8650, 535, -0.68567294, -1.01294410, 0.16202922, -42.05388260, -40.38201141, -236.56333923, -29.78661156, 7.36626720, -72.25957489, 98.27764130, -19.71886444, -16.18179321, -0.65637696, 0.72194314, -0.21578151, 0.03749399, 0.34293777, 0.08301867, -0.02930584, 99.96600342, 113.74507904, 32.38000107, 0.00000000
1, 5.8700, 536, -0.69144762, -1.03884876, 0.16493708, -41.23704910, -34.60561371, -237.48764038, -29.78661156, 7.36626720, -72.25957489, 98.07008362, -18.51940918, -16.18653107, -0.65771604, 0.72299635, -0.20936412, 0.02919896, 0.36845714, 0.10154319, -0.03462186, 99.96600342, 113.74507904, 32.38000107, 0.00000000
1, 5.8750, 537, -0.67954683, -1.07568443, 0.15293035, -40.33548737, -29.91265678, -238.22851563, -27.76965714, 7.04472351, -72.28880310, 97.86064148, -17.31951714, -16.17089081, -0.65899640, 0.72399461, -0.20276386, 0.02103518, 0.37646225, 0.13143359, -0.02518848, 99.96600342, 113.74507904, 32.38000107, 0.00000000
1, 5.8800, 538, -0.63418728, -1.12785649, 0.17817222, -36.12478256, -28.57264519, -240.31825256, -27.76965714, 7.04472351, -72.28880310, 97.67139435, -16.11006546, -16.15132713, -0.66008306, 0.72504890, -0.19603194, 0.01288788, 0.35118169, 0.17701453, -0.05278940, 99.96600342, 113.74507904, 32.38000107, 0.00000000
1, 5.8850, 539, -0.58316356, -1.16127813, 0.20710775, -31.63014030, -32.73408127, -240.93032837, -25.95732307, 7.07395506, -72.81496429, 97.51164246, -14.89477634, -16.15668297, -0.66091704, 0.72615719, -0.18937555, 0.00462818, 0.32047874, 0.20429346, -0.08367407, 99.96600342, 113.74507904, 32.38000107, 0.00000000
1, 5.8900, 540, -0.52483988, -1.17940009, 0.22022447, -26.58965111, -40.45182419, -239.74131775, -25.95732307, 7.07395506, -72.81496429, 97.38957977, -13.68584061, -16.20571709, -0.66144115, 0.72732151, -0.18298911, -0.00376384, 0.28259557, 0.21681729, -0.09820203, 99.96600342, 113.74507904, 32.38000107, 0.00000000
1, 5.8950, 541, -0.46249855, -1.20257449, 0.22308327, -18.88571930, -47.76958466, -238.29623413, -25.95732307, 7.07395506, -72.81496429, 97.31224060, -12.47399139, -16.29453278, -0.66159844, 0.72861153, -0.17680767, -0.01232140, 0.24078830, 0.23494805, -0.10180636, 99.96600342, 113.74507904, 32.38000107, 0.00000000
1, 5.9000, 542, -0.37441897, -1.22981024, 0.22425810, -11.19644547, -53.90051270, -236.96292114, -24.14498711, 5.87547493, -72.99035645, 97.27828217, -11.26489544, -16.41603851, -0.66138983, 0.73002809, -0.17082930, -0.02097471, 0.17334250, 0.25767142, -0.10298394, 99.96600342, 113.74507904, 32.38000107, 0.00000000
1, 5.9050, 543, -0.30660033, -1.24733841, 0.21008022, -5.04413080, -59.73154831, -237.07504272, -24.14498711, 5.87547493, -72.99035645, 97.27794647, -10.05156040, -16.56674957, -0.66086680, 0.73153496, -0.16500171, -0.02976894, 0.12631990, 0.27121592, -0.08830200, 99.96600342, 113.74507904, 32.38000107, 0.00000000
1, 5.9100, 544, -0.29218301, -1.24455798, 0.17758852, -0.09786282, -63.39466095, -239.43360901, -22.12803268, 7.10318613, -72.99035645, 97.30184174, -8.82413101, -16.73354912, -0.66008019, 0.73311245, -0.15919171, -0.03870933, 0.13302889, 0.26494545, -0.05498923, 99.96600342, 113.74507904, 32.38000107, 0.00000000
1, 6.0150, 545, -0.59610718, -1.13354933, 0.40986285, 17.51851273, 318.29235840, -146.61019897, -13.82636642, 12.89096737, -69.04413605, 100.92471313, 12.96027946, 0.66847384, -0.63301522, 0.76584703, 0.07631311, -0.08334613, 0.81763917, 0.17524602, -0.23042859, 99.96600342, 113.74507904, 32.38000107, 0.00000000
1, 6.0200, 546, -0.47499311, -1.09943736, 0.24266176, 16.84885406, 338.47869873, -133.01101685, -13.82636642, 12.89096737, -69.04413605, 101.42456055, 13.28788280, 2.50510025, -0.63076997, 0.76699281, 0.09004983, -0.07577803, 0.70294595, 0.14437641, -0.05492345, 99.96600342, 113.74507904, 32.38000107, 0.00000000
1, 6.0250, 547, -0.25227833, -1.05962002, 0.05306623, 20.48565102, 353.76651001, -114.01010132, -14.73253441, 13.41712952, -67.72873688, 101.96569061, 13.49096203, 4.40403509, -0.62824023, 0.76816803, 0.10353848, -0.06717140, 0.48476693, 0.10761172, 0.14388864, 99.96600342, 113.74507904, 32.38000107, 0.00000000
1, 6.0300, 548, -0.16174583, -1.04214525, -0.02968330, 26.04336166, 353.51736450, -98.62877655, -14.73253441, 13.41712952, -67.72873688, 102.53627777, 13.60124493, 6.28824949, -0.62540591, 0.76936430, 0.11646257, -0.05815866, 0.39666998, 0.09280822, 0.23615575, 99.96600342, 113.74507904, 32.38000107, 0.00000000
1, 6.0350, 549, -0.02229853, -1.03034198, -0.12260809, 29.49692154, 333.68682861, -80.84816742, -15.96024513, 13.85559750, -66.76410675, 103.09860229, 13.62847328, 8.05442524, -0.62244982, 0.77050948, 0.12821151, -0.04932746, 0.25816214, 0.08344354, 0.33883119, 99.96600342, 113.74507904, 32.38000107, 0.00000000
1, 6.0400, 550, 0.07699926, -1.01391268, -0.16179146, 26.76234055, 298.25302124, -66.83087158, -15.96024513, 13.85559750, -66.76410675, 103.58874512, 13.60795212, 9.62366676, -0.61977470, 0.77136540, 0.13846670, -0.04125192, 0.15881971, 0.06903603, 0.38677698, 99.96600342, 113.74507904, 32.38000107, 0.00000000
1, 6.0450, 551, 0.12144747, -0.97996974, -0.20275553, 22.56860542, 257.27496338, -51.63020706, -15.96024513, 13.85559750, -66.76410675, 104.01770782, 13.55416012, 10.97233772, -0.61733061, 0.77206963, 0.14712581, -0.03413798, 0.11369109, 0.03674497, 0.43521142, 99.96600342, 113.74507904, 32.38000107, 0.00000000
1, 6.0500, 552, 0.12426347, -0.95036864, -0.25806513, 21.32442665, 225.78353882, -34.41826248, -17.45103836, 14.67407131, -66.15024567, 104.39694214, 13.44604778, 12.14149475, -0.61508268, 0.77271610, 0.15434057, -0.02760726, 0.10943383, 0.00847784, 0.49708122, 99.96600342, 113.74507904, 32.38000107, 0.00000000
1, 6.1700, 553, -0.73212135, -0.65180600, 0.78432828, -42.11901474, -171.29591370, 100.11297607, -19.58491707, 11.66325665, -66.58871460, 103.06348419, 4.83472729, 2.34836125, -0.62207389, 0.78155404, 0.04226279, -0.02028051, 0.81570494, -0.31975728, -0.56084335, 99.96600342, 113.74507904, 32.38000107, 0.00000000
1, 6.1750, 554, -1.01652694, -0.52189839, 0.51909751, -22.70296288, -152.35330200, 91.30890656, -19.58491707, 11.66325665, -66.58871460, 102.88172150, 4.55906725, 1.50113428, -0.62318307, 0.78095442, 0.03502567, -0.02294114, 1.09589887, -0.45046574, -0.29964519, 99.96600342, 113.74507904, 32.38000107, 0.00000000
1, 6.1800, 555, -1.20923078, -0.49675265, 0.69013798, -0.15356080, -135.96279907, 85.48870850, -19.58491707, 11.66325665, -66.58871460, 102.82336426, 4.29224157, 0.74146271, -0.62345934, 0.78093171, 0.02841071, -0.02523769, 1.28351068, -0.47658333, -0.47250170, 99.96600342, 113.74507904, 32.38000107, 0.00000000
1, 6.1850, 556, -1.27826393, -0.53369534, 0.99409384, 7.72819614, -109.41006470, 80.58818817, -19.55568504, 12.48173046, -67.81642914, 102.81774139, 4.01979971, 0.11748259, -0.62340289, 0.78111321, 0.02267740, -0.02677388, 1.34709072, -0.44053179, -0.77685052, 99.96600342, 113.74507904, 32.38000107, 0.00000000
1, 6.1900, 557, -1.25243819, -0.56038690, 1.09395444, 5.21384716, -67.49540710, 74.81911469, -19.55568504, 12.48173046, -67.81642914, 102.83255005, 3.70737886, -0.29328904, -0.62326473, 0.78133756, 0.01817395, -0.02688111, 1.31584918, -0.41432387, -0.87649453, 99.96600342, 113.74507904, 32.38000107, 0.00000000
1, 6.1950, 558, -1.18369412, -0.57239509, 0.94551218, 4.48325300, -30.45734787, 62.39140701, -19.61414719, 11.45863724, -67.26103210, 102.84216309, 3.43675351, -0.51104879, -0.62320107, 0.78147388, 0.01521455, -0.02622176, 1.24246335, -0.40232724, -0.72758019, 99.96600342, 113.74507904, 32.38000107, 0.00000000
1, 6.2000, 559, -1.12460864, -0.71964204, 0.63077354, 11.52054024, 34.54334259, 48.70859909, -19.61414719, 11.45863724, -67.26103210, 102.90693665, 3.16117430, -0.39625239, -0.62283486, 0.78185934, 0.01448478, -0.02372655, 1.17935348, -0.25465074, -0.41204530, 99.96600342, 113.74507904, 32.38000107, 0.00000000
1, 6.2050, 560, -1.09155071, -0.89698088, 0.40087321, 14.07239246, 53.80418396, 39.46080017, -19.61414719, 11.45863724, -67.26103210, 102.98933411, 2.90913057, -0.17752342, -0.62235558, 0.78232145, 0.01459196, -0.02082859, 1.14237475, -0.07685947, -0.18093690, 99.96600342, 113.74507904, 32.38000107, 0.00000000
1, 6.2100, 561, -0.99685806, -1.03070843, 0.15195151, 11.73735714, 68.76409912, 32.06552124, -19.84799767, 12.33557415, -67.29026794, 103.06299591, 2.67604995, 0.12207998, -0.62193412, 0.78272074, 0.01536006, -0.01761995, 1.04416156, 0.05737577, 0.06935031, 99.96600342, 113.74507904, 32.38000107, 0.00000000
1, 6.2150, 562, -0.83425385, -1.10234427, -0.06917550, 9.68045139, 84.59572601, 26.19471931, -19.84799767, 12.33557415, -67.29026794, 103.12882996, 2.45338440, 0.50515598, -0.62156010, 0.78306156, 0.01676020, -0.01402929, 0.87818992, 0.12946241, 0.29193574, 99.96600342, 113.74507904, 32.38000107, 0.00000000
1, 6.3700, 563, 0.07888280, -1.00214887, 0.18651094, -0.52047485, 32.39633560, 5.83672762, -23.18035698, 11.86787510, -66.12101746, 104.39169312, -0.58061385, 3.69296980, -0.61250949, 0.78979009, 0.02235419, 0.02375172, -0.08918588, 0.03327411, 0.06059898, 99.96600342, 113.74507904, 32.38000107, 0.00000000
1, 6.3750, 564, 0.06793273, -0.99657667, 0.17523710, -0.50452453, 28.36631203, 6.86213732, -23.18035698, 11.86787510, -66.12101746, 104.38788605, -0.64889109, 3.82193875, -0.61249101, 0.78975374, 0.02287713, 0.02491227, -0.07939929, 0.02771467, 0.07178254, 99.96600342, 113.74507904, 32.38000107, 0.00000000
1, 6.3800, 565, 0.05669330, -0.99553144, 0.17729948, 0.17947535, 24.93822479, 7.71812868, -23.18035698, 11.86787510, -66.12101746, 104.38755035, -0.71706980, 3.93325233, -0.61245048, 0.78973913, 0.02327962, 0.02597702, -0.06935588, 0.02667392, 0.06966871, 99.96600342, 113.74507904, 32.38000107, 0.00000000
1, 6.3850, 566, 0.04990377, -1.00353074, 0.19307898, 0.49151608, 22.83304596, 8.47017956, -23.47266769, 12.59865570, -65.94563293, 104.38877869, -0.78629661, 4.03343773, -0.61239982, 0.78973496, 0.02360016, 0.02698912, -0.06380962, 0.03466738, 0.05387441, 99.96600342, 113.74507904, 32.38000107, 0.00000000
1, 6.3900, 567, 0.04014154, -1.01059830, 0.21168104, -0.02308070, 21.32484627, 8.72119808, -23.47266769, 12.59865570, -65.94563293, 104.37158966, -0.83377165, 4.12550449, -0.61248279, 0.78963059, 0.02397661, 0.02781178, -0.05510958, 0.04168165, 0.03509119, 99.96600342, 113.74507904, 32.38000107, 0.00000000
1, 6.3950, 568, 0.02638951, -1.01552367, 0.22796957, -0.47346419, 20.31293869, 8.63270855, -23.96959877, 11.19555664, -65.97486115, 104.36797333, -0.90065551, 4.21329784, -0.61246651, 0.78960234, 0.02422294, 0.02874246, -0.04238902, 0.04654621, 0.01856803, 99.96600342, 113.74507904, 32.38000107, 0.00000000
1, 6.4000, 569, 0.00284239, -1.01402712, 0.24581473, -0.83150351, 20.42337608, 8.25432301, -23.96959877, 11.19555664, -65.97486115, 104.36249542, -0.96583027, 4.30210066, -0.61246216, 0.78956354, 0.02448481, 0.02966712, -0.02003009, 0.04501644, 0.00057756, 99.96600342, 113.74507904, 32.38000107, 0.00000000
1, 6.4050, 570, -0.03153361, -1.01362455, 0.26883736, -1.45962942, 22.24222946, 7.70978594, -23.96959877, 11.19555664, -65.97486115, 104.35358429, -1.03061020, 4.40039825, -0.61247778, 0.78950405, 0.02481321, 0.03064053, 0.01315585, 0.04456071, -0.02266848, 99.96600342, 113.74507904, 32.38000107, 0.00000000
1, 6.4100, 571, -0.06857812, -1.00039136, 0.29048273, -2.52477264, 24.79994583, 6.69769144, -23.79421234, 13.12481689, -66.17948151, 104.33895874, -1.09362960, 4.51234865, -0.61252809, 0.78941041, 0.02524333, 0.03167602, 0.04903904, 0.03125525, -0.04460991, 99.96600342, 113.74507904, 32.38000107, 0.00000000
1, 6.4150, 572, -0.10119618, -0.98269463, 0.31050101, -2.84927058, 27.91708565, 5.86476374, -23.79421234, 13.12481689, -66.17948151, 104.32226563, -1.15641487, 4.64045191, -0.61258644, 0.78930181, 0.02578510, 0.03279675, 0.08051249, 0.01347498, -0.06496460, 99.96600342, 113.74507904, 32.38000107, 0.00000000
1, 6.5250, 573, -0.00064976, -0.95514345, 0.24978663, -6.99165106, 27.29261780, 10.10887432, -26.36655998, 12.77404213, -65.59485626, 103.70242310, -3.01349854, 9.67483234, -0.61354917, 0.78470671, 0.05010927, 0.07267697, -0.05219326, -0.01543878, -0.01462440, 99.96600342, 113.74507904, 32.38000107, 0.00000000
1, 6.5300, 574, -0.01507393, -0.95318079, 0.26007840, -7.01412868, 26.21239471, 10.11846447, -26.89272118, 12.16018677, -65.41946411, 103.66130829, -3.09355283, 9.79048347, -0.61369866, 0.78445780, 0.05044364, 0.07386046, -0.03919425, -0.01751559, -0.02566124, 99.96600342, 113.74507904, 32.38000107, 0.00000000
1, 6.5350, 575, -0.02701131, -0.94931912, 0.26347452, -7.65266180, 23.07775116, 9.87661552, -26.89272118, 12.16018677, -65.41946411, 103.61766052, -3.16868234, 9.89122200, -0.61387682, 0.78420031, 0.05069999, 0.07493165, -0.02859954, -0.02148907, -0.02982618, 99.96600342, 113.74507904, 32.38000107, 0.00000000
1, 6.5400, 576, -0.03907728, -0.94859004, 0.25830460, -7.31951189, 22.00069427, 9.88175488, -26.89272118, 12.16018677, -65.41946411, 103.58530426, -3.23750734, 9.98624992, -0.61398447, 0.78400385, 0.05095792, 0.07592426, -0.01776649, -0.02229682, -0.02533886, 99.96600342, 113.74507904, 32.38000107, 0.00000000
1, 6.5450, 577, -0.04956414, -0.95131218, 0.25573394, -7.24524641, 21.72452545, 9.80412388, -26.89272118, 12.18941784, -65.71177673, 103.54381561, -3.31057048, 10.08059502, -0.61415029, 0.78375965, 0.05118159, 0.07694615, -0.00850581, -0.01965252, -0.02343753, 99.96600342, 113.74507904, 32.38000107, 0.00000000
1, 6.5500, 578, -0.05683321, -0.95525992, 0.25003034, -7.24053717, 21.30932045, 9.68900967, -26.89272118, 12.18941784, -65.71177673, 103.50233459, -3.38253188, 10.17311859, -0.61431664, 0.78351593, 0.05139802, 0.07795078, -0.00248376, -0.01579336, -0.01847859, 99.96600342, 113.74507904, 32.38000107, 0.00000000
1, 6.5550, 579, -0.06294945, -0.96260118, 0.24686782, -7.23970127, 21.20823097, 9.54638100, -27.00964546, 10.34785175, -65.47792816, 103.46074677, -3.45360446, 10.26536655, -0.61448300, 0.78327119, 0.05161653, 0.07894790, 0.00240063, -0.00854378, -0.01606305, 99.96600342, 113.74507904, 32.38000107, 0.00000000
1, 6.5600, 580, -0.06267960, -0.96747839, 0.24020974, -7.27474022, 21.17226791, 9.58102131, -27.00964546, 10.34785175, -65.47792816, 103.41888428, -3.52473617, 10.35746384, -0.61464983, 0.78302485, 0.05183277, 0.07994475, 0.00090921, -0.00375216, -0.01013851, 99.96600342, 113.74507904, 32.38000107, 0.00000000
1, 6.5650, 581, -0.05901088, -0.97294259, 0.23170647, -7.42295790, 21.65916252, 9.55946159, -27.00964546, 10.34785175, -65.47792816, 103.37601471, -3.59626436, 10.45201111, -0.61482000, 0.78277194, 0.05206215, 0.08095790, -0.00398191, 0.00162863, -0.00237523, 99.96600342, 113.74507904, 32.38000107, 0.00000000
1, 6.5700, 582, -0.05271994, -0.97825038, 0.22538452, -7.28437233, 21.94140244, 9.45926857, -26.92195320, 12.30634308, -65.62408447, 103.33361816, -3.66754985, 10.54811668, -0.61498445, 0.78252053, 0.05230305, 0.08197755, -0.01150067, 0.00685193, 0.00321357, 99.96600342, 113.74507904, 32.38000107, 0.00000000
1, 6.6750, 583, -0.08475347, -1.01600087, 0.31501141, -14.95144272, 34.88351822, 7.34159088, -28.76351929, 11.92633724, -66.26717377, 102.17764282, -5.14801216, 12.86803341, -0.61961335, 0.77560037, 0.05907650, 0.10503997, -0.00544416, 0.04198167, -0.10640910, 99.96600342, 113.74507904, 32.38000107, 0.00000000
1, 6.6800, 584, -0.08028758, -1.02070045, 0.28823602, -14.98201084, 37.39308929, 7.26158857, -28.64659500, 11.07863140, -66.12101746, 102.08689880, -5.22270012, 13.04399395, -0.61998934, 0.77504176, 0.05977413, 0.10653992, -0.01113433, 0.04650905, -0.08118863, 99.96600342, 113.74507904, 32.38000107, 0.00000000
1, 6.6850, 585, -0.08241216, -1.02392519, 0.27025905, -15.23380661, 40.52982712, 7.09419394, -28.64659500, 11.07863140, -66.12101746, 101.99322510, -5.29953575, 13.23568153, -0.62036425, 0.77445859, 0.06056106, 0.10814157, -0.01029122, 0.04954533, -0.06482384, 99.96600342, 113.74507904, 32.38000107, 0.00000000
1, 6.6900, 586, -0.08378059, -1.02143061, 0.25974315, -16.01057243, 42.83890533, 6.38797188, -28.64659500, 11.07863140, -66.12101746, 101.90264893, -5.37205505, 13.43885136, -0.62070757, 0.77388334, 0.06144951, 0.10977562, -0.01019195, 0.04684936, -0.05591952, 99.96600342, 113.74507904, 32.38000107, 0.00000000
1, 6.6950, 587, -0.07379399, -1.00397837, 0.25142986, -16.83898735, 43.60742569, 5.99620914, -28.88044357, 11.37094402, -66.64717865, 101.79891205, -5.44604158, 13.64709091, -0.62112874, 0.77323318, 0.06234862, 0.11145493, -0.02142276, 0.02917563, -0.04925154, 99.96600342, 113.74507904, 32.38000107, 0.00000000
1, 6.7000, 588, -0.06269453, -0.98688269, 0.24571793, -17.55892944, 44.39418793, 6.33959627, -28.88044357, 11.37094402, -66.64717865, 101.69093323, -5.52212381, 13.85901070, -0.62156785, 0.77255726, 0.06325372, 0.11317158, -0.03382055, 0.01183238, -0.04533296, 99.96600342, 113.74507904, 32.38000107, 0.00000000
1, 6.7050, 589, -0.03261638, -0.97235155, 0.23879920, -18.48156738, 44.37010574, 7.01675892, -29.20198822, 9.41245270, -66.70564270, 101.57814026, -5.60111046, 14.07031250, -0.62203175, 0.77185488, 0.06413046, 0.11490795, -0.06523778, -0.00294951, -0.04023662, 99.96600342, 113.74507904, 32.38000107, 0.00000000
1, 6.7100, 590, -0.01084832, -0.96689832, 0.23409720, -18.85558319, 43.09682083, 7.69221401, -29.20198822, 9.41245270, -66.70564270, 101.46384430, -5.68172741, 14.27484894, -0.62250578, 0.77114725, 0.06494769, 0.11662039, -0.08838865, -0.00865758, -0.03744201, 99.96600342, 113.74507904, 32.38000107, 0.00000000
1, 6.7150, 591, 0.00294773, -0.96495247, 0.23998262, -19.29915237, 41.71598053, 8.47114754, -29.20198822, 9.41245270, -66.70564270, 101.34778595, -5.76441002, 14.47200489, -0.62299192, 0.77043366, 0.06569855, 0.11830844, -0.10362312, -0.01087118, -0.04528340, 99.96600342, 113.74507904, 32.38000107, 0.00000000
1, 6.7200, 592, 0.01160109, -0.96452105, 0.24591576, -20.02565765, 40.16272736, 9.07431412, -29.81584358, 11.78018093, -66.55948639, 101.22865295, -5.84814453, 14.66110992, -0.62350112, 0.76970702, 0.06638284, 0.11996238, -0.11374490, -0.01157089, -0.05323697, 99.96600342, 113.74507904, 32.38000107, 0.00000000
1, 6.8300, 593, -0.05347431, -0.97269523, 0.05212738, -17.01461220, 16.83351707, 18.57494926, -32.12511063, 10.99093819, -67.61180878, 98.59558105, -7.85540676, 17.82146645, -0.63470060, 0.75411934, 0.07302170, 0.15207632, -0.08288042, -0.00688161, 0.09461339, 99.96600342, 113.74507904, 32.38000107, 0.00000000
1, 6.8350, 594, -0.06306318, -0.97796011, 0.05199400, -16.62736320, 14.35024071, 19.14176750, -32.12511063, 10.99093819, -67.61180878, 98.50480652, -7.96084070, 17.87887955, -0.63507253, 0.75362521, 0.07267945, 0.15313292, -0.07511002, -0.00160402, 0.09310793, 99.96600342, 113.74507904, 32.38000107, 0.00000000
1, 6.8400, 595, -0.07873440, -0.98175871, 0.05385359, -16.31773758, 12.39013672, 19.65194321, -32.97281647, 10.87401295, -67.99181366, 98.39204407, -8.05190849, 17.92901802, -0.63561738, 0.75300741, 0.07233991, 0.15406965, -0.06114691, 0.00217039, 0.08944068, 99.96600342, 113.74507904, 32.38000107, 0.00000000
1, 6.8450, 596, -0.09852452, -0.98160362, 0.05629101, -16.36823273, 10.77745438, 20.06982613, -32.97281647, 10.87401295, -67.99181366, 98.30490875, -8.15915394, 17.96830559, -0.63598382, 0.75254494, 0.07186981, 0.15503347, -0.04307911, 0.00200161, 0.08521521, 99.96600342, 113.74507904, 32.38000107, 0.00000000
1, 6.8500, 597, -0.11479957, -0.98126554, 0.05774853, -16.17314529, 9.41398716, 20.35031319, -32.97281647, 10.87401295, -67.99181366, 98.21968079, -8.26675987, 18.00074196, -0.63634521, 0.75209707, 0.07135384, 0.15595952, -0.02866549, 0.00171177, 0.08221067, 99.96600342, 113.74507904, 32.38000107, 0.00000000
1, 6.8550, 598, -0.13000296, -0.97875893, 0.06046040, -15.87743759, 8.54046059, 20.57109261, -32.32972717, 10.99093819, -67.87489319, 98.13648224, -8.37479401, 18.02882385, -0.63669735, 0.75166291, 0.07080823, 0.15686195, -0.01533196, -0.00073643, 0.07799716, 99.96600342, 113.74507904, 32.38000107, 0.00000000
1, 6.8600, 599, -0.14377987, -0.97699094, 0.06661546, -15.69323921, 8.05054951, 20.73233414, -32.32972717, 10.99093819, -67.87489319, 98.05451965, -8.48323917, 18.05450630, -0.63704282, 0.75123674, 0.07024495, 0.15775198, -0.00344249, -0.00244097, 0.07036844, 99.96600342, 113.74507904, 32.38000107, 0.00000000
1, 6.8650, 600, -0.16562009, -0.96636295, 0.07479494, -15.87031746, 7.94871140, 20.55689812, -32.73896408, 10.17246437, -67.64103699, 97.97164154, -8.59071445, 18.07996178, -0.63739473, 0.75080454, 0.06968319, 0.15863413, 0.01651442, -0.01300568, 0.06070007, 99.96600342, 113.74507904, 32.38000107, 0.00000000
1, 6.8700, 601, -0.17628020, -0.96284020, 0.07769418, -15.69659233, 8.20312977, 20.17517662, -32.73896408, 10.17246437, -67.64103699, 97.88932800, -8.69643307, 18.10712624, -0.63774204, 0.75037336, 0.06914216, 0.15951324, 0.02533576, -0.01645543, 0.05632998, 99.96600342, 113.74507904, 32.38000107, 0.00000000
1, 6.8750, 602, -0.18891282, -0.96182489, 0.08036803, -15.28062344, 9.01670933, 19.80369949, -32.73896408, 10.17246437, -67.64103699, 97.80836487, -8.80081272, 18.13877296, -0.63807493, 0.74994588, 0.06863875, 0.16040701, 0.03615856, -0.01739311, 0.05220016, 99.96600342, 113.74507904, 32.38000107, 0.00000000
1, 6.9850, 603, -0.21623465, -0.95646024, 0.09502195, -15.68690968, 39.79138184, 7.22256947, -34.05437088, 10.34785175, -69.54106903, 95.65728760, -10.61774921, 20.49257660, -0.64561206, 0.73724139, 0.07014238, 0.18638760, 0.03197465, -0.02178334, 0.00025602, 99.96600342, 113.74507904, 32.38000107, 0.00000000
1, 6.9900, 604, -0.20331381, -0.95792603, 0.08857197, -15.27387428, 40.84862518, 6.85693741, -34.22975540, 10.14323330, -69.62876129, 95.54201508, -10.67592716, 20.69643021, -0.64592224, 0.73649275, 0.07092462, 0.18797015, 0.01810005, -0.02031889, 0.00475788, 99.96600342, 113.74507904, 32.38000107, 0.00000000
1, 6.9950, 605, -0.19149405, -0.95756972, 0.07432543, -15.03100777, 41.27688980, 6.51353168, -34.22975540, 10.14323330, -69.62876129, 95.42868042, -10.72792625, 20.90240860, -0.64622265, 0.73574948, 0.07175662, 0.18952577, 0.00538024, -0.02066441, 0.01706840, 99.96600342, 113.74507904, 32.38000107, 0.00000000
1, 7.0000, 606, -0.18193936, -0.95996189, 0.07193820, -14.78584003, 41.56090927, 6.37697220, -34.22975540, 10.14323330, -69.62876129, 95.31607056, -10.77897453, 21.11002922, -0.64651310, 0.73500764, 0.07260279, 0.19108514, -0.00504757, -0.01828409, 0.01753579, 99.96600342, 113.74507904, 32.38000107, 0.00000000
1, 7.0050, 607, -0.17677788, -0.96197212, 0.06696093, -14.82328987, 41.67002487, 6.16973591, -34.75592041, 9.38322163, -69.77491760, 95.20296478, -10.82864571, 21.31843567, -0.64680356, 0.73426044, 0.07345809, 0.19264165, -0.01105319, -0.01628163, 0.02057838, 99.96600342, 113.74507904, 32.38000107, 0.00000000
1, 7.0100, 608, -0.16836566, -0.96055377, 0.06483517, -14.35783291, 41.36587143, 5.94624853, -34.75592041, 9.38322163, -69.77491760, 95.09225464, -10.87665367, 21.52552414, -0.64707959, 0.73352545, 0.07431561, 0.19417970, -0.02029151, -0.01771028, 0.02081091, 99.96600342, 113.74507904, 32.38000107, 0.00000000
1, 7.0150, 609, -0.17007765, -0.96247840, 0.05836359, -13.82177734, 41.12946320, 5.82863283, -35.39900589, 9.61707115, -70.03800201, 94.98424530, -10.92358875, 21.73159981, -0.64733785, 0.73280442, 0.07517450, 0.19570449, -0.01937174, -0.01578469, 0.02540629, 99.96600342, 113.74507904, 32.38000107, 0.00000000
1, 7.0200, 610, -0.16815875, -0.96599710, 0.05646520, -13.78945923, 41.40740967, 5.86989880, -35.39900589, 9.61707115, -70.03800201, 94.87593842, -10.97045708, 21.93918991, -0.64759147, 0.73207945, 0.07603997, 0.19723845, -0.02208995, -0.01226820, 0.02544368, 99.96600342, 113.74507904, 32.38000107, 0.00000000
1, 7.0250, 611, -0.16630812, -0.96868122, 0.05519103, -13.60662079, 40.99129105, 5.85765314, -35.39900589, 9.61707115, -70.03800201, 94.76876068, -11.01670647, 22.14479256, -0.64783841, 0.73136038, 0.07689532, 0.19875744, -0.02473004, -0.00958459, 0.02486862, 99.96600342, 113.74507904, 32.38000107, 0.00000000
1, 7.0300, 612, -0.16276237, -0.97138226, 0.05287824, -13.21008968, 40.57456589, 5.94782925, -35.51593018, 9.26629639, -70.38877106, 94.66379547, -11.06285667, 22.34836197, -0.64807087, 0.73065400, 0.07773924, 0.20026360, -0.02906302, -0.00687501, 0.02537309, 99.96600342, 113.74507904, 32.38000107, 0.00000000
1, 7.1350, 613, -0.27669191, -0.90920794, 0.27687693, 7.20565033, 88.01345825, 7.58981752, -37.64981079, 9.58784008, -71.67494965, 92.88754272, -12.22568512, 28.03336716, -0.64605713, 0.71689492, 0.10333528, 0.24081904, 0.06449094, -0.06736992, -0.22957405, 99.96600342, 113.74507904, 32.38000107, 0.00000000
1, 7.1400, 614, -0.28015226, -0.90861881, 0.27860087, 9.29950428, 94.23625946, 7.39601707, -38.38058853, 9.29552746, -71.58725739, 92.86111450, -12.29453659, 28.50752258, -0.64507097, 0.71636868, 0.10583405, 0.24392337, 0.06685153, -0.06776027, -0.23202592, 99.96600342, 113.74507904, 32.38000107, 0.00000000
1, 7.1450, 615, -0.27778566, -0.91216815, 0.28058815, 11.42849827, 100.39975739, 6.77972984, -38.38058853, 9.29552746, -71.58725739, 92.80915070, -12.35225296, 29.01911354, -0.64417315, 0.71564555, 0.10857517, 0.24719200, 0.06340455, -0.06401257, -0.23468487, 99.96600342, 113.74507904, 32.38000107, 0.00000000
1, 7.1500, 616, -0.27489617, -0.91595924, 0.27783075, 13.10260773, 105.99636078, 6.40108538, -38.32212830, 9.79245853, -71.58725739, 92.75885773, -12.40893841, 29.55958939, -0.64318746, 0.71489245, 0.11150159, 0.25061145, 0.05955523, -0.06004672, -0.23278770, 99.96600342, 113.74507904, 32.38000107, 0.00000000
1, 7.1550, 617, -0.27032700, -0.92171514, 0.26676735, 14.88809109, 114.13777924, 5.97652388, -38.32212830, 9.79245853, -71.58725739, 92.70793915, -12.46487617, 30.14196968, -0.64209634, 0.71408141, 0.11468720, 0.25425777, 0.05405483, -0.05410330, -0.22259814, 99.96600342, 113.74507904, 32.38000107, 0.00000000
1, 7.1600, 618, -0.26096284, -0.92313564, 0.25449839, 16.03608704, 119.10474396, 5.51946545, -38.32212830, 9.79245853, -71.58725739, 92.65663910, -12.51914215, 30.75004387, -0.64093280, 0.71322608, 0.11803613, 0.25803331, 0.04378922, -0.05249797, -0.21119101, 99.96600342, 113.74507904, 32.38000107, 0.00000000
1, 7.1650, 619, -0.25256553, -0.92349482, 0.24559464, 17.22372818, 123.72476196, 5.01857996, -39.02367783, 9.55860806, -71.76264191, 92.60553741, -12.57138157, 31.38205338, -0.63969594, 0.71232903, 0.12154020, 0.26192480, 0.03451589, -0.05196488, -0.20314702, 99.96600342, 113.74507904, 32.38000107, 0.00000000
1, 7.1700, 620, -0.24442038, -0.92711401, 0.23814584, 18.45195580, 127.99037933, 4.78914785, -39.02367783, 9.55860806, -71.76264191, 92.55521393, -12.62283897, 32.03612137, -0.63838124, 0.71139425, 0.12518105, 0.26592755, 0.02551015, -0.04817631, -0.19655094, 99.96600342, 113.74507904, 32.38000107, 0.00000000
1, 7.1750, 621, -0.23854835, -0.93116760, 0.22516802, 19.39819908, 131.98164368, 4.27634859, -40.04676819, 9.90938282, -72.25957489, 92.50450897, -12.67201042, 32.71089554, -0.63700050, 0.71041322, 0.12895600, 0.27002570, 0.01882079, -0.04394944, -0.18443388, 99.96600342, 113.74507904, 32.38000107, 0.00000000
1, 7.1800, 622, -0.23404375, -0.93857479, 0.20957695, 20.21464348, 134.92819214, 3.70524907, -40.04676819, 9.90938282, -72.25957489, 92.45395660, -12.71835136, 33.40106583, -0.63556260, 0.70939225, 0.13283592, 0.27418515, 0.01355502, -0.03637429, -0.16971496, 99.96600342, 113.74507904, 32.38000107, 0.00000000
1, 7.2950, 623, -0.13557640, -1.00241160, -0.03493590, 29.44963646, 149.89410400, -12.91569233, -45.83454895, 10.69862556, -74.51037598, 91.52855682, -12.73086262, 51.46210098, -0.59007740, 0.67503077, 0.23946372, 0.37255770, -0.08491242, 0.02744627, 0.05906866, 99.96600342, 113.74507904, 32.38000107, 0.00000000
1, 7.3000, 624, -0.12836644, -1.00653589, -0.03710672, 29.32663918, 148.19720459, -13.37519836, -45.86378098, 10.46477604, -74.15959930, 91.50759888, -12.68204689, 52.22316742, -0.58787626, 0.67321837, 0.24415293, 0.37625524, -0.09129797, 0.03137971, 0.06088925, 99.96600342, 113.74507904, 32.38000107, 0.00000000
1, 7.3050, 625, -0.12068778, -1.00937808, -0.03931443, 29.20741653, 146.18702698, -13.84221840, -45.86378098, 10.46477604, -74.15959930, 91.48899841, -12.63040829, 52.97381973, -0.58568197, 0.67140198, 0.24879164, 0.37986681, -0.09810241, 0.03402169, 0.06279204, 99.96600342, 113.74507904, 32.38000107, 0.00000000
1, 7.3100, 626, -0.11082923, -1.01073384, -0.03925230, 28.84700012, 143.54641724, -14.25109386, -45.86378098, 10.46477604, -74.15959930, 91.47223663, -12.57618618, 53.71083832, -0.58350921, 0.66958749, 0.25335824, 0.38337877, -0.10704862, 0.03516539, 0.06246459, 99.96600342, 113.74507904, 32.38000107, 0.00000000
1, 7.3150, 627, -0.10540549, -1.01282072, -0.04101241, 28.44159698, 141.70440674, -14.57025528, -46.76995087, 10.46477604, -75.03653717, 91.45621490, -12.51994896, 54.43827438, -0.58135015, 0.66776288, 0.25787002, 0.38681772, -0.11151636, 0.03703629, 0.06396443, 99.96600342, 113.74507904, 32.38000107, 0.00000000
1, 7.3200, 628, -0.10252841, -1.01343763, -0.04923484, 26.69143105, 136.33518982, -14.99142361, -46.76995087, 10.46477604, -75.03653717, 91.43814087, -12.46077824, 55.13809967, -0.57928693, 0.66595405, 0.26221800, 0.39009458, -0.11337875, 0.03743877, 0.07190049, 99.96600342, 113.74507904, 32.38000107, 0.00000000
1, 7.3250, 629, -0.10103533, -1.00956261, -0.05535914, 25.80217743, 133.33842468, -15.26184654, -46.88687515, 10.64016342, -75.70885468, 91.41963959, -12.39969921, 55.82242966, -0.57726735, 0.66414630, 0.26647308, 0.39327365, -0.11382374, 0.03333790, 0.07772559, 99.96600342, 113.74507904, 32.38000107, 0.00000000
1, 7.3300, 630, -0.09816059, -1.00572515, -0.06428307, 24.84483528, 130.09651184, -15.50219345, -46.88687515, 10.64016342, -75.70885468, 91.40067291, -12.33683968, 56.49002838, -0.57529718, 0.66234446, 0.27062762, 0.39635050, -0.11561156, 0.02927356, 0.08634923, 99.96600342, 113.74507904, 32.38000107, 0.00000000
1, 7.4450, 631, -0.14029247, -0.95687103, -0.07441474, 0.13799843, 43.52379608, -16.51508522, -49.19614029, 11.42940617, -77.93042755, 90.62452698, -10.61145687, 66.17031097, -0.55080730, 0.62862271, 0.33194867, 0.43732700, -0.04401997, -0.02578184, 0.08338146, 99.96600342, 113.74507904, 32.38000107, 0.00000000
1, 7.4500, 632, -0.14312205, -0.95301855, -0.07165629, -0.05193027, 41.57260513, -16.55917549, -48.87459564, 10.81555080, -77.46273041, 90.58511353, -10.53053188, 66.38251495, -0.55052435, 0.62758565, 0.33340076, 0.43806759, -0.03981051, -0.02990533, 0.07994312, 99.96600342, 113.74507904, 32.38000107, 0.00000000
1, 7.4550, 633, -0.14504693, -0.95277071, -0.06775728, -0.21027337, 39.96814346, -16.52529716, -48.87459564, 10.81555080, -77.46273041, 90.54674530, -10.44955540, 66.58643341, -0.55026633, 0.62657374, 0.33480909, 0.43876565, -0.03650585, -0.03042392, 0.07538143, 99.96600342, 113.74507904, 32.38000107, 0.00000000
1, 7.4600, 634, -0.14364612, -0.95271456, -0.06697109, -0.53941715, 37.77118683, -16.53842163, -49.04998398, 10.99093819, -77.84273529, 90.50900269, -10.36829567, 66.77907562, -0.55004781, 0.62559354, 0.33615738, 0.43940678, -0.03651592, -0.03074396, 0.07395021, 99.96600342, 113.74507904, 32.38000107, 0.00000000
1, 7.4650, 635, -0.14340052, -0.95504165, -0.06124709, -0.65999740, 36.02363968, -16.33317375, -49.04998398, 10.99093819, -77.84273529, 90.47257233, -10.28788662, 66.96273804, -0.54985243, 0.62464523, 0.33745486, 0.44000569, -0.03538925, -0.02868489, 0.06759244, 99.96600342, 113.74507904, 32.38000107, 0.00000000
1, 7.4700, 636, -0.13981259, -0.95780110, -0.05627163, -0.96687084, 34.97152328, -16.14403343, -49.04998398, 10.99093819, -77.84273529, 90.43583679, -10.20828629, 67.14093781, -0.54967552, 0.62371075, 0.33871487, 0.44058368, -0.03762034, -0.02618662, 0.06199631, 99.96600342, 113.74507904, 32.38000107, 0.00000000
1, 7.4750, 637, -0.13817064, -0.95936418, -0.04889696, -1.20262003, 33.88856125, -16.09674072, -49.34229660, 10.66939449, -77.93042755, 90.39915466, -10.12877750, 67.31354523, -0.54951859, 0.62279058, 0.33994222, 0.44113567, -0.03791436, -0.02488599, 0.05399525, 99.96600342, 113.74507904, 32.38000107, 0.00000000
1, 7.4800, 638, -0.13061097, -0.96436405, -0.04501165, -1.36452150, 32.59571457, -15.98528576, -49.34229660, 10.66939449, -77.93042755, 90.36306763, -10.04968739, 67.47949219, -0.54938155, 0.62189138, 0.34113145, 0.44165653, -0.04412159, -0.02013951, 0.04949849, 99.96600342, 113.74507904, 32.38000107, 0.00000000
1, 7.4850, 639, -0.12647563, -0.96689117, -0.03936519, -1.52705026, 31.37081528, -15.80210304, -49.07921600, 9.96784592, -78.13504791, 90.32749176, -9.97138977, 67.63912201, -0.54926229, 0.62101316, 0.34228230, 0.44214994, -0.04692210, -0.01786407, 0.04324685, 99.96600342, 113.74507904, 32.38000107, 0.00000000
1, 7.4900, 640, -0.11889488, -0.97341418, -0.03532787, -2.04478812, 30.10794830, -15.61529636, -49.07921600, 9.96784592, -78.13504791, 90.27926636, -9.87857056, 67.79393005, -0.54928553, 0.62004292, 0.34343466, 0.44258872, -0.05304675, -0.01160872, 0.03849459, 99.96600342, 113.74507904, 32.38000107, 0.00000000
1, 7.5850, 641, -0.09933432, -0.97791922, -0.02418280, -4.12371063, -4.65697718, -6.04202414, -48.40689850, 9.61707115, -78.74890137, 89.63199615, -8.76438522, 68.76436615, -0.55331457, 0.61059862, 0.35212943, 0.44386619, -0.05310842, -0.01032608, 0.01605573, 99.96600342, 113.74507904, 32.38000107, 0.00000000
1, 7.5900, 642, -0.10562029, -0.98416448, -0.02258485, -3.45209789, -4.24075985, -5.72518349, -48.40689850, 9.61707115, -78.74890137, 89.60176849, -8.69119549, 68.74420166, -0.55383557, 0.61028773, 0.35229725, 0.44351080, -0.04594420, -0.00421651, 0.01403537, 99.96600342, 113.74507904, 32.38000107, 0.00000000
1, 7.5950, 643, -0.11086388, -0.98800588, -0.02434452, -3.06551123, -3.82290721, -5.57993603, -48.40689850, 9.61707115, -78.74890137, 89.58931732, -8.66350460, 68.72462463, -0.55408418, 0.61020184, 0.35229316, 0.44332153, -0.03983058, -0.00050234, 0.01541670, 99.96600342, 113.74507904, 32.38000107, 0.00000000
1, 7.6000, 644, -0.11674281, -0.99890435, -0.02612035, -2.79754639, -2.39821625, -5.33907604, -48.78690338, 10.40631390, -78.31043243, 89.57711792, -8.63694572, 68.71226501, -0.55429912, 0.61009848, 0.35232255, 0.44317192, -0.03348415, 0.01032993, 0.01694898, 99.96600342, 113.74507904, 32.38000107, 0.00000000
1, 7.6050, 645, -0.11127350, -0.99705827, -0.03205496, -2.59254217, -1.66866684, -5.18408728, -48.78690338, 10.40631390, -78.31043243, 89.56539154, -8.61113167, 68.70358276, -0.55449426, 0.60998833, 0.35236937, 0.44304210, -0.03848869, 0.00842687, 0.02269190, 99.96600342, 113.74507904, 32.38000107, 0.00000000
1, 7.6100, 646, -0.10345377, -0.99929011, -0.02939136, -2.42226267, -0.97757941, -4.88936567, -48.55305481, 8.24320412, -78.77813721, 89.55398560, -8.58675861, 68.69841766, -0.55466861, 0.60987335, 0.35242838, 0.44293517, -0.04588671, 0.01059105, 0.01984792, 99.96600342, 113.74507904, 32.38000107, 0.00000000
1, 7.6150, 647, -0.08826873, -0.99925065, -0.02937991, -2.10470581, -0.67145848, -4.46548557, -48.55305481, 8.24320412, -78.77813721, 89.54395294, -8.56450462, 68.69480896, -0.55482137, 0.60976672, 0.35248968, 0.44284177, -0.06067994, 0.01049394, 0.01969147, 99.96600342, 113.74507904, 32.38000107, 0.00000000
1, 7.6200, 648, -0.07449728, -0.99986720, -0.02311992, -1.64249003, -0.57208997, -4.08342695, -48.55305481, 8.24320412, -78.77813721, 89.53614044, -8.54412460, 68.69171143, -0.55495316, 0.60967505, 0.35255221, 0.44275302, -0.07410640, 0.01104708, 0.01332108, 99.96600342, 113.74507904, 32.38000107, 0.00000000
1, 7.6250, 649, -0.06348805, -0.99912858, -0.01876787, -1.35997081, -0.27045628, -3.48394632, -48.43613052, 10.05553913, -77.87196350, 89.52952576, -8.52674484, 68.69017792, -0.55506098, 0.60959375, 0.35261169, 0.44268250, -0.08481269, 0.01025519, 0.00887916, 99.96600342, 113.74507904, 32.38000107, 0.00000000
1, 7.6300, 650, -0.05693334, -0.99904037, -0.01951670, -1.31498075, -0.91171181, -2.86886430, -48.43613052, 10.05553913, -77.87196350, 89.52362823, -8.51246738, 68.68542480, -0.55516553, 0.60953546, 0.35264012, 0.44260910, -0.09110570, 0.01013009, 0.00953957, 99.96600342, 113.74507904, 32.38000107, 0.00000000
1, 7.7200, 651, -0.06979275, -0.97690451, -0.01812475, 2.99127388, -10.37257671, 8.34792995, -48.43613052, 10.37708282, -78.07658386, 89.62556458, -8.48395824, 68.19088745, -0.55663550, 0.61145902, 0.35055080, 0.43976003, -0.07751588, -0.01212974, 0.00978593, 99.96600342, 113.74507904, 32.38000107, 0.00000000
1, 7.7250, 652, -0.08410008, -0.98476768, -0.02090612, 2.93899226, -11.90813446, 8.45220470, -48.81613541, 9.52937698, -78.19351196, 89.64923859, -8.52666378, 68.13102722, -0.55657583, 0.61188865, 0.35009286, 0.43960294, -0.06393640, -0.00415496, 0.01292498, 99.96600342, 113.74507904, 32.38000107, 0.00000000
1, 7.7300, 653, -0.09699383, -0.99233985, -0.02010236, 2.85104394, -13.41170311, 8.66285038, -48.81613541, 9.52937698, -78.19351196, 89.67362213, -8.57044411, 68.06354523, -0.55653727, 0.61234766, 0.34959078, 0.43941203, -0.05179638, 0.00352616, 0.01249793, 99.96600342, 113.74507904, 32.38000107, 0.00000000
1, 7.7350, 654, -0.10900176, -0.99617887, -0.01503610, 2.40003395, -14.32418537, 8.78705120, -48.61151505, 10.08477020, -78.25197601, 89.69651031, -8.61487103, 67.99143219, -0.55652183, 0.61281502, 0.34905437, 0.43920648, -0.04056478, 0.00746989, 0.00779727, 99.96600342, 113.74507904, 32.38000107, 0.00000000
1, 7.7400, 655, -0.11685863, -0.99946618, -0.01574350, 2.26532269, -14.88906574, 9.05571938, -48.61151505, 10.08477020, -78.25197601, 89.71360016, -8.64294529, 67.91686249, -0.55660897, 0.61321104, 0.34857002, 0.43892783, -0.03333748, 0.01085228, 0.00882157, 99.96600342, 113.74507904, 32.38000107, 0.00000000
1, 7.7450, 656, -0.12540969, -1.00284600, -0.01055806, 2.34189439, -15.27800179, 9.32589245, -48.75767136, 10.61093235, -78.74890137, 89.73702240, -8.69003296, 67.83990479, -0.55659866, 0.61370271, 0.34799457, 0.43871036, -0.02545220, 0.01432127, 0.00396137, 99.96600342, 113.74507904, 32.38000107, 0.00000000
1, 7.7500, 657, -0.13483071, -1.00523448, -0.00650429, 2.48843908, -15.59418774, 9.49175167, -48.75767136, 10.61093235, -78.74890137, 89.76149750, -8.73793221, 67.76130676, -0.55658573, 0.61420625, 0.34740949, 0.43848586, -0.01686638, 0.01682753, 0.00030132, 99.96600342, 113.74507904, 32.38000107, 0.00000000
1, 7.7550, 658, -0.14232703, -1.00654852, -0.00328605, 2.13312459, -15.63132858, 9.46033669, -48.75767136, 10.61093235, -78.74890137, 89.78429413, -8.78564739, 67.68249512, -0.55658293, 0.61470085, 0.34681731, 0.43826473, -0.01020266, 0.01826162, -0.00253486, 99.96600342, 113.74507904, 32.38000107, 0.00000000
1, 7.7600, 659, -0.15423954, -0.99972332, 0.00071540, 1.88658988, -15.90450764, 9.14149380, -48.75767136, 10.78631973, -78.39812469, 89.80612946, -8.83174324, 67.60227966, -0.55659676, 0.61518961, 0.34622216, 0.43803209, 0.00089703, 0.01155275, -0.00617601, 99.96600342, 113.74507904, 32.38000107, 0.00000000
1, 7.7650, 660, -0.15950075, -0.99577236, 0.00336233, 1.99066103, -15.69387150, 9.11013794, -48.75767136, 10.78631973, -78.39812469, 89.82839966, -8.87764931, 67.52307129, -0.55660486, 0.61567599, 0.34563461, 0.43780231, 0.00536154, 0.00771908, -0.00844805, 99.96600342, 113.74507904, 32.38000107, 0.00000000
1, 7.8300, 661, -0.13852830, -0.98446190, 0.02198399, 3.62379313, -12.63560486, 8.53130436, -48.49459076, 10.49400711, -78.31043243, 90.18646240, -9.44727135, 66.72310638, -0.55554956, 0.62150836, 0.33960611, 0.43561435, -0.02548866, -0.00203812, -0.02085835, 99.96600342, 113.74507904, 32.38000107, 0.00000000
1, 7.8350, 662, -0.14504401, -0.98578155, 0.01602621, 3.73896074, -13.33166504, 8.54829979, -48.69921112, 10.66939449, -77.95966339, 90.21640015, -9.48984241, 66.65544128, -0.55548209, 0.62197936, 0.33912253, 0.43540487, -0.01968995, -0.00058485, -0.01440759, 99.96600342, 113.74507904, 32.38000107, 0.00000000
1, 7.8400, 663, -0.14784572, -0.98790467, 0.00973655, 3.84973121, -13.67797089, 8.50358295, -48.69921112, 10.66939449, -77.95966339, 90.25107574, -9.52373791, 66.58530426, -0.55543107, 0.62245458, 0.33868998, 0.43512738, -0.01752885, 0.00166054, -0.00756799, 99.96600342, 113.74507904, 32.38000107, 0.00000000
1, 7.8450, 664, -0.15808158, -0.99008274, 0.00984866, 3.88571286, -13.71246338, 8.50230217, -48.55305481, 10.28938866, -78.57351685, 90.28215790, -9.56599426, 66.51564789, -0.55536562, 0.62293500, 0.33820081, 0.43490389, -0.00794996, 0.00395129, -0.00714179, 99.96600342, 113.74507904, 32.38000107, 0.00000000
1, 7.8500, 665, -0.16265489, -0.99214482, 0.01261724, 3.74199533, -13.60763359, 8.43652725, -48.55305481, 10.28938866, -78.57351685, 90.31248474, -9.60789013, 66.44649506, -0.55530339, 0.62340868, 0.33771306, 0.43468347, -0.00410610, 0.00613337, -0.00940058, 99.96600342, 113.74507904, 32.38000107, 0.00000000
1, 7.8550, 666, -0.16710085, -0.99024463, 0.01497788, 3.56501770, -13.71030903, 8.29612350, -48.55305481, 10.28938866, -78.57351685, 90.34207153, -9.64903736, 66.37678528, -0.55525005, 0.62387758, 0.33722305, 0.43445924, -0.00037739, 0.00435281, -0.01125654, 99.96600342, 113.74507904, 32.38000107, 0.00000000
1, 7.8600, 667, -0.17329364, -0.98639119, 0.01379894, 3.31670523, -13.78047371, 8.22750759, -48.40689850, 10.87401295, -77.90119934, 90.37052917, -9.68982697, 66.30671692, -0.55520529, 0.62434053, 0.33672833, 0.43423501, 0.00511505, 0.00062397, -0.00959336, 99.96600342, 113.74507904, 32.38000107, 0.00000000
1, 7.8650, 668, -0.18090031, -0.98225284, 0.01032195, 3.45769739, -13.73772526, 7.94631386, -48.40689850, 10.87401295, -77.90119934, 90.39970398, -9.72916698, 66.23682404, -0.55516124, 0.62480164, 0.33624482, 0.43400276, 0.01204734, -0.00338883, -0.00563363, 99.96600342, 113.74507904, 32.38000107, 0.00000000
1, 7.8700, 669, -0.18287978, -0.98068893, 0.00768661, 3.73686028, -13.31498337, 7.84768105, -48.52382278, 10.93247604, -77.60888672, 90.42996979, -9.76798248, 66.16903687, -0.55510503, 0.62525976, 0.33577934, 0.43377519, 0.01336274, -0.00482938, -0.00248519, 99.96600342, 113.74507904, 32.38000107, 0.00000000
1, 7.8750, 670, -0.17870906, -0.97895384, 0.00813244, 3.97721386, -12.64639664, 7.65024376, -48.52382278, 10.93247604, -77.60888672, 90.46089172, -9.80578804, 66.10462189, -0.55503607, 0.62570781, 0.33533987, 0.43355739, 0.00853769, -0.00644870, -0.00238796, 99.96600342, 113.74507904, 32.38000107, 0.00000000
1, 7.9400, 671, -0.19140369, -0.95942831, 0.02174288, 3.83164215, -15.29678440, 7.72913218, -48.64074707, 10.31861973, -77.84273529, 90.87203217, -10.30650711, 65.22598267, -0.55418855, 0.63167614, 0.32935065, 0.43056762, 0.01267240, -0.02440603, -0.00900298, 99.96600342, 113.74507904, 32.38000107, 0.00000000
1, 7.9450, 672, -0.19263977, -0.96132708, 0.02426069, 4.04376221, -15.22193146, 7.58800697, -48.84536743, 10.40631390, -77.02426147, 90.90631866, -10.34334087, 65.14808655, -0.55415207, 0.63216931, 0.32884952, 0.43027371, 0.01318498, -0.02237114, -0.01090258, 99.96600342, 113.74507904, 32.38000107, 0.00000000
1, 7.9500, 673, -0.19802506, -0.96441734, 0.03138531, 4.00537157, -15.01089191, 7.48836851, -48.84536743, 10.40631390, -77.02426147, 90.94025421, -10.37963772, 65.07125092, -0.55411530, 0.63265562, 0.32835540, 0.42998356, 0.01792782, -0.01916920, -0.01746231, 99.96600342, 113.74507904, 32.38000107, 0.00000000
1, 7.9550, 674, -0.20504154, -0.96922672, 0.03605141, 3.93204427, -14.89959431, 7.17648554, -48.84536743, 10.40631390, -77.02426147, 90.97376251, -10.41435337, 64.99497223, -0.55408448, 0.63313323, 0.32787091, 0.42968982, 0.02432921, -0.01424733, -0.02157889, 99.96600342, 113.74507904, 32.38000107, 0.00000000
1, 7.9600, 675, -0.21206972, -0.97057772, 0.03604783, 3.86342812, -15.17202568, 6.89044905, -49.10844803, 8.36012840, -77.43349457, 91.00722504, -10.44756126, 64.91729736, -0.55406463, 0.63360995, 0.32738626, 0.42938232, 0.03078084, -0.01278045, -0.02102260, 99.96600342, 113.74507904, 32.38000107, 0.00000000
1, 7.9650, 676, -0.22071695, -0.97005725, 0.03341382, 3.68456388, -15.16526890, 6.54236507, -49.10844803, 8.36012840, -77.43349457, 91.03983307, -10.47899628, 64.83966064, -0.55405575, 0.63407689, 0.32690781, 0.42906886, 0.03888612, -0.01318534, -0.01784488, 99.96600342, 113.74507904, 32.38000107, 0.00000000
1, 7.9700, 677, -0.22949408, -0.96887147, 0.03085416, 3.49900055, -14.60157013, 6.20764112, -48.90382767, 8.65244102, -77.37503815, 91.07103729, -10.50876045, 64.76488495, -0.55404991, 0.63452363, 0.32644862, 0.42876533, 0.04715322, -0.01426150, -0.01476727, 99.96600342, 113.74507904, 32.38000107, 0.00000000
1, 7.9750, 678, -0.23481137, -0.96637678, 0.03092109, 3.63140845, -13.86097717, 5.87308598, -48.90382767, 8.65244102, -77.37503815, 91.10223389, -10.53687954, 64.69389343, -0.55403602, 0.63495469, 0.32601893, 0.42847213, 0.05197938, -0.01665516, -0.01430938, 99.96600342, 113.74507904, 32.38000107, 0.00000000
1, 7.9800, 679, -0.23727562, -0.96269667, 0.03343195, 3.65231061, -12.76824188, 5.33803082, -48.90382767, 8.65244102, -77.37503815, 91.13253021, -10.56237221, 64.62847900, -0.55401593, 0.63535780, 0.32563072, 0.42819571, 0.05398862, -0.02024567, -0.01629876, 99.96600342, 113.74507904, 32.38000107, 0.00000000
1, 7.9850, 680, -0.24105334, -0.96033037, 0.03689305, 3.67289758, -11.67300224, 4.69788265, -48.81613541, 10.75708866, -77.02426147, 91.16192627, -10.58473778, 64.56867218, -0.55399150, 0.63573158, 0.32528698, 0.42793366, 0.05735823, -0.02253309, -0.01925835, 99.96600342, 113.74507904, 32.38000107, 0.00000000
1, 8.0000, 681, -0.22912085, -0.94779217, 0.03886363, 3.16712332, -8.43550587, 3.13403535, -49.02075195, 9.00321579, -76.20578766, 91.25915527, -10.68150234, 64.42060089, -0.55363733, 0.63688773, 0.32430038, 0.42742139, 0.04373235, -0.03472208, -0.01949496, 99.96600342, 113.74507904, 32.38000107, 0.00000000
1, 8.0050, 682, -0.22482100, -0.94451559, 0.03356867, 3.26344466, -7.65958691, 2.76572990, -49.02075195, 9.00321579, -76.20578766, 91.28279877, -10.69449902, 64.38134766, -0.55360299, 0.63714868, 0.32409948, 0.42722923, 0.03921421, -0.03793741, -0.01377990, 99.96600342, 113.74507904, 32.38000107, 0.00000000
1, 8.0100, 683, -0.21981233, -0.94561422, 0.03589950, 3.61236882, -7.19389677, 2.35176182, -48.81613541, 9.73399544, -76.32270813, 91.30773163, -10.70545864, 64.34450531, -0.55356014, 0.63740331, 0.32392776, 0.42703509, 0.03400303, -0.03679595, -0.01567911, 99.96600342, 113.74507904, 32.38000107, 0.00000000
1, 8.0150, 684, -0.21692777, -0.95020962, 0.04108391, 3.85460615, -6.69768286, 2.08008838, -48.81613541, 9.73399544, -76.32270813, 91.33340454, -10.71509457, 64.31020355, -0.55350864, 0.63765079, 0.32378006, 0.42684460, 0.03093480, -0.03216674, -0.02042782, 99.96600342, 113.74507904, 32.38000107, 0.00000000
1, 8.0200, 685, -0.21477847, -0.95704746, 0.05060005, 4.06065035, -6.19678259, 1.59867406, -49.13768005, 9.32475853, -76.38117218, 91.35961914, -10.72235870, 64.27850342, -0.55345327, 0.63788682, 0.32366166, 0.42665344, 0.02862710, -0.02530850, -0.02950200, 99.96600342, 113.74507904, 32.38000107, 0.00000000
1, 8.0250, 686, -0.21043414, -0.96625352, 0.05605282, 3.91064668, -5.69571161, 0.98158753, -49.13768005, 9.32475853, -76.38117218, 91.38460541, -10.72658825, 64.24941254, -0.55340642, 0.63810116, 0.32356963, 0.42646337, 0.02418378, -0.01608486, -0.03452438, 99.96600342, 113.74507904, 32.38000107, 0.00000000
1, 8.0300, 687, -0.20482354, -0.96830034, 0.05520409, 3.55260563, -5.61674976, 0.46224469, -49.13768005, 9.32475853, -76.49810028, 91.40769196, -10.72820187, 64.22077942, -0.55337822, 0.63829798, 0.32348731, 0.42626789, 0.01853535, -0.01401937, -0.03325875, 99.96600342, 113.74507904, 32.38000107, 0.00000000
1, 8.0350, 688, -0.20050244, -0.96970797, 0.04270899, 3.05430412, -5.68079185, 0.04643525, -48.96229172, 8.09704781, -76.49810028, 91.42835236, -10.72774982, 64.19187164, -0.55337238, 0.63847804, 0.32340559, 0.42606780, 0.01424570, -0.01258237, -0.02039381, 99.96600342, 113.74507904, 32.38000107, 0.00000000
1, 8.0400, 689, -0.19811954, -0.97276676, 0.02733252, 3.02114582, -5.95207262, -0.27507842, -48.96229172, 8.09704781, -76.49810028, 91.45546722, -10.74352646, 64.16087341, -0.55327678, 0.63873953, 0.32324761, 0.42591995, 0.01177750, -0.00946466, -0.00460801, 99.96600342, 113.74507904, 32.38000107, 0.00000000
1, 8.0450, 690, -0.19890656, -0.97613835, 0.03060939, 2.80734873, -5.95063639, -0.41253135, -48.69921112, 11.22478771, -75.73809052, 91.47512817, -10.74071598, 64.13065338, -0.55329007, 0.63891202, 0.32316756, 0.42570460, 0.01244683, -0.00606747, -0.00749153, 99.96600342, 113.74507904, 32.38000107, 0.00000000
1, 8.0600, 691, -0.24048720, -0.98486960, 0.03646599, 0.91765618, -3.09587622, -2.49366736, -48.40689850, 11.28325081, -76.03040314, 91.51077271, -10.71339798, 64.06576538, -0.55343562, 0.63919270, 0.32308686, 0.42515498, 0.05443686, 0.00259100, -0.01279943, 99.96600342, 113.74507904, 32.38000107, 0.00000000
1, 8.0650, 692, -0.27336752, -0.98527396, 0.02150134, 0.19173716, -2.07273650, -3.30129218, -48.40689850, 11.28325081, -76.03040314, 91.51355743, -10.69663620, 64.05564117, -0.55352104, 0.63918912, 0.32313201, 0.42501473, 0.08762503, 0.00297053, 0.00215043, 99.96600342, 113.74507904, 32.38000107, 0.00000000
1, 8.0700, 693, -0.29928988, -0.98405957, 0.00551313, -0.07615651, -0.66508424, -4.00042534, -48.43613052, 11.28325081, -75.53347015, 91.51365662, -10.67655373, 64.05275726, -0.55360705, 0.63914305, 0.32322574, 0.42490059, 0.11391640, 0.00172045, 0.01808771, 99.96600342, 113.74507904, 32.38000107, 0.00000000
1, 8.0750, 694, -0.31538272, -0.98023140, -0.00626424, -0.03497673, 1.65128160, -4.71688604, -48.43613052, 11.28325081, -75.53347015, 91.51175690, -10.65318108, 64.06174469, -0.55367273, 0.63904494, 0.32339618, 0.42483309, 0.13042559, -0.00216195, 0.02981037, 99.96600342, 113.74507904, 32.38000107, 0.00000000
1, 8.0800, 695, -0.31587693, -0.97863054, -0.01467463, 0.42489591, 4.63364983, -5.45785475, -48.64074707, 11.69248772, -76.11809540, 91.50933075, -10.62646484, 64.08600616, -0.55369735, 0.63889188, 0.32366794, 0.42482421, 0.13138384, -0.00383331, 0.03818318, 99.96600342, 113.74507904, 32.38000107, 0.00000000
1, 8.0850, 696, -0.30561060, -0.98194170, -0.01155451, 0.70799905, 7.48020363, -6.41012239, -48.64074707, 11.69248772, -76.11809540, 91.50562286, -10.59533119, 64.12483978, -0.55369169, 0.63867927, 0.32404023, 0.42486739, 0.12162577, -0.00062553, 0.03503041, 99.96600342, 113.74507904, 32.38000107, 0.00000000
1, 8.0900, 697, -0.28905135, -0.98648930, -0.00489559, 0.84906000, 10.29234886, -7.43150663, -48.64074707, 11.69248772, -76.11809540, 91.48197174, -10.62291908, 64.18228149, -0.55350608, 0.63847792, 0.32412240, 0.42534900, 0.10509853, 0.00389584, 0.02816165, 99.96600342, 113.74507904, 32.38000107, 0.00000000
1, 8.0950, 698, -0.26769555, -0.98868155, 0.00689682, 0.63564420, 12.99773693, -8.48597527, -48.52382278, 11.60479355, -76.38117218, 91.47269440, -10.58206177, 64.24942780, -0.55346310, 0.63813132, 0.32468435, 0.42549640, 0.08385020, 0.00603559, 0.01612365, 99.96600342, 113.74507904, 32.38000107, 0.00000000
1, 8.1300, 699, -0.15825634, -0.99201477, 0.03872617, -2.19233584, 19.50974083, -12.36081314, -48.08535385, 10.23092651, -76.43963623, 91.30464935, -10.20080853, 64.90113068, -0.55341589, 0.63440478, 0.32974935, 0.42723167, -0.01920024, 0.00806102, -0.01821359, 99.96600342, 113.74507904, 32.38000107, 0.00000000
1, 8.1350, 700, -0.12970367, -0.99287641, 0.05878269, -2.43164349, 18.73838997, -12.23594379, -48.08535385, 10.23092651, -76.43963623, 91.27529907, -10.14163113, 64.99758911, -0.55344301, 0.63381964, 0.33049464, 0.42748904, -0.04678278, 0.00869532, -0.03870073, 99.96600342, 113.74507904, 32.38000107, 0.00000000
1, 8.1400, 701, -0.10938584, -0.99350560, 0.07328231, -2.33926702, 16.99608040, -12.17349052, -48.08535385, 10.23092651, -76.43963623, 91.27226257, -10.05353355, 65.08071136, -0.55348396, 0.63331783, 0.33142042, 0.42746308, -0.06587240, 0.00906937, -0.05341450, 99.96600342, 113.74507904, 32.38000107, 0.00000000
1, 8.1450, 702, -0.10552559, -0.99073172, 0.08565599, -2.47565341, 16.57043457, -11.90148354, -47.99766159, 11.04940033, -76.76117706, 91.24488068, -9.99575901, 65.16606140, -0.55353594, 0.63277596, 0.33210269, 0.42766854, -0.06851378, 0.00604793, -0.06602862, 99.96600342, 113.74507904, 32.38000107, 0.00000000
1, 8.1500, 703, -0.11123481, -0.99307263, 0.10166545, -2.29605961, 16.43194962, -11.87201786, -47.99766159, 11.04940033, -76.76117706, 91.21860504, -9.93806458, 65.25066376, -0.55358404, 0.63224089, 0.33278397, 0.42786798, -0.06185478, 0.00817861, -0.08251414, 99.96600342, 113.74507904, 32.38000107, 0.00000000
1, 8.1550, 704, -0.11674911, -0.99632597, 0.11777771, -1.82589281, 15.77553177, -11.92870235, -47.90996552, 11.22478771, -76.81964111, 91.19533539, -9.87998962, 65.33190918, -0.55362940, 0.63172811, 0.33345944, 0.42804086, -0.05538289, 0.01122231, -0.09905025, 99.96600342, 113.74507904, 32.38000107, 0.00000000
1, 8.1600, 705, -0.11734602, -1.00926995, 0.13216318, -0.95992404, 14.86559200, -11.43563175, -47.90996552, 11.22478771, -76.81964111, 91.17730713, -9.82424736, 65.40842438, -0.55365443, 0.63126004, 0.33411530, 0.42818749, -0.05385091, 0.02396695, -0.11378711, 99.96600342, 113.74507904, 32.38000107, 0.00000000
1, 8.1650, 706, -0.12134125, -1.02387023, 0.14324677, -0.86432803, 15.86765862, -11.06244183, -47.90996552, 11.22478771, -76.81964111, 91.15898132, -9.77044773, 65.48998260, -0.55365479, 0.63078064, 0.33478680, 0.42836910, -0.04895092, 0.03838150, -0.12521157, 99.96600342, 113.74507904, 32.38000107, 0.00000000
1, 8.1700, 707, -0.12910087, -1.03405011, 0.14355673, -1.23911166, 17.46486473, -10.98454857, -48.34843445, 10.72785759, -76.41040802, 91.13747406, -9.71716213, 65.57960510, -0.55364037, 0.63026279, 0.33548751, 0.42860174, -0.04027408, 0.04839575, -0.12591232, 99.96600342, 113.74507904, 32.38000107, 0.00000000
1, 8.1750, 708, -0.13588229, -1.03487682, 0.13475452, -1.50594962, 18.99006462, -10.76953697, -48.34843445, 10.72785759, -76.41040802, 91.11341858, -9.66503620, 65.67687988, -0.55360657, 0.62971252, 0.33621389, 0.42888477, -0.03256691, 0.04907452, -0.11752737, 99.96600342, 113.74507904, 32.38000107, 0.00000000
1, 8.1950, 709, -0.10699259, -1.03268528, 0.09297003, -2.13335299, 24.10834694, -9.44777966, -48.02689362, 10.34785175, -77.05348969, 91.03623199, -9.45318794, 66.12068176, -0.55317211, 0.62742174, 0.33950156, 0.43021089, -0.05767837, 0.04630745, -0.07695271, 99.96600342, 113.74507904, 32.38000107, 0.00000000
1, 8.2000, 710, -0.09222587, -1.03269529, 0.07269266, -2.42591119, 24.86243248, -9.04050732, -48.02689362, 10.34785175, -77.05348969, 91.00323486, -9.41003513, 66.24741364, -0.55304098, 0.62676138, 0.34030357, 0.43070802, -0.07164079, 0.04621540, -0.05719985, 99.96600342, 113.74507904, 32.38000107, 0.00000000
1, 8.2050, 711, -0.07714930, -1.03650296, 0.06600694, -2.59764886, 24.46627426, -8.55703354, -48.28997421, 9.96784592, -76.64425659, 90.96980286, -9.36919498, 66.37206268, -0.55291057, 0.62611073, 0.34107912, 0.43120801, -0.08598912, 0.04990618, -0.05105142, 99.96600342, 113.74507904, 32.38000107, 0.00000000
1, 8.2100, 712, -0.06580801, -1.04156637, 0.06179929, -3.05389023, 24.03611183, -8.21095657, -48.28997421, 9.96784592, -76.64425659, 90.93453979, -9.32997417, 66.49448395, -0.55279183, 0.62546140, 0.34182581, 0.43171093, -0.09663916, 0.05485412, -0.04742483, 99.96600342, 113.74507904, 32.38000107, 0.00000000
1, 8.2150, 713, -0.05820810, -1.05012178, 0.06445988, -3.84575915, 22.09015274, -7.23074675, -48.28997421, 9.96784592, -76.64425659, 90.89702606, -9.29546165, 66.60691071, -0.55270433, 0.62484384, 0.34248343, 0.43219581, -0.10362738, 0.06329344, -0.05071102, 99.96600342, 113.74507904, 32.38000107, 0.00000000
1, 8.2200, 714, -0.05388817, -1.05154479, 0.06241284, -4.39329863, 20.43489075, -6.66734266, -48.61151505, 10.52323914, -77.02426147, 90.85820007, -9.26357746, 66.71090698, -0.55264539, 0.62425196, 0.34307504, 0.43265706, -0.10738261, 0.06461805, -0.04932220, 99.96600342, 113.74507904, 32.38000107, 0.00000000
1, 8.2250, 715, -0.06024260, -1.05890822, 0.06004036, -4.72892427, 18.95056915, -5.89225006, -48.61151505, 10.52323914, -77.02426147, 90.81899261, -9.23540974, 66.80728149, -0.55260241, 0.62369132, 0.34360313, 0.43310130, -0.10052021, 0.07189363, -0.04764485, 99.96600342, 113.74507904, 32.38000107, 0.00000000
1, 8.2300, 716, -0.06148990, -1.05932426, 0.06404548, -5.70625353, 17.53600502, -5.35269070, -48.34843445, 10.49400711, -77.19964600, 90.77610016, -9.20980167, 66.89644623, -0.55259645, 0.62314141, 0.34406358, 0.43353450, -0.09883372, 0.07222015, -0.05237757, 99.96600342, 113.74507904, 32.38000107, 0.00000000
1, 8.2350, 717, -0.06106231, -1.05373597, 0.06682757, -6.29364967, 16.19787598, -4.95648289, -48.34843445, 10.49400711, -77.19964600, 90.73143005, -9.18602562, 66.97876740, -0.55261868, 0.62260848, 0.34446967, 0.43394938, -0.09885083, 0.06654928, -0.05591324, 99.96600342, 113.74507904, 32.38000107, 0.00000000
1, 8.2400, 718, -0.06776039, -1.05153179, 0.05838884, -6.56349516, 15.00850487, -4.84118795, -48.34843445, 10.49400711, -77.19964600, 90.70888519, -9.11874294, 67.05084991, -0.55272543, 0.62208360, 0.34513709, 0.43403584, -0.09134920, 0.06422530, -0.04806564, 99.96600342, 113.74507904, 32.38000107, 0.00000000
1, 8.2450, 719, -0.07616754, -1.05205154, 0.06350894, -7.36950493, 14.02490616, -4.78426790, -48.28997421, 10.87401295, -77.11195374, 90.66072845, -9.09565449, 67.12212372, -0.55280501, 0.62156802, 0.34546530, 0.43441188, -0.08217688, 0.06460425, -0.05382302, 99.96600342, 113.74507904, 32.38000107, 0.00000000
1, 8.2500, 720, -0.08519240, -1.04134727, 0.07164768, -8.10491276, 13.07758331, -4.76243305, -48.28997421, 10.87401295, -77.11195374, 90.60966492, -9.07256508, 67.18855286, -0.55291820, 0.62105262, 0.34575579, 0.43477359, -0.07277516, 0.05381323, -0.06284069, 99.96600342, 113.74507904, 32.38000107, 0.00000000
1, 8.2550, 721, -0.09454308, -1.03436804, 0.07789133, -8.30394745, 11.95429420, -4.47120476, -48.23151016, 10.75708866, -77.02426147, 90.55851746, -9.05082321, 67.24927521, -0.55304807, 0.62055779, 0.34600735, 0.43511492, -0.06305856, 0.04675382, -0.06997576, 99.96600342, 113.74507904, 32.38000107, 0.00000000
1, 8.2600, 722, -0.11948197, -1.03261673, 0.06519081, -8.58855438, 11.95259476, -4.50267363, -48.23151016, 10.75708866, -77.02426147, 90.50598907, -9.02886677, 67.30995178, -0.55318594, 0.62005538, 0.34625411, 0.43545935, -0.03771136, 0.04495473, -0.05823096, 99.96600342, 113.74507904, 32.38000107, 0.00000000
1, 8.2650, 723, -0.15121140, -1.02690566, 0.06395063, -9.05013752, 11.87969398, -4.53358793, -48.23151016, 10.75708866, -77.02426147, 90.45123291, -9.00671387, 67.37023926, -0.55333763, 0.61954254, 0.34649098, 0.43580800, -0.00560029, 0.03917763, -0.05799355, 99.96600342, 113.74507904, 32.38000107, 0.00000000
1, 8.2900, 724, -0.17911486, -1.01586640, 0.07501332, -10.62072659, 17.95565796, -5.73580647, -48.75767136, 8.38935947, -77.34580231, 90.17201233, -8.88852119, 67.75151825, -0.55384272, 0.61668223, 0.34811753, 0.43792170, 0.02434254, 0.02776659, -0.07410584, 99.96600342, 113.74507904, 32.38000107, 0.00000000
1, 8.2950, 725, -0.16503178, -1.00926912, 0.06744350, -11.27823544, 19.37878799, -5.76361990, -48.49459076, 9.26629639, -78.01811981, 90.10042572, -8.85991287, 67.84960938, -0.55396229, 0.61595136, 0.34852487, 0.43847483, 0.01071571, 0.02111093, -0.06746224, 99.96600342, 113.74507904, 32.38000107, 0.00000000
1, 8.3000, 726, -0.15667933, -1.00362015, 0.05398143, -11.47416115, 20.81187439, -6.04243755, -48.49459076, 9.26629639, -78.01811981, 90.02677917, -8.82978916, 67.95491028, -0.55407017, 0.61518329, 0.34897023, 0.43906227, 0.00290881, 0.01540245, -0.05523597, 99.96600342, 113.74507904, 32.38000107, 0.00000000
1, 8.3050, 727, -0.13859405, -0.99559581, 0.05924412, -11.76996994, 21.71770668, -6.15728951, -48.87459564, 9.76322746, -78.01811981, 89.95103455, -8.79894638, 68.06473541, -0.55417365, 0.61438829, 0.34943447, 0.43967500, -0.01465775, 0.00728687, -0.06173811, 99.96600342, 113.74507904, 32.38000107, 0.00000000
1, 8.3100, 728, -0.11985826, -0.98693788, 0.07356840, -11.66401291, 21.81891251, -5.98096561, -48.87459564, 9.76322746, -78.01811981, 89.87578583, -8.76884079, 68.17502594, -0.55426884, 0.61359578, 0.34989804, 0.44029269, -0.03290747, -0.00147370, -0.07730158, 99.96600342, 113.74507904, 32.38000107, 0.00000000
1, 8.3150, 729, -0.10617925, -0.98364925, 0.06198589, -11.80961227, 22.09611702, -5.97250462, -48.87459564, 9.76322746, -78.01811981, 89.79969025, -8.73864269, 68.28666687, -0.55436265, 0.61279398, 0.35036492, 0.44091970, -0.04603543, -0.00482049, -0.06698705, 99.96600342, 113.74507904, 32.38000107, 0.00000000
1, 8.3200, 730, -0.08795790, -0.98072004, 0.04722249, -12.12862873, 22.05345345, -5.75914764, -47.82227325, 9.90938282, -78.13504791, 89.72206879, -8.70935440, 68.39805603, -0.55446088, 0.61198759, 0.35081840, 0.44155496, -0.06370953, -0.00779872, -0.05350991, 99.96600342, 113.74507904, 32.38000107, 0.00000000
1, 8.3250, 731, -0.06936665, -0.97922909, 0.05144294, -12.22379780, 21.17394066, -5.42837763, -47.82227325, 9.90938282, -78.13504791, 89.64471436, -8.68161011, 68.50496674, -0.55456805, 0.61120015, 0.35123956, 0.44217589, -0.08182448, -0.00936424, -0.05901676, 99.96600342, 113.74507904, 32.38000107, 0.00000000
1, 8.3300, 732, -0.05621412, -0.98340428, 0.03667706, -12.34898472, 19.84076309, -5.07298708, -48.66997910, 9.64630222, -78.60274506, 89.56781769, -8.65555096, 68.60508728, -0.55469137, 0.61044031, 0.35161608, 0.44277111, -0.09448562, -0.00522557, -0.04555599, 99.96600342, 113.74507904, 32.38000107, 0.00000000
1, 8.3350, 733, -0.05141390, -0.99675453, 0.03785478, -12.68869686, 18.60928154, -4.67738962, -48.66997910, 9.64630222, -78.60274506, 89.49020386, -8.63139629, 68.69897461, -0.55483437, 0.60970145, 0.35194537, 0.44334802, -0.09886236, 0.00806834, -0.04807451, 99.96600342, 113.74507904, 32.38000107, 0.00000000
1, 8.3600, 734, -0.07521016, -0.99465716, 0.02394240, -15.93084145, 7.89410496, -2.01723981, -48.02689362, 9.29552746, -79.07044983, 89.09574890, -8.50733566, 68.99649048, -0.55625021, 0.60648710, 0.35266021, 0.44540980, -0.07283163, 0.00574330, -0.04099784, 99.96600342, 113.74507904, 32.38000107, 0.00000000
1, 8.3650, 735, -0.08586252, -0.99426913, 0.02088716, -16.54835510, 6.13461828, -1.49048197, -48.69921112, 9.85092068, -79.24583435, 89.00842285, -8.49953556, 69.02735901, -0.55662209, 0.60594356, 0.35252580, 0.44579121, -0.06202662, 0.00536304, -0.03946897, 99.96600342, 113.74507904, 32.38000107, 0.00000000
1, 8.3700, 736, -0.08960336, -0.99040496, 0.01295752, -16.68316841, 5.63351727, -0.97492695, -48.69921112, 9.85092068, -79.24583435, 88.92079926, -8.49431229, 69.05574799, -0.55699480, 0.60541409, 0.35236293, 0.44617382, -0.05816393, 0.00152314, -0.03305184, 99.96600342, 113.74507904, 32.38000107, 0.00000000
1, 8.3750, 737, -0.09539136, -0.99064112, 0.02001848, -16.97227478, 6.07682514, -0.68026298, -48.69921112, 9.85092068, -79.24583435, 88.83141327, -8.49047375, 69.08638000, -0.55736220, 0.60487318, 0.35219714, 0.44657928, -0.05232285, 0.00176675, -0.04166302, 99.96600342, 113.74507904, 32.38000107, 0.00000000
1, 8.3800, 738, -0.10082040, -0.99177039, 0.02402327, -17.25216866, 5.75433969, -0.40396896, -47.90996552, 9.88015175, -78.92429352, 88.74086761, -8.48801804, 69.11542511, -0.55773610, 0.60433561, 0.35201055, 0.44698715, -0.04685693, 0.00291485, -0.04724290, 99.96600342, 113.74507904, 32.38000107, 0.00000000
1, 8.3850, 739, -0.10280860, -0.99570727, 0.01769501, -17.49314690, 5.15369987, -0.13480049, -47.90996552, 9.88015175, -78.92429352, 88.64955139, -8.48692894, 69.14146423, -0.55812001, 0.60380763, 0.35179731, 0.44738916, -0.04482529, 0.00689323, -0.04249772, 99.96600342, 113.74507904, 32.38000107, 0.00000000
1, 8.3900, 740, -0.09877072, -0.99819922, 0.01696414, -17.95786476, 5.48349237, 0.47486311, -49.25460434, 9.99707699, -80.00584412, 88.57985687, -8.46120644, 69.16540527, -0.55849212, 0.60331321, 0.35178974, 0.44759777, -0.04864202, 0.00938687, -0.04315947, 99.96600342, 113.74507904, 32.38000107, 0.00000000
1, 8.3950, 741, -0.09181735, -0.99541187, 0.01784685, -18.55865860, 5.32219124, 1.17971003, -49.25460434, 9.99707699, -80.00584412, 88.48308563, -8.46660423, 69.19246674, -0.55887496, 0.60277545, 0.35152492, 0.44805226, -0.05543730, 0.00661131, -0.04547296, 99.96600342, 113.74507904, 32.38000107, 0.00000000
1, 8.4000, 742, -0.07438328, -0.99384224, 0.01101687, -18.40342140, 4.40174770, 1.85683835, -49.25460434, 9.99707699, -80.00584412, 88.38778687, -8.47548008, 69.21498871, -0.55925399, 0.60226959, 0.35122266, 0.44849637, -0.07299100, 0.00511749, -0.04024914, 99.96600342, 113.74507904, 32.38000107, 0.00000000
1, 8.4050, 743, -0.05832778, -0.99640501, 0.00848333, -18.10938644, 3.79334641, 2.64479399, -47.79304123, 9.52937698, -79.68430328, 88.29438782, -8.48834133, 69.23458099, -0.55961883, 0.60179448, 0.35089049, 0.44893897, -0.08924571, 0.00776135, -0.03929709, 99.96600342, 113.74507904, 32.38000107, 0.00000000
1, 8.4550, 744, 0.03492548, -1.03033185, -0.04686385, -20.82871246, -1.32365859, 13.21330833, -48.26074219, 9.70476437, -80.21046448, 87.32411957, -8.81077766, 69.35198975, -0.56300253, 0.59771299, 0.34593567, 0.45397794, -0.18769154, 0.04321939, -0.00042882, 99.96600342, 113.74507904, 32.38000107, 0.00000000
1, 8.4600, 745, 0.03643883, -1.03615642, -0.06138103, -21.12626266, -2.92209864, 14.40582275, -48.26074219, 9.70476437, -80.21046448, 87.22039032, -8.88370514, 69.34082794, -0.56330937, 0.59747022, 0.34506932, 0.45457569, -0.19039692, 0.04934257, 0.01230220, 99.96600342, 113.74507904, 32.38000107, 0.00000000
1, 8.4650, 746, 0.03191322, -1.04837549, -0.06324822, -21.45643425, -4.70157290, 15.87485504, -48.75767136, 9.79245853, -80.85355377, 87.11634827, -8.96443653, 69.32118225, -0.56362164, 0.59727597, 0.34411392, 0.45516768, -0.18722430, 0.06186467, 0.01236062, 99.96600342, 113.74507904, 32.38000107, 0.00000000
1, 8.4700, 747, 0.02507585, -1.06016350, -0.05404345, -21.89256668, -6.55078030, 17.30851936, -48.75767136, 9.79245853, -80.85355377, 87.01156616, -9.05286598, 69.29270172, -0.56394356, 0.59712869, 0.34306654, 0.45575267, -0.18190268, 0.07396500, 0.00133164, 99.96600342, 113.74507904, 32.38000107, 0.00000000
1, 8.4750, 748, 0.01632396, -1.06866038, -0.05339315, -22.51614380, -7.63244009, 18.62266159, -48.75767136, 9.79245853, -80.85355377, 86.90450287, -9.14820290, 69.25929260, -0.56427062, 0.59700620, 0.34194538, 0.45635048, -0.17476748, 0.08281492, -0.00117280, 99.96600342, 113.74507904, 32.38000107, 0.00000000
1, 8.4800, 749, 0.00714855, -1.07237899, -0.05197862, -23.36178780, -7.98584986, 19.99203873, -48.40689850, 9.38322163, -80.18123627, 86.79347992, -9.25055504, 69.22465515, -0.56459647, 0.59688938, 0.34076241, 0.45698467, -0.16732824, 0.08691403, -0.00449495, 99.96600342, 113.74507904, 32.38000107, 0.00000000
1, 8.4850, 750, 0.00050008, -1.07748652, -0.04738039, -23.71970558, -7.53005123, 21.19923210, -48.40689850, 9.38322163, -80.18123627, 86.68028259, -9.35887146, 69.19287109, -0.56489956, 0.59677142, 0.33955148, 0.45766488, -0.16253151, 0.09242345, -0.01103419, 99.96600342, 113.74507904, 32.38000107, 0.00000000
1, 8.4900, 751, 0.00751828, -1.07931256, -0.05655161, -24.36830711, -6.61843300, 22.17562675, -49.07921600, 9.90938282, -80.35662079, 86.56527710, -9.43157864, 69.16477203, -0.56533331, 0.59651935, 0.33854660, 0.45820224, -0.17111221, 0.09464191, -0.00381767, 99.96600342, 113.74507904, 32.38000107, 0.00000000
1, 8.4950, 752, 0.01550732, -1.07397914, -0.05987413, -25.11255646, -9.19502640, 24.78765297, -49.07921600, 9.90938282, -80.35662079, 86.44640350, -9.55847168, 69.12613678, -0.56562263, 0.59645098, 0.33717227, 0.45894676, -0.18086126, 0.08973076, -0.00246582, 99.96600342, 113.74507904, 32.38000107, 0.00000000
1, 8.5000, 753, 0.02170840, -1.06765544, -0.05484891, -25.44304657, -10.94052410, 26.29255104, -49.07921600, 9.90938282, -80.35662079, 86.32733154, -9.69350815, 69.07939911, -0.56591451, 0.59643006, 0.33570826, 0.45968676, -0.18936384, 0.08391309, -0.00948456, 99.96600342, 113.74507904, 32.38000107, 0.00000000
1, 8.6050, 754, -0.02162103, -1.27939427, -0.10391194, -24.60610390, -18.73092842, 77.23735809, -51.85618210, 10.58170128, -81.11663055, 83.70412445, -15.12483788, 67.44650269, -0.56539166, 0.60453486, 0.28566664, 0.48297468, -0.23736572, 0.31952640, -0.00369793, 99.96600342, 113.74507904, 32.38000107, 0.00000000
1, 8.6100, 755, 0.01839155, -1.31996536, -0.07325928, -25.26161957, -13.79807281, 80.48292542, -51.85618210, 10.58170128, -81.11663055, 83.58522034, -15.53277111, 67.42230988, -0.56452125, 0.60520470, 0.28267413, 0.48491076, -0.28427732, 0.36210716, -0.03604288, 99.96600342, 113.74507904, 32.38000107, 0.00000000
1, 8.6150, 756, 0.05798093, -1.32655931, -0.06981488, -27.65173912, -12.78442383, 82.39527130, -52.35311127, 11.19555664, -81.52587128, 83.45256042, -15.94969749, 67.40538788, -0.56365275, 0.60580915, 0.27960151, 0.48694345, -0.33084685, 0.37087888, -0.04134079, 99.96700287, 113.66096497, 32.41999817, 0.00000000
1, 8.6200, 757, 0.11672939, -1.32256663, -0.05857001, -30.22417259, -11.35882187, 84.49501801, -52.35311127, 11.19555664, -81.52587128, 83.30452728, -16.37628555, 67.39813995, -0.56278133, 0.60633671, 0.27644980, 0.48908958, -0.39673626, 0.36917916, -0.05459998, 99.96700287, 113.66096497, 32.41999817, 0.00000000
1, 8.6250, 758, 0.16441661, -1.31659448, -0.01171293, -32.12531281, -9.67186356, 86.10173035, -52.35311127, 11.19555664, -81.52587128, 83.14389801, -16.80987358, 67.40180206, -0.56189662, 0.60679120, 0.27325198, 0.49133492, -0.45176870, 0.36556366, -0.10369450, 99.96700287, 113.66096497, 32.41999817, 0.00000000
1, 8.6300, 759, 0.17477559, -1.29111278, 0.05357369, -35.59446335, -7.78414822, 87.48780823, -53.23004913, 11.19555664, -81.46740723, 82.96240234, -17.24922943, 67.41754913, -0.56104183, 0.60712677, 0.26998484, 0.49369776, -0.46960640, 0.34253776, -0.17156106, 99.96700287, 113.66096497, 32.41999817, 0.00000000
1, 8.6350, 760, 0.17697899, -1.27158225, 0.08074225, -39.47373199, -7.38617134, 88.38793182, -53.23004913, 11.19555664, -81.46740723, 82.76013947, -17.69278145, 67.43750763, -0.56025565, 0.60735899, 0.26661512, 0.49613017, -0.47924733, 0.32565475, -0.20166826, 99.96700287, 113.66096497, 32.41999817, 0.00000000
1, 8.6400, 761, 0.18073344, -1.25601959, 0.10436458, -43.12828445, -10.82225418, 89.47422028, -53.93159866, 11.66325665, -81.11663055, 82.56074524, -18.11235428, 67.43659210, -0.55963486, 0.60758150, 0.26327708, 0.49833593, -0.49025822, 0.31277731, -0.22834198, 99.96700287, 113.66096497, 32.41999817, 0.00000000
1, 8.6450, 762, 0.17070960, -1.23832166, 0.15613939, -45.12807083, -18.67481613, 90.85481262, -53.93159866, 11.66325665, -81.11663055, 82.34690857, -18.57558441, 67.40279388, -0.55905354, 0.60792732, 0.25943336, 0.50057763, -0.48772681, 0.29784849, -0.28319779, 99.96700287, 113.66096497, 32.41999817, 0.00000000
1, 8.6500, 763, 0.16915962, -1.23147118, 0.22006366, -45.65796661, -27.45840263, 92.36974335, -54.01929092, 11.66325665, -81.35047913, 82.14459229, -19.05242538, 67.32583618, -0.55854052, 0.60845643, 0.25531790, 0.50261927, -0.49416304, 0.29397339, -0.35012627, 99.96700287, 113.66096497, 32.41999817, 0.00000000
1, 8.7600, 764, 0.07799859, -0.79517341, 0.24698497, -45.56397247, -107.24671936, 59.72599411, -56.09470749, 15.81408882, -79.45045471, 82.07384491, -31.04176140, 55.06007004, -0.56328231, 0.65426522, 0.11341281, 0.49171913, -0.59293544, -0.05460598, -0.36657280, 99.96700287, 113.66096497, 32.41999817, 0.00000000
1, 8.7650, 765, 0.18324079, -0.69808733, 0.18088923, -47.51501083, -106.64259338, 51.21249390, -55.83162689, 15.87255192, -78.71967316, 82.13520813, -31.37004852, 54.48439407, -0.56404835, 0.65563178, 0.10830508, 0.49016979, -0.70306402, -0.14868593, -0.29875445, 99.96700287, 113.66096497, 32.41999817, 0.00000000
1, 8.7700, 766, 0.25396463, -0.59473395, 0.19059969, -46.64791489, -111.81115723, 46.24105835, -55.83162689, 15.87255192, -78.71967316, 82.22260284, -31.67662239, 53.87226486, -0.56490308, 0.65708578, 0.10322686, 0.48833102, -0.77842593, -0.24942601, -0.30652851, 99.96700287, 113.66096497, 32.41999817, 0.00000000
1, 8.7750, 767, 0.27406946, -0.51715934, 0.29679596, -39.89318848, -142.73870850, 38.30230713, -55.89009094, 16.22332573, -78.45658875, 82.44637299, -31.96326828, 53.07052994, -0.56585056, 0.65930444, 0.09775210, 0.48536110, -0.80312729, -0.32488388, -0.40947998, 99.96700287, 113.66096497, 32.41999817, 0.00000000
1, 8.7800, 768, 0.29668072, -0.48033813, 0.41754580, -35.72453308, -164.64048767, 35.09828949, -55.89009094, 16.22332573, -78.45658875, 82.76592255, -32.24502182, 52.13407898, -0.56681043, 0.66204298, 0.09191113, 0.48164043, -0.83022475, -0.35987353, -0.52543783, 99.96700287, 113.66096497, 32.41999817, 0.00000000
1, 8.7850, 769, 0.32838273, -0.47711751, 0.54173100, -32.89846802, -187.31680298, 31.75269318, -55.89009094, 16.22332573, -78.45658875, 83.17874908, -32.51911163, 51.05695724, -0.56781358, 0.66527236, 0.08565842, 0.47714049, -0.86631107, -0.36145285, -0.64351153, 99.96700287, 113.66096497, 32.41999817, 0.00000000
1, 8.7900, 770, 0.36030781, -0.49649301, 0.63102490, -31.85128975, -210.19192505, 27.33838654, -55.77316666, 16.22332573, -77.49195862, 83.72399902, -32.74772263, 49.81260681, -0.56886840, 0.66914326, 0.07921841, 0.47155118, -0.90210575, -0.34076512, -0.72516620, 99.96700287, 113.66096497, 32.41999817, 0.00000000
1, 8.7950, 771, 0.36414480, -0.52786314, 0.67716563, -31.74633598, -231.80213928, 22.12496948, -55.77316666, 16.22332573, -77.49195862, 84.30256653, -32.98092651, 48.45454025, -0.57009977, 0.67316830, 0.07215030, 0.46542993, -0.90936089, -0.30826563, -0.76263446, 99.96700287, 113.66096497, 32.41999817, 0.00000000
1, 8.9050, 772, -0.31268135, -0.86059272, 0.47064522, -29.00478745, -125.35464478, -118.63097382, -44.86991882, 13.53405380, -70.35954285, 95.97109222, -27.12008095, 20.50410271, -0.60926861, 0.73866415, -0.02587780, 0.28722373, -0.14691028, -0.02414767, -0.38092929, 99.96700287, 113.66096497, 32.41999817, 0.00000000
1, 8.9100, 773, -0.31361479, -0.84690559, 0.44522369, -27.71050835, -121.86669159, -124.20773315, -44.86991882, 13.53405380, -70.35954285, 96.10446167, -26.43962097, 19.89722061, -0.61156887, 0.73956734, -0.02547876, 0.27995443, -0.13543242, -0.04287011, -0.35282084, 99.96700287, 113.66096497, 32.41999817, 0.00000000
1, 8.9150, 774, -0.32386261, -0.83408809, 0.41410553, -26.13319016, -118.27009583, -129.85559082, -43.20374298, 12.86173630, -70.06723022, 96.22650909, -25.73176575, 19.31891823, -0.61385530, 0.74043083, -0.02478081, 0.27263510, -0.11413239, -0.06081119, -0.31918555, 99.96700287, 113.66096497, 32.41999817, 0.00000000
1, 8.9200, 775, -0.33921865, -0.82679701, 0.39042729, -24.20569038, -114.15486908, -135.21514893, -43.20374298, 12.86173630, -70.06723022, 96.33831787, -24.99839973, 18.77153969, -0.61611122, 0.74125767, -0.02377511, 0.26529008, -0.08727022, -0.07330593, -0.29314798, 99.96700287, 113.66096497, 32.41999817, 0.00000000
1, 8.9250, 776, -0.35295320, -0.82347596, 0.37559476, -22.23854065, -110.38658142, -140.61846924, -41.68371964, 12.36480522, -69.86260986, 96.44150543, -24.23930931, 18.25285149, -0.61833262, 0.74205387, -0.02246918, 0.25790697, -0.06157312, -0.08189569, -0.27607554, 99.96700287, 113.66096497, 32.41999817, 0.00000000
1, 8.9300, 777, -0.36267510, -0.81857848, 0.36509326, -20.08729744, -107.04442596, -145.61372375, -41.68371964, 12.36480522, -69.86260986, 96.53855896, -23.45639420, 17.75994873, -0.62050611, 0.74282879, -0.02088574, 0.25048268, -0.03944147, -0.09208856, -0.26341131, 99.96700287, 113.66096497, 32.41999817, 0.00000000
1, 8.9350, 778, -0.36655277, -0.81422997, 0.34490293, -17.90195084, -103.56438446, -150.53602600, -41.68371964, 12.36480522, -69.86260986, 96.62999725, -22.65023613, 17.29321289, -0.62262648, 0.74358195, -0.01902334, 0.24302344, -0.02267736, -0.10171278, -0.24111210, 99.96700287, 113.66096497, 32.41999817, 0.00000000
1, 8.9400, 779, -0.36447287, -0.81204569, 0.33121070, -15.32406521, -100.43790436, -156.55833435, -40.60216141, 11.80941200, -69.16106415, 96.73233032, -21.81650925, 16.84672928, -0.62460798, 0.74440110, -0.01686014, 0.23547339, -0.01135787, -0.10917639, -0.22522917, 99.96700287, 113.66096497, 32.41999817, 0.00000000
1, 8.9450, 780, -0.36450303, -0.80379617, 0.30239820, -12.11057663, -93.93312836, -162.33296204, -40.60216141, 11.80941200, -69.16106415, 96.81552887, -20.95588303, 16.44712448, -0.62658978, 0.74512237, -0.01428884, 0.22797759, 0.00257430, -0.12264222, -0.19429430, 99.96700287, 113.66096497, 32.41999817, 0.00000000
1, 8.9500, 781, -0.35873172, -0.80439055, 0.27976981, -9.00153732, -90.27997589, -166.87730408, -38.93598175, 11.69248772, -69.59953308, 96.89944458, -20.07425499, 16.07340622, -0.62847608, 0.74584424, -0.01143792, 0.22046208, 0.01116495, -0.12722480, -0.16965361, 99.96700287, 113.66096497, 32.41999817, 0.00000000
1, 9.0350, 782, -0.08058505, -1.06802619, 0.24295515, 39.79898071, -42.32109451, -214.79751587, -26.30809593, 11.19555664, -69.48260498, 99.16218567, -2.79000020, 13.31604385, -0.64165890, 0.75779575, 0.07256596, 0.09356125, 0.02652843, 0.08166854, -0.08677037, 99.96700287, 113.66096497, 32.41999817, 0.00000000
1, 9.0400, 783, -0.07830086, -1.08039713, 0.25260428, 41.29965591, -45.76336670, -214.51307678, -26.30809593, 11.19555664, -69.48260498, 99.37135315, -1.69601905, 13.26119041, -0.64127970, 0.75842893, 0.07852384, 0.08590671, 0.04331027, 0.09377100, -0.09275195, 99.96700287, 113.66096497, 32.41999817, 0.00000000
1, 9.0450, 784, -0.11774828, -1.10059488, 0.27572164, 41.50662613, -50.71517944, -212.74093628, -26.30809593, 11.19555664, -69.48260498, 99.57775879, -0.60470343, 13.18445015, -0.64086610, 0.75900197, 0.08428558, 0.07811930, 0.10175191, 0.11405890, -0.11233816, 99.96700287, 113.66096497, 32.41999817, 0.00000000
1, 9.0500, 785, -0.27676752, -1.12559843, 0.28206849, 40.88916016, -54.99311829, -210.31129456, -24.67114830, 9.90938282, -69.54106903, 99.77972412, 0.47844377, 13.08850479, -0.64041966, 0.75951070, 0.08983711, 0.07025351, 0.27968490, 0.13953532, -0.11560945, 99.96700287, 113.66096497, 32.41999817, 0.00000000
1, 9.0550, 786, -0.44754201, -1.13671315, 0.24037516, 38.40928650, -56.97934723, -202.40527344, -24.67114830, 9.90938282, -69.54106903, 99.96737671, 1.52461469, 12.97970963, -0.63998061, 0.75991923, 0.09505549, 0.06254674, 0.46901125, 0.15152109, -0.07110751, 99.96700287, 113.66096497, 32.41999817, 0.00000000
1, 9.0600, 787, -0.56302917, -1.14872193, 0.20941614, 38.48395920, -50.33360672, -197.69104004, -22.94650650, 11.22478771, -69.57029724, 100.15464020, 2.54215837, 12.90295410, -0.63944411, 0.76026744, 0.10029590, 0.05518635, 0.60245293, 0.16469339, -0.03734060, 99.96700287, 113.66096497, 32.41999817, 0.00000000
1, 9.0650, 788, -0.65914339, -1.15021515, 0.19166188, 38.08438110, -42.87301636, -193.72245789, -22.94650650, 11.22478771, -69.57029724, 100.34059143, 3.53384686, 12.86273575, -0.63882703, 0.76054353, 0.10560458, 0.04818131, 0.71600139, 0.16762595, -0.01677038, 99.96700287, 113.66096497, 32.41999817, 0.00000000
1, 9.0700, 789, -0.71006835, -1.18946087, 0.14938076, 35.37017059, -35.37736130, -190.59992981, -22.94650650, 11.22478771, -69.57029724, 100.51488495, 4.50353527, 12.85974503, -0.63821048, 0.76068485, 0.11100512, 0.04152092, 0.78402346, 0.20859902, 0.02815022, 99.96700287, 113.66096497, 32.41999817, 0.00000000
1, 9.0750, 790, -0.72209668, -1.24838877, 0.11842712, 32.98443985, -27.78820801, -183.97412109, -21.45571518, 12.54019260, -69.01490784, 100.68025970, 5.43370485, 12.89102077, -0.63757837, 0.76072454, 0.11638545, 0.03530566, 0.81249875, 0.26944432, 0.06159954, 99.96700287, 113.66096497, 32.41999817, 0.00000000
1, 9.0800, 791, -0.71655089, -1.27310276, 0.11737271, 31.12559891, -22.15665054, -175.40370178, -21.45571518, 12.54019260, -69.01490784, 100.83923340, 6.31644869, 12.94482327, -0.63692427, 0.76069868, 0.12162819, 0.02952303, 0.82248819, 0.29618648, 0.06507239, 99.96700287, 113.66096497, 32.41999817, 0.00000000
1, 9.1900, 792, 0.63869017, -2.10934067, -0.49471635, -34.47832108, -44.51828766, 177.90896606, -17.01256943, 13.27097321, -70.33031464, 101.12576294, 7.59068727, 8.88691044, -0.63589364, 0.76505429, 0.10162590, -0.00186177, -0.50184333, 1.13821530, 0.68503702, 99.96700287, 113.66096497, 32.41999817, 0.00000000
1, 9.1950, 793, 0.95907313, -1.99979651, -0.73616308, -38.03469086, -33.24974060, 162.72976685, -17.01256943, 13.27097321, -70.33031464, 100.89746857, 6.82280445, 8.56693840, -0.63729167, 0.76470858, 0.09527389, 0.00172313, -0.83521879, 1.02656281, 0.92386454, 99.96700287, 113.66096497, 32.41999817, 0.00000000
1, 9.2000, 794, 1.05382979, -1.76041806, -0.91494572, -35.89144897, -41.20772934, 143.72480774, -18.35720444, 12.83250523, -71.00263214, 100.68170929, 6.15443993, 8.22885513, -0.63862175, 0.76430517, 0.08932879, 0.00450465, -0.94157022, 0.78537959, 1.09980226, 99.96700287, 113.66096497, 32.41999817, 0.00000000
1, 9.2050, 795, 0.80205452, -1.45524228, -0.96122515, -25.41542244, -78.67376709, 127.94148254, -18.35720444, 12.83250523, -71.00263214, 100.50463104, 5.59673738, 7.72282219, -0.63972384, 0.76410508, 0.08286223, 0.00555661, -0.69984090, 0.47861934, 1.14292836, 99.96700287, 113.66096497, 32.41999817, 0.00000000
1, 9.2100, 796, 0.25917304, -1.20217133, -0.88863534, -11.51805305, -130.26907349, 117.24595642, -17.97719955, 9.79245853, -71.38263702, 100.37860870, 5.13682795, 6.97349834, -0.64051974, 0.76422673, 0.07530910, 0.00454018, -0.16552715, 0.22419943, 1.06718683, 99.96700287, 113.66096497, 32.41999817, 0.00000000
1, 9.2150, 797, -0.43278861, -0.98068738, -0.67937911, 2.82979417, -173.92805481, 111.32568359, -17.97719955, 9.79245853, -71.38263702, 100.31175232, 4.74380779, 6.01516485, -0.64093798, 0.76468450, 0.06672932, 0.00185582, 0.51882768, 0.00149862, 0.85527408, 99.96700287, 113.66096497, 32.41999817, 0.00000000
1, 9.2200, 798, -0.90870225, -0.87490368, -0.49645299, 17.66113472, -203.05131531, 112.44068909, -17.97719955, 9.79245853, -71.38263702, 100.31385803, 4.37084913, 4.91283703, -0.64088792, 0.76549131, 0.05729289, -0.00181261, 0.98776370, -0.10514275, 0.67123771, 99.96700287, 113.66096497, 32.41999817, 0.00000000
1, 9.2250, 799, -1.37416959, -0.70220971, -0.08261571, 28.98057365, -249.24191284, 119.57310486, -18.56182289, 12.71557999, -71.85033417, 100.36267090, 4.00441647, 3.57670212, -0.64049506, 0.76653379, 0.04631710, -0.00685006, 1.44582546, -0.27887839, 0.25719434, 99.96700287, 113.66096497, 32.41999817, 0.00000000
1, 9.2300, 800, -1.64927578, -0.59018338, 0.41322219, 41.32498932, -244.91511536, 126.63468170, -18.56182289, 12.71557999, -71.85033417, 100.48313141, 3.60145617, 2.25566292, -0.63958824, 0.76782352, 0.03521691, -0.01156987, 1.71286297, -0.39185670, -0.23731998, 99.96700287, 113.66096497, 32.41999817, 0.00000000
1, 9.2350, 801, -1.84374154, -0.50849640, 1.13319731, 49.25891876, -206.12339783, 129.98205566, -17.91873741, 12.59865570, -71.49955750, 100.66410828, 3.15033531, 1.12218463, -0.63827288, 0.76925701, 0.02508121, -0.01490964, 1.89789009, -0.47464663, -0.95468146, 99.96700287, 113.66096497, 32.41999817, 0.00000000
1, 9.3450, 802, -0.29578665, -0.98499727, 0.01052495, 3.37506032, -30.86292458, 45.39553452, -21.77725792, 10.64016342, -71.90879822, 101.68242645, -4.27980518, -0.05882365, -0.63104635, 0.77484578, -0.02397670, 0.02862918, 0.22196132, 0.00833425, 0.18891574, 99.96700287, 113.66096497, 32.41999817, 0.00000000
1, 9.3500, 803, -0.37328067, -1.00721335, 0.05711512, 4.33588648, -22.45509911, 43.72594833, -21.77725792, 10.64016342, -71.90879822, 101.71642303, -4.47132683, -0.21322529, -0.63081664, 0.77494848, -0.02606663, 0.02908170, 0.29600680, 0.03084163, 0.14263004, 99.96700287, 113.66096497, 32.41999817, 0.00000000
1, 9.3550, 804, -0.40902525, -1.02476442, 0.13943951, 2.89724660, -12.89644623, 41.13286591, -21.77725792, 10.64016342, -71.90879822, 101.73977661, -4.65972424, -0.31818551, -0.63064730, 0.77499920, -0.02780720, 0.02978378, 0.32824799, 0.04860736, 0.06058951, 99.96700287, 113.66096497, 32.41999817, 0.00000000
1, 9.3600, 805, -0.40844414, -1.02615082, 0.19572185, 0.68169141, -6.88223314, 37.90436172, -21.74802589, 10.61093235, -72.17187500, 101.74961853, -4.83837986, -0.39041156, -0.63056272, 0.77498227, -0.02927592, 0.03059728, 0.32437241, 0.05020113, 0.00447276, 99.96700287, 113.66096497, 32.41999817, 0.00000000
1, 9.3650, 806, -0.38889846, -1.02362168, 0.20998283, 0.32140455, -4.10994196, 35.45127106, -21.74802589, 10.61093235, -72.17187500, 101.75649261, -5.00782394, -0.44656458, -0.63049555, 0.77495271, -0.03058581, 0.03143632, 0.30180925, 0.04792164, -0.00967321, 99.96700287, 113.66096497, 32.41999817, 0.00000000
1, 9.3700, 807, -0.35217521, -1.01975727, 0.21449423, 1.74628389, -1.59800565, 34.33628082, -21.95264435, 11.13709450, -72.52265167, 101.76944733, -5.17431641, -0.48927608, -0.63038373, 0.77495849, -0.03178662, 0.03233114, 0.26217335, 0.04434133, -0.01394461, 99.96700287, 113.66096497, 32.41999817, 0.00000000
1, 9.3750, 808, -0.29014152, -1.01487398, 0.25010511, 2.78685689, 3.37384987, 33.63533783, -21.95264435, 11.13709450, -72.52265167, 101.78539276, -5.34238958, -0.50688255, -0.63024336, 0.77498507, -0.03282515, 0.03337583, 0.19714160, 0.03971508, -0.04918151, 99.96700287, 113.66096497, 32.41999817, 0.00000000
1, 9.3800, 809, -0.20680147, -1.00221181, 0.31210288, 2.60394883, 9.39338398, 32.37906265, -21.95264435, 11.13709450, -72.52265167, 101.79756927, -5.51041174, -0.49364531, -0.63011831, 0.77499801, -0.03365557, 0.03458889, 0.11072116, 0.02726860, -0.11078145, 99.96700287, 113.66096497, 32.41999817, 0.00000000
1, 9.3850, 810, -0.10913283, -0.97692668, 0.38104621, 1.81450689, 12.49578094, 30.53518677, -21.92341423, 10.66939449, -72.05495453, 101.80406189, -5.67256546, -0.46329290, -0.63002610, 0.77498537, -0.03433944, 0.03585472, 0.01002735, 0.00217072, -0.17935865, 99.96700287, 113.66096497, 32.41999817, 0.00000000
1, 9.3900, 811, -0.10028235, -0.96640110, 0.39179531, 1.05511296, 13.21867180, 29.15999794, -21.92341423, 10.66939449, -72.05495453, 101.86731720, -5.82736588, -0.43232977, -0.62954980, 0.77528650, -0.03496023, 0.03709148, -0.00157223, -0.00798560, -0.18954983, 99.96700287, 113.66096497, 32.41999817, 0.00000000
1, 9.4500, 812, -0.01357661, -0.90697503, 0.17181307, -3.36801434, 9.63386631, 21.59463501, -23.58959389, 10.90324497, -72.28880310, 101.58865356, -7.44709682, 0.54074627, -0.63052738, 0.77343106, -0.03740120, 0.05329867, -0.11596809, -0.06470801, 0.02594273, 99.96700287, 113.66096497, 32.41999817, 0.00000000
1, 9.4550, 813, -0.01170782, -0.90206778, 0.14869905, -1.85497773, 5.21195078, 22.06586456, -23.58959389, 10.90324497, -72.28880310, 101.57918549, -7.56043291, 0.54433769, -0.63054514, 0.77333301, -0.03800550, 0.05407985, -0.11974972, -0.06936628, 0.04881239, 99.96700287, 113.66096497, 32.41999817, 0.00000000
1, 9.4600, 814, -0.00867750, -0.90572739, 0.16034059, -0.10389141, 1.63433492, 22.27376938, -23.73575020, 10.81555080, -71.67494965, 101.58084106, -7.67119455, 0.53004467, -0.63049668, 0.77329046, -0.03871108, 0.05474884, -0.12473725, -0.06547770, 0.03710319, 99.96700287, 113.66096497, 32.41999817, 0.00000000
1, 9.4650, 815, -0.00930072, -0.92029047, 0.19838510, 0.29120341, -1.57241738, 22.50777626, -23.73575020, 10.81555080, -71.67494965, 101.58667755, -7.77990723, 0.49965248, -0.63042819, 0.77326536, -0.03951193, 0.05531687, -0.12609608, -0.05070841, -0.00092639, 99.96700287, 113.66096497, 32.41999817, 0.00000000
1, 9.4700, 816, -0.00846647, -0.93527699, 0.22469242, -0.37360290, -2.48346376, 22.49452400, -24.08652496, 11.60479355, -72.05495453, 101.58984375, -7.88766479, 0.46474028, -0.63038003, 0.77322322, -0.04033920, 0.05585268, -0.12886071, -0.03550049, -0.02723873, 99.96700287, 113.66096497, 32.41999817, 0.00000000
1, 9.4750, 817, -0.02480991, -0.94626844, 0.21972969, -1.11884880, -2.56557059, 22.74741745, -24.08652496, 11.60479355, -72.05495453, 101.58943176, -7.99657488, 0.42916295, -0.63035583, 0.77315974, -0.04117897, 0.05639136, -0.11438390, -0.02424369, -0.02238127, 99.96700287, 113.66096497, 32.41999817, 0.00000000
1, 9.4800, 818, -0.06718536, -0.96276391, 0.21723442, -1.49642909, -3.65313244, 22.93661308, -24.08652496, 11.60479355, -72.05495453, 101.58802032, -8.10533333, 0.38800713, -0.63034093, 0.77308750, -0.04205596, 0.05689792, -0.07388307, -0.00748872, -0.02009201, 99.96700287, 113.66096497, 32.41999817, 0.00000000
1, 9.4850, 819, -0.12888874, -0.97913694, 0.22361350, -2.30285478, -4.53897762, 23.27628708, -23.79421234, 10.20169544, -72.43495941, 101.58329010, -8.21489334, 0.34211007, -0.63035041, 0.77299368, -0.04297096, 0.05738252, -0.01408277, 0.00912465, -0.02677050, 99.96700287, 113.66096497, 32.41999817, 0.00000000
1, 9.4900, 820, -0.19746266, -0.99464917, 0.20943932, -2.78076577, -3.19138908, 23.55985832, -23.79421234, 10.20169544, -72.43495941, 101.57559967, -8.35727119, 0.30211622, -0.63036299, 0.77286881, -0.04402819, 0.05811964, 0.05234067, 0.02494702, -0.01297165, 99.96700287, 113.66096497, 32.41999817, 0.00000000
1, 9.4950, 821, -0.27971551, -1.00653148, 0.18025635, -2.95923495, -0.16595559, 23.70434380, -24.29114342, 9.55860806, -72.17187500, 101.56472015, -8.47328758, 0.27745166, -0.63040000, 0.77274352, -0.04483859, 0.05876192, 0.13241981, 0.03716486, 0.01574460, 99.96700287, 113.66096497, 32.41999817, 0.00000000
1, 9.5200, 822, -0.28106272, -1.03823173, 0.23260371, -2.78728461, 37.46564484, 18.85056686, -24.37883568, 8.36012840, -72.49342346, 101.43313599, -9.09319973, 0.73947775, -0.63075578, 0.77189523, -0.04521011, 0.06542841, 0.12299609, 0.06995666, -0.03908793, 99.96700287, 113.66096497, 32.41999817, 0.00000000
1, 9.5250, 823, -0.31710121, -1.00487578, 0.23241116, -0.86671793, 40.31425476, 18.40328407, -24.37883568, 8.36012840, -72.49342346, 101.40006256, -9.22300529, 0.92137706, -0.63080966, 0.77171981, -0.04471967, 0.06729017, 0.15679625, 0.03683283, -0.03959865, 99.96700287, 113.66096497, 32.41999817, 0.00000000
1, 9.5300, 824, -0.34360662, -1.02723181, 0.17635159, 0.18288086, 49.87277603, 15.25274372, -24.37883568, 8.36012840, -72.49342346, 101.36360931, -9.34660816, 1.15403748, -0.63085353, 0.77154768, -0.04385638, 0.06938820, 0.18129122, 0.05951071, 0.01572567, 99.96700287, 113.66096497, 32.41999817, 0.00000000
1, 9.5350, 825, -0.18279667, -1.04959357, 0.17142999, 0.10331704, 59.88614655, 17.45535278, -24.67114830, 11.19555664, -71.87957001, 101.31848145, -9.49059296, 1.43448389, -0.63090813, 0.77133435, -0.04279071, 0.07188296, 0.01813406, 0.08210701, 0.02015718, 99.96700287, 113.66096497, 32.41999817, 0.00000000
1, 9.5400, 826, 0.01016467, -1.02377796, 0.18612699, 4.06560373, 56.40400696, 20.30135155, -24.67114830, 11.19555664, -71.87957001, 101.29202271, -9.60300636, 1.69612396, -0.63085753, 0.77123046, -0.04166716, 0.07406888, -0.17714642, 0.05654402, 0.00541543, 99.96700287, 113.66096497, 32.41999817, 0.00000000
1, 9.5450, 827, 0.06112653, -1.01380253, 0.21999210, 0.94137734, 41.82318497, 22.97301674, -24.96346092, 9.70476437, -71.87957001, 101.26582336, -9.75625229, 1.88162625, -0.63082463, 0.77107942, -0.04128233, 0.07610966, -0.23049071, 0.04681046, -0.02881547, 99.96700287, 113.66096497, 32.41999817, 0.00000000
1, 9.5500, 828, 0.09252447, -0.96868873, 0.19605824, -2.51182485, 36.09235764, 22.49480438, -24.96346092, 9.70476437, -71.87957001, 101.22663879, -9.90153694, 2.03922987, -0.63089675, 0.77085006, -0.04105103, 0.07793835, -0.26434487, 0.00203690, -0.00544160, 99.96700287, 113.66096497, 32.41999817, 0.00000000
1, 9.5550, 829, 0.07096409, -0.96246171, 0.20044413, -1.44489074, 33.64634705, 24.66626358, -24.96346092, 9.70476437, -71.87957001, 101.19487762, -10.05500507, 2.18269086, -0.63091880, 0.77065206, -0.04095623, 0.07974634, -0.24540021, -0.00386126, -0.01052345, 99.96700287, 113.66096497, 32.41999817, 0.00000000
1, 9.5600, 830, 0.00080590, -0.97486639, 0.19265431, -0.61607879, 23.93518448, 24.66960526, -25.22654152, 11.40017509, -72.14264679, 101.17536163, -10.19907856, 2.27788758, -0.63089395, 0.77050853, -0.04112634, 0.08122958, -0.17774354, 0.00892030, -0.00339923, 99.96700287, 113.66096497, 32.41999817, 0.00000000
1, 9.5650, 831, -0.09678013, -0.97078001, 0.17477243, -0.11398605, 20.60098839, 24.44353294, -25.22654152, 11.40017509, -72.14264679, 101.16103363, -10.33880901, 2.35675836, -0.63084561, 0.77038932, -0.04137897, 0.08259530, -0.08253342, 0.00523925, 0.01389623, 99.96700287, 113.66096497, 32.41999817, 0.00000000
1, 9.5950, 832, -0.20509940, -1.00874090, 0.20086323, -1.41625738, 25.36038017, 24.50344849, -25.92809105, 11.02016926, -72.08418274, 100.99604797, -11.19833851, 2.88883448, -0.63097119, 0.76924145, -0.04268694, 0.09121801, 0.01100923, 0.04536109, -0.01578219, 99.96700287, 113.66096497, 32.41999817, 0.00000000
1, 9.6000, 833, -0.20564191, -1.01926196, 0.19840907, -1.67304623, 26.05017281, 24.69841957, -25.92809105, 11.02016926, -72.08418274, 100.96716309, -11.34422684, 2.99546456, -0.63097495, 0.76904649, -0.04280269, 0.09276952, 0.00906709, 0.05628107, -0.01390848, 99.96700287, 113.66096497, 32.41999817, 0.00000000
1, 9.6050, 834, -0.21083876, -1.02101374, 0.18836839, -2.55241346, 28.07399178, 24.23206902, -26.13270950, 11.02016926, -71.87957001, 100.93146515, -11.48968601, 3.11282253, -0.63101244, 0.76881784, -0.04285051, 0.09437418, 0.01179336, 0.05843185, -0.00454969, 99.96700287, 113.66096497, 32.41999817, 0.00000000
1, 9.6100, 835, -0.20303544, -1.01698947, 0.18137579, -2.53003979, 29.18652534, 24.32840919, -26.13270950, 11.02016926, -71.87957001, 100.89446259, -11.63659096, 3.23582125, -0.63104898, 0.76858300, -0.04287064, 0.09601857, 0.00151024, 0.05479782, 0.00174376, 99.96700287, 113.66096497, 32.41999817, 0.00000000
1, 9.6150, 836, -0.19708517, -1.01167047, 0.18267642, -1.89168239, 29.48965836, 24.99349785, -26.13270950, 11.02016926, -71.87957001, 100.86013794, -11.78695774, 3.35986328, -0.63106012, 0.76836115, -0.04290181, 0.09769231, -0.00699536, 0.04988123, -0.00022234, 99.96700287, 113.66096497, 32.41999817, 0.00000000
1, 9.6200, 837, -0.17658296, -1.00648284, 0.20044944, -1.40122688, 30.30865288, 25.88307953, -26.71733475, 10.84478188, -71.70417786, 100.82724762, -11.94238949, 3.48733091, -0.63105065, 0.76814544, -0.04293793, 0.09941867, -0.03017995, 0.04510137, -0.01859120, 99.96700287, 113.66096497, 32.41999817, 0.00000000
1, 9.6250, 838, -0.14720343, -0.99970889, 0.20212685, -1.37350881, 31.09539223, 26.49736786, -26.71733475, 10.84478188, -71.70417786, 100.79342651, -12.10148621, 3.61832428, -0.63103706, 0.76792353, -0.04297265, 0.10118793, -0.06226538, 0.03878042, -0.02085355, 99.96700287, 113.66096497, 32.41999817, 0.00000000
1, 9.6300, 839, -0.11486648, -0.99307382, 0.17876433, -1.08868730, 31.18984032, 27.02177429, -27.03887749, 10.40631390, -71.96726227, 100.76063538, -12.26317310, 3.74947596, -0.63100976, 0.76770568, -0.04302087, 0.10297509, -0.09729351, 0.03265906, 0.00193343, 99.96700287, 113.66096497, 32.41999817, 0.00000000
1, 9.7000, 840, 0.07963079, -1.06828976, 0.12092923, -8.09516621, 31.44838715, 54.56298828, -28.61736298, 11.07863140, -71.82110596, 100.04650116, -15.16486263, 5.30550575, -0.63149685, 0.76271421, -0.04952897, 0.13048300, -0.34027320, 0.11742759, 0.04622921, 99.96700287, 113.66096497, 32.41999817, 0.00000000
1, 9.7050, 841, 0.09361260, -1.06787074, 0.13455932, -7.86731815, 30.83162498, 57.13924026, -29.64045525, 9.50014591, -72.52265167, 99.97975922, -15.47294331, 5.41191483, -0.63149309, 0.76219869, -0.05062117, 0.13306858, -0.35942617, 0.11816835, 0.03128021, 99.96700287, 113.66096497, 32.41999817, 0.00000000
1, 9.7100, 842, 0.10078309, -1.06666160, 0.13790067, -8.49915218, 30.72855568, 59.77375031, -29.64045525, 9.50014591, -72.52265167, 99.90996552, -15.79379654, 5.51598597, -0.63148916, 0.76165444, -0.05180699, 0.13572092, -0.37194374, 0.11821827, 0.02656798, 99.96700287, 113.66096497, 32.41999817, 0.00000000
1, 9.7150, 843, 0.10635266, -1.06317568, 0.13205895, -9.55993462, 30.89098358, 62.80561066, -29.64045525, 9.50014591, -72.52265167, 99.83467865, -16.12960434, 5.61880064, -0.63149697, 0.76106626, -0.05309477, 0.13845877, -0.38307124, 0.11608990, 0.03093047, 99.96700287, 113.66096497, 32.41999817, 0.00000000
1, 9.7200, 844, 0.10117064, -1.06784141, 0.10713845, -10.15127754, 30.56020546, 66.24037170, -29.93276787, 10.64016342, -72.52265167, 99.75702667, -16.48195267, 5.71754837, -0.63149625, 0.76044846, -0.05450870, 0.14127791, -0.38366210, 0.12224789, 0.05426356, 99.96700287, 113.66096497, 32.41999817, 0.00000000
1, 9.7250, 845, 0.09036254, -1.07043719, 0.10177701, -10.28449249, 30.58162308, 69.67769623, -29.93276787, 10.64016342, -72.52265167, 99.67877960, -16.85112572, 5.81410122, -0.63147187, 0.75981075, -0.05603603, 0.14419085, -0.37890983, 0.12641221, 0.05800239, 99.96700287, 113.66096497, 32.41999817, 0.00000000
1, 9.7300, 846, 0.07184175, -1.07035851, 0.10293308, -10.10715389, 31.68891335, 74.43386841, -30.75124168, 10.84478188, -72.58111572, 99.60017395, -17.24453926, 5.91295433, -0.63140655, 0.75915045, -0.05768843, 0.14727040, -0.36689651, 0.12806618, 0.05517530, 99.96700287, 113.66096497, 32.41999817, 0.00000000
1, 9.7350, 847, 0.06335378, -1.07108378, 0.10404014, -10.40000248, 33.01201248, 77.27330780, -30.75124168, 10.84478188, -72.58111572, 99.51792908, -17.65290833, 6.01700401, -0.63132745, 0.75845659, -0.05939924, 0.15046950, -0.36515108, 0.13064101, 0.05236359, 99.96700287, 113.66096497, 32.41999817, 0.00000000
1, 9.7400, 848, 0.06858759, -1.07670355, 0.09267355, -11.28726482, 33.49347305, 80.13531494, -30.75124168, 10.84478188, -72.58111572, 99.42118073, -18.03371620, 6.12492561, -0.63135910, 0.75769991, -0.06095333, 0.15349723, -0.37697697, 0.13812013, 0.06189603, 99.96700287, 113.66096497, 32.41999817, 0.00000000
1, 9.7450, 849, 0.09386239, -1.07159078, 0.10569113, -12.24816132, 34.24610138, 83.28513336, -31.21894073, 10.20169544, -72.61034393, 99.32740784, -18.47245598, 6.23212814, -0.63128597, 0.75691056, -0.06283893, 0.15689436, -0.40914452, 0.13494366, 0.04699612, 99.96700287, 113.66096497, 32.41999817, 0.00000000
1, 9.7650, 850, 0.17246354, -1.05005586, 0.09200826, -17.15881729, 34.16382217, 95.19331360, -31.80356598, 10.55247021, -72.69804382, 98.89292908, -20.37617493, 6.68388796, -0.63098449, 0.75325072, -0.07121055, 0.17146797, -0.51882893, 0.12307550, 0.05222206, 99.96700287, 113.66096497, 32.41999817, 0.00000000
1, 9.7700, 851, 0.19575436, -1.04316819, 0.09139964, -17.81466103, 30.44312286, 99.07387543, -32.18357086, 9.99707699, -73.39958954, 98.77681732, -20.88913918, 6.76417398, -0.63090897, 0.75222236, -0.07375458, 0.17514499, -0.55043650, 0.11896597, 0.05051538, 99.96700287, 113.66096497, 32.41999817, 0.00000000
1, 9.7750, 852, 0.21090326, -1.07241023, 0.11288223, -17.58771324, 27.22099304, 102.81487274, -32.18357086, 9.99707699, -73.39958954, 98.66794586, -21.41803169, 6.82573652, -0.63077325, 0.75119668, -0.07650671, 0.17881660, -0.57419336, 0.15114796, 0.02674202, 99.96700287, 113.66096497, 32.41999817, 0.00000000
1, 9.7800, 853, 0.19232041, -1.10753989, 0.11710755, -18.10119438, 23.59514236, 107.15155792, -33.84975052, 10.52323914, -73.01958466, 98.56395721, -21.96557426, 6.86581850, -0.63059366, 0.75015384, -0.07950303, 0.18248332, -0.56444705, 0.18946250, 0.02020860, 99.96700287, 113.66096497, 32.41999817, 0.00000000
1, 9.7850, 854, 0.12397773, -1.14944339, 0.13545592, -19.09323502, 12.47698879, 111.45596313, -33.84975052, 10.52323914, -73.01958466, 98.47808075, -22.52621078, 6.84421444, -0.63035786, 0.74913949, -0.08295249, 0.18589756, -0.50515085, 0.23473248, -0.00037925, 99.96700287, 113.66096497, 32.41999817, 0.00000000
1, 9.7900, 855, 0.05474077, -1.19136763, 0.15672265, -19.24241066, 7.90384483, 114.74892426, -33.84975052, 10.52323914, -73.01958466, 98.40089417, -23.06276894, 6.79701948, -0.63012928, 0.74815905, -0.08642147, 0.18901449, -0.44485414, 0.28010505, -0.02368465, 99.96700287, 113.66096497, 32.41999817, 0.00000000
1, 9.7950, 856, 0.01991512, -1.23065901, 0.15757807, -19.88268852, 5.66461420, 117.85839081, -33.99590683, 10.72785759, -73.42881775, 98.32745361, -23.65024376, 6.73518419, -0.62981004, 0.74711734, -0.09026948, 0.19237080, -0.41910017, 0.32307029, -0.02644430, 99.96700287, 113.66096497, 32.41999817, 0.00000000
1, 9.8000, 857, 0.01042482, -1.26699924, 0.15567482, -18.95289612, 5.94670391, 120.97292328, -33.99590683, 10.72785759, -73.42881775, 98.25945282, -24.25340080, 6.67296791, -0.62941748, 0.74606586, -0.09420061, 0.19582039, -0.41917121, 0.36342877, -0.02633123, 99.96700287, 113.66096497, 32.41999817, 0.00000000
1, 9.8050, 858, 0.01869455, -1.31130528, 0.17135388, -18.08086586, 7.91598034, 123.42736053, -35.13592529, 10.46477604, -73.57497406, 98.19258118, -24.87015724, 6.62003231, -0.62896532, 0.74498981, -0.09814711, 0.19939934, -0.43723375, 0.41193813, -0.04374351, 99.96700287, 113.66096497, 32.41999817, 0.00000000
1, 9.8100, 859, 0.07027183, -1.33806062, 0.17429875, -17.43725967, 8.14593601, 125.70304871, -35.13592529, 10.46477604, -73.57497406, 98.12948608, -25.49837685, 6.56709623, -0.62845415, 0.74389726, -0.10215244, 0.20304495, -0.49870706, 0.44311297, -0.04827745, 99.96700287, 113.66096497, 32.41999817, 0.00000000
1, 9.8400, 860, 0.15313563, -1.44722283, 0.14592518, -16.67424011, 10.95191765, 144.16259766, -36.80210495, 11.40017509, -74.24729156, 97.82752991, -29.51111031, 6.17044449, -0.62426782, 0.73681676, -0.12791353, 0.22589575, -0.64355111, 0.58344603, -0.02895913, 99.96700287, 113.66096497, 32.41999817, 0.00000000
1, 9.8450, 861, 0.14931837, -1.46800661, 0.10974669, -16.57340813, 15.15460205, 147.62651062, -38.43905258, 9.85092068, -73.60420990, 97.76019287, -30.25292587, 6.14295673, -0.62340635, 0.73538399, -0.13239770, 0.23031700, -0.65059328, 0.61034369, 0.00534287, 99.96700287, 113.66096497, 32.41999817, 0.00000000
1, 9.8500, 862, 0.11613983, -1.49563920, 0.07492655, -16.36205292, 21.78287888, 150.20040894, -38.43905258, 9.85092068, -73.60420990, 97.67529297, -31.01193428, 6.15259743, -0.62252367, 0.73384345, -0.13677588, 0.23501205, -0.62869382, 0.64448965, 0.03793748, 99.96700287, 113.66096497, 32.41999817, 0.00000000
1, 9.8550, 863, 0.08698375, -1.53162217, 0.05505360, -14.60887718, 29.89812660, 150.86224365, -38.81905746, 11.75094986, -73.95498657, 97.57398224, -31.77949715, 6.21039534, -0.62159854, 0.73223060, -0.14092994, 0.23998447, -0.61091995, 0.68717444, 0.05531523, 99.96700287, 113.66096497, 32.41999817, 0.00000000
1, 9.8600, 864, 0.11856166, -1.57794082, 0.04170076, -10.96494579, 40.24929047, 150.46670532, -38.81905746, 11.75094986, -73.95498657, 97.45660400, -32.55165100, 6.33133602, -0.62059659, 0.73057699, -0.14474526, 0.24528743, -0.65387964, 0.74035847, 0.06607582, 99.96700287, 113.66096497, 32.41999817, 0.00000000
1, 9.8650, 865, 0.19929433, -1.66309810, 0.01502451, -5.92319250, 53.01303864, 151.65313721, -38.81905746, 11.75094986, -73.95498657, 97.32079315, -33.33749771, 6.52992630, -0.61947274, 0.72888106, -0.14819069, 0.25104874, -0.74602038, 0.83262992, 0.08995336, 99.96700287, 113.66096497, 32.41999817, 0.00000000
1, 9.8700, 866, 0.28730950, -1.74139524, 0.01391274, -2.13618469, 66.63258362, 153.01618958, -39.78368759, 12.51096153, -75.12422943, 97.15473175, -34.13809586, 6.81302834, -0.61826992, 0.72709268, -0.15126137, 0.25729087, -0.84563041, 0.91826499, 0.08791268, 99.96700287, 113.66096497, 32.41999817, 0.00000000
1, 9.8750, 867, 0.36168709, -1.78396952, 0.00517038, -2.27509570, 78.12532806, 153.04652405, -39.78368759, 12.51096153, -75.12422943, 96.94210052, -34.94503021, 7.17126036, -0.61711335, 0.72513175, -0.15401573, 0.26388291, -0.93160200, 0.96837163, 0.09292259, 99.96700287, 113.66096497, 32.41999817, 0.00000000
1, 9.8800, 868, 0.43208891, -1.80983758, -0.04423172, -3.42499375, 84.91440582, 152.76731873, -41.39140701, 12.97866154, -75.29962158, 96.69119263, -35.75335312, 7.57857895, -0.61600679, 0.72302228, -0.15658246, 0.27065918, -1.01341093, 1.00196505, 0.13804609, 99.96700287, 113.66096497, 32.41999817, 0.00000000
1, 9.8850, 869, 0.53079087, -1.77135968, -0.01919303, -4.51940870, 87.16998291, 152.72985840, -41.39140701, 12.97866154, -75.29962158, 96.41680145, -36.56124878, 8.00853348, -0.61491436, 0.72081476, -0.15909119, 0.27748230, -1.12359345, 0.97123539, 0.10858638, 99.96700287, 113.66096497, 32.41999817, 0.00000000
1, 9.8900, 870, 0.70689011, -1.67109692, 0.01325306, -4.01736355, 86.35423279, 150.60087585, -42.03449249, 13.27097321, -75.24115753, 96.13403320, -37.33496857, 8.44594479, -0.61385238, 0.71862757, -0.16141380, 0.28408673, -1.31081855, 0.87868094, 0.07190204, 99.96700287, 113.66096497, 32.41999817, 0.00000000
1, 9.9300, 871, -0.05015234, -1.07740080, 0.44574362, -15.56089592, 31.96427917, 136.90274048, -44.57761002, 14.11867905, -77.02426147, 94.21539307, -43.13755417, 10.81752014, -0.60475808, 0.70188421, -0.18487209, 0.32779357, -0.63248056, 0.34689525, -0.39330894, 99.96700287, 113.66096497, 32.41999817, 0.00000000
1, 9.9350, 872, -0.20531380, -1.11964345, 0.49213260, -15.05949497, 21.14434814, 142.38699341, -44.57761002, 14.11867905, -77.02426147, 94.08969879, -43.85536957, 10.89340115, -0.60333192, 0.70002818, -0.18887523, 0.33208042, -0.48646414, 0.39742413, -0.44254142, 99.96700287, 113.66096497, 32.41999817, 0.00000000
1, 9.9400, 873, -0.37981382, -1.13359165, 0.50439876, -19.05388832, 6.31105661, 150.95251465, -46.09763336, 15.25869656, -78.04735565, 94.04579163, -44.58423996, 10.84516525, -0.60170770, 0.69835323, -0.19346173, 0.33589172, -0.32118317, 0.42015055, -0.45679450, 99.96700287, 113.66096497, 32.41999817, 0.00000000
1, 9.9450, 874, -0.60492450, -1.17287767, 0.27352762, -23.26564026, -8.20918655, 159.45812988, -46.09763336, 15.25869656, -78.04735565, 94.02722168, -45.37710953, 10.70974255, -0.59998411, 0.69650567, -0.19886164, 0.33963656, -0.10503510, 0.46924436, -0.22742939, 99.96700287, 113.66096497, 32.41999817, 0.00000000
1, 9.9500, 875, -0.67575014, -1.22269976, 0.17849649, -20.34305191, -11.09874630, 161.91085815, -46.09763336, 15.25869656, -78.04735565, 94.04153442, -46.18118668, 10.55066872, -0.59808052, 0.69472080, -0.20435792, 0.34336653, -0.04379443, 0.52922249, -0.13330109, 99.96700287, 113.66096497, 32.41999817, 0.00000000
1, 9.9550, 876, -0.72623682, -1.32398534, 0.07915962, -13.34769726, -11.20473099, 157.19239807, -46.76995087, 14.84945869, -77.46273041, 94.09332275, -46.96155167, 10.39017391, -0.59600556, 0.69312811, -0.20959914, 0.34701467, -0.00257148, 0.64065838, -0.03445819, 99.96700287, 113.66096497, 32.41999817, 0.00000000
1, 9.9600, 877, -0.74678433, -1.39369357, 0.14861630, -3.55287695, -27.10250092, 143.78958130, -46.76995087, 14.84945869, -77.46273041, 94.27961731, -47.66905594, 10.11515522, -0.59366572, 0.69212258, -0.21469179, 0.34990692, 0.00916475, 0.71966088, -0.10300334, 99.96700287, 113.66096497, 32.41999817, 0.00000000
1, 9.9650, 878, -0.76093370, -1.36568677, 0.33224583, -4.55577612, -49.78153229, 131.86981201, -47.17918777, 16.95410728, -78.16427612, 94.58953094, -48.30771637, 9.66972733, -0.59130263, 0.69152105, -0.22002110, 0.35178208, 0.01518939, 0.70004410, -0.28396383, 99.96700287, 113.66096497, 32.41999817, 0.00000000
1, 9.9850, 879, -0.71064222, -1.08721149, 0.60791504, -46.89626694, -65.07219696, 97.55299377, -47.85150528, 15.28792763, -78.19351196, 95.85253143, -50.40168381, 7.27739906, -0.58502758, 0.68838674, -0.24211775, 0.35390046, -0.06017496, 0.45060563, -0.54683453, 99.96700287, 113.66096497, 32.41999817, 0.00000000
1, 9.9900, 880, -0.82930726, -0.88713038, 0.39534384, -48.63341904, -52.79228210, 88.82434082, -48.02689362, 15.60947037, -78.69043732, 96.00759125, -50.81019592, 6.77586699, -0.58448106, 0.68711060, -0.24687214, 0.35399875, 0.05434587, 0.25669494, -0.33303428, 99.96700287, 113.66096497, 32.41999817, 0.00000000
1, 9.9950, 881, -0.92260486, -0.71376073, 0.26605052, -38.50302887, -42.05481339, 81.87078094, -48.02689362, 15.60947037, -78.69043732, 96.12702179, -51.19592285, 6.37580538, -0.58390516, 0.68589109, -0.25098982, 0.35441837, 0.14368646, 0.08892314, -0.20283714, 99.96700287, 113.66096497, 32.41999817, 0.00000000
1, 10.0000, 882, -0.90802222, -0.57271254, 0.33968633, -22.47673416, -38.75924683, 77.99474335, -48.02689362, 15.60947037, -78.69043732, 96.30891418, -51.56328964, 6.00042868, -0.58293641, 0.68506008, -0.25465429, 0.35500589, 0.12486489, -0.04702258, -0.27497822, 99.96700287, 113.66096497, 32.41999817, 0.00000000
1, 10.0050, 883, -0.87226969, -0.53637660, 0.40953863, -11.43763447, -40.28852844, 75.99505615, -48.40689850, 18.85413551, -78.95352173, 96.55973053, -51.91887665, 5.60938883, -0.58164352, 0.68454552, -0.25812262, 0.35561371, 0.08504817, -0.07831213, -0.34278551, 99.96700287, 113.66096497, 32.41999817, 0.00000000
1, 10.0100, 884, -0.78203368, -0.50672507, 0.46340641, -4.63159657, -42.75985718, 69.61020660, -48.40689850, 18.85413551, -78.95352173, 96.86153412, -52.24004745, 5.19855928, -0.58021122, 0.68430483, -0.26135400, 0.35605618, -0.00887000, -0.10316737, -0.39369130, 99.96700287, 113.66096497, 32.41999817, 0.00000000
1, 10.0150, 885, -0.70607555, -0.50225878, 0.48991197, -7.37466335, -38.05683136, 62.74678802, -49.07921600, 19.26337242, -79.12890625, 97.11950684, -52.52873611, 4.82729912, -0.57901502, 0.68399161, -0.26430172, 0.35642919, -0.08805689, -0.10326165, -0.41759750, 99.96700287, 113.66096497, 32.41999817, 0.00000000
1, 10.0200, 886, -0.65571320, -0.53163218, 0.49742573, -14.42065048, -30.56062126, 55.51399231, -49.07921600, 19.26337242, -79.12890625, 97.29189301, -52.78542709, 4.52063608, -0.57822287, 0.68346071, -0.26695189, 0.35675830, -0.14125036, -0.06999596, -0.42344975, 99.96700287, 113.66096497, 32.41999817, 0.00000000
1, 10.0250, 887, -0.56993002, -0.56353962, 0.52184212, -20.84712791, -24.94076157, 45.38935852, -49.07921600, 19.26337242, -79.12890625, 97.38965607, -52.99507904, 4.26805019, -0.57784176, 0.68279302, -0.26925766, 0.35692149, -0.22944087, -0.03490376, -0.44689372, 99.96700287, 113.66096497, 32.41999817, 0.00000000
1, 10.0300, 888, -0.44421884, -0.55068326, 0.54749936, -28.70791435, -24.77978325, 32.87447739, -49.10844803, 18.76644325, -79.27506256, 97.43798065, -53.14266205, 4.02855778, -0.57788891, 0.68206733, -0.27130902, 0.35667923, -0.35693341, -0.04545987, -0.47189826, 99.96700287, 113.66096497, 32.41999817, 0.00000000
1, 10.0550, 889, 0.12272064, 0.00193579, 0.33667195, -30.92354774, -92.14102173, -35.33710480, -49.22537231, 19.96492195, -79.56737518, 98.64389801, -52.72064590, 1.35876644, -0.57999909, 0.68291068, -0.28133476, 0.34363490, -0.91994303, -0.60057503, -0.24659351, 99.96700287, 113.66096497, 32.41999817, 0.00000000
1, 10.0600, 890, 0.20036986, 0.03368171, 0.37173063, -22.40089989, -98.51438141, -55.68241501, -49.22537231, 19.96492195, -79.56737518, 99.11123657, -52.37054443, 0.62812346, -0.58028448, 0.68449104, -0.28251180, 0.33901203, -0.99420196, -0.63613403, -0.27590400, 99.96700287, 113.66096497, 32.41999817, 0.00000000
1, 10.0650, 891, 0.27302337, 0.02627454, 0.45171157, -16.63869858, -111.97590637, -76.30173492, -48.87459564, 20.37415886, -79.68430328, 99.65868378, -51.90386581, -0.17183629, -0.58052003, 0.68664896, -0.28332204, 0.33352438, -1.06243348, -0.63383967, -0.34920877, 99.96700287, 113.66096497, 32.41999817, 0.00000000
1, 10.0700, 892, 0.27059120, -0.00039435, 0.50659204, -14.61690331, -115.06423950, -92.13951111, -48.87459564, 20.37415886, -79.68430328, 100.20111847, -51.35182953, -0.95829606, -0.58086544, 0.68907183, -0.28369659, 0.32755393, -1.05440116, -0.61342907, -0.39708716, 99.96700287, 113.66096497, 32.41999817, 0.00000000
1, 10.0750, 893, 0.20686948, -0.03092693, 0.50953847, -14.11826706, -115.66464996, -107.68829346, -48.87459564, 20.37415886, -79.68430328, 100.71291351, -50.71829224, -1.70898771, -0.58138579, 0.69167680, -0.28360024, 0.32116148, -0.98397547, -0.59008902, -0.39315033, 99.96700287, 113.66096497, 32.41999817, 0.00000000
1, 10.0800, 894, 0.10125069, -0.06735982, 0.47994640, -12.51413631, -116.21646881, -121.95304108, -48.72844315, 20.49108505, -79.45045471, 101.19918060, -50.01010513, -2.42353296, -0.58202171, 0.69447082, -0.28305161, 0.31439286, -0.87062657, -0.56171590, -0.35677302, 99.96700287, 113.66096497, 32.41999817, 0.00000000
1, 10.0850, 895, -0.04590796, -0.11276594, 0.44144467, -8.63249207, -116.25615692, -133.50051880, -48.72844315, 20.49108505, -79.45045471, 101.67034912, -49.24143982, -3.10077882, -0.58266556, 0.69746649, -0.28208521, 0.30735856, -0.71487677, -0.52505940, -0.31149697, 99.96700287, 113.66096497, 32.41999817, 0.00000000
1, 10.0900, 896, -0.19679013, -0.16535741, 0.40433154, -4.36486673, -115.30644989, -142.57568359, -47.67611694, 19.61414719, -78.83659363, 102.16519928, -48.42293167, -3.76506329, -0.58311486, 0.70076710, -0.28080016, 0.30008981, -0.55467844, -0.48168561, -0.26730824, 99.96700287, 113.66096497, 32.41999817, 0.00000000
1, 10.0950, 897, -0.35620749, -0.23394370, 0.38849473, -0.65701085, -114.59260559, -149.26577759, -47.67611694, 19.61414719, -78.83659363, 102.60538483, -47.57174301, -4.36427116, -0.58367133, 0.70404768, -0.27916786, 0.29276294, -0.38539964, -0.42266664, -0.24437757, 99.96700287, 113.66096497, 32.41999817, 0.00000000
1, 10.1000, 898, -0.50184661, -0.31882739, 0.38626137, 0.99104625, -113.76225281, -154.27943420, -47.67611694, 19.61414719, -78.83659363, 103.02323914, -46.69402313, -4.93018913, -0.58421165, 0.70737207, -0.27732024, 0.28533334, -0.22945067, -0.34758765, -0.23528616, 99.96700287, 113.66096497, 32.41999817, 0.00000000
1, 10.1200, 899, -0.64325112, -0.46524888, 0.38692617, -24.64765739, -73.90671539, -184.30470276, -47.00379944, 19.11721611, -78.89505768, 103.90275574, -42.92813110, -6.47975683, -0.58895481, 0.71895611, -0.26658493, 0.25527799, -0.04194291, -0.24325779, -0.21398571, 99.96700287, 113.66096497, 32.41999817, 0.00000000
1, 10.1250, 900, -0.58128881, -0.45198122, 0.34403706, -33.10600662, -58.98103333, -193.93627930, -47.00379944, 19.11721611, -78.89505768, 103.78610229, -41.91653824, -6.55564880, -0.59145272, 0.72097880, -0.26239350, 0.24803811, -0.09091382, -0.26825351, -0.16915599, 99.96700287, 113.66096497, 32.41999817, 0.00000000
1, 10.1300, 901, -0.51441550, -0.43186331, 0.29416007, -40.37268066, -45.66839600, -204.14727783, -45.86378098, 18.94182968, -78.63198090, 103.56621552, -40.87121582, -6.53210926, -0.59439355, 0.72272623, -0.25759488, 0.24084873, -0.14414515, -0.30057430, -0.11870447, 99.96700287, 113.66096497, 32.41999817, 0.00000000
1, 10.1350, 902, -0.44515726, -0.41422075, 0.25200167, -45.58452988, -34.66740417, -214.54466248, -45.86378098, 18.94182968, -78.63198090, 103.26911163, -39.78796387, -6.42923689, -0.59767878, 0.72427404, -0.25221521, 0.23365518, -0.19907084, -0.33086824, -0.07710680, 99.96700287, 113.66096497, 32.41999817, 0.00000000
1, 10.1400, 903, -0.38553691, -0.40210477, 0.23254551, -48.62326050, -26.79354668, -224.48345947, -45.45454407, 18.53259277, -78.71967316, 102.93505859, -38.66562271, -6.27858782, -0.60113066, 0.72574317, -0.24634729, 0.22638890, -0.24365839, -0.35599172, -0.05898564, 99.96700287, 113.66096497, 32.41999817, 0.00000000
1, 10.1450, 904, -0.32897365, -0.39442253, 0.23129620, -50.37477875, -22.26860046, -233.74731445, -45.45454407, 18.53259277, -78.71967316, 102.56484985, -37.50150681, -6.09146404, -0.60477501, 0.72710133, -0.24003455, 0.21898486, -0.28443548, -0.37694806, -0.05960428, 99.96700287, 113.66096497, 32.41999817, 0.00000000
1, 10.1500, 905, -0.27589405, -0.38172528, 0.22730261, -51.87397385, -20.85308838, -242.52763367, -45.45454407, 18.53259277, -78.71967316, 102.18541718, -36.29508209, -5.89649963, -0.60849720, 0.72841519, -0.23339358, 0.21135281, -0.32088098, -0.40309095, -0.05786276, 99.96700287, 113.66096497, 32.41999817, 0.00000000
1, 10.1550, 906, -0.22977640, -0.36271822, 0.22078410, -53.07003403, -20.87388229, -250.85533142, -44.02221680, 17.74334908, -78.48582458, 101.80469513, -35.04690552, -5.70399666, -0.61226028, 0.72969300, -0.22647175, 0.20346050, -0.34950036, -0.43562219, -0.05379527, 99.96700287, 113.66096497, 32.41999817, 0.00000000
1, 10.1600, 907, -0.18484229, -0.35676360, 0.21066998, -53.50617599, -21.84204102, -258.61935425, -44.02221680, 17.74334908, -78.48582458, 101.43042755, -33.75872803, -5.52079010, -0.61601758, 0.73094916, -0.21930376, 0.19529866, -0.37607110, -0.45509988, -0.04627212, 99.96700287, 113.66096497, 32.41999817, 0.00000000
1, 10.1650, 908, -0.16375014, -0.35672709, 0.21333472, -53.09505844, -25.01922989, -265.46539307, -42.82373428, 16.57410049, -78.33966827, 101.07426453, -32.43294525, -5.36085749, -0.61970586, 0.73220813, -0.21196990, 0.18682814, -0.37799203, -0.46858567, -0.05155829, 99.96700287, 113.66096497, 32.41999817, 0.00000000
1, 10.1950, 909, -0.37088072, -0.62324595, 0.20023552, -43.14073563, -41.49536133, -314.46200562, -40.33908081, 14.90792179, -78.22274017, 99.41429138, -23.55090904, -4.89198112, -0.63915151, 0.74038404, -0.16372229, 0.12849882, -0.03553584, -0.27850139, -0.05174880, 99.96700287, 113.66096497, 32.41999817, 0.00000000
1, 10.2000, 910, -0.41427594, -0.70155096, 0.19463648, -41.29339218, -45.58742905, -320.40170288, -38.38058853, 14.06021595, -78.19351196, 99.19068146, -21.93361282, -4.85808706, -0.64191264, 0.74168104, -0.15488347, 0.11776538, 0.03369696, -0.21167675, -0.04822423, 99.96700287, 113.66096497, 32.41999817, 0.00000000
1, 10.2050, 911, -0.43064058, -0.78259778, 0.22546323, -38.31803513, -51.44682693, -324.85559082, -38.38058853, 14.06021595, -78.19351196, 98.99505615, -20.28960228, -4.85820913, -0.64442885, 0.74296874, -0.14601785, 0.10671318, 0.07657764, -0.14155594, -0.08080662, 99.96700287, 113.66096497, 32.41999817, 0.00000000
1, 10.2100, 912, -0.41213313, -0.84918427, 0.29114735, -34.48789597, -56.89948273, -327.06738281, -38.38058853, 14.06021595, -78.19351196, 98.82926178, -18.63045692, -4.89060020, -0.64666140, 0.74424702, -0.13718556, 0.09542383, 0.08508874, -0.08522607, -0.14783722, 99.96700287, 113.66096497, 32.41999817, 0.00000000
1, 10.2150, 913, -0.41446066, -0.93637693, 0.30862421, -30.84852219, -64.10784149, -328.75772095, -36.59748459, 12.62788677, -78.33966827, 98.69311523, -16.95755005, -4.96334505, -0.64860123, 0.74550903, -0.12845737, 0.08385398, 0.11503948, -0.00742106, -0.16642079, 99.96700287, 113.66096497, 32.41999817, 0.00000000
1, 10.2200, 914, -0.43224603, -1.02312374, 0.31127802, -26.47891426, -67.52627563, -332.82067871, -36.59748459, 12.62788677, -78.33966827, 98.58162689, -15.26212120, -5.05365038, -0.65025324, 0.74676734, -0.11964986, 0.07206381, 0.16108461, 0.07073303, -0.16992983, 99.96700287, 113.66096497, 32.41999817, 0.00000000
1, 10.2250, 915, -0.44648194, -1.13898528, 0.29335809, -22.30549812, -67.14888000, -339.84017944, -35.01900101, 12.13095570, -77.28733826, 98.48716736, -13.53235435, -5.13911104, -0.65164715, 0.74801129, -0.11056283, 0.06009164, 0.20436949, 0.17878547, -0.15273237, 99.96700287, 113.66096497, 32.41999817, 0.00000000
1, 10.2300, 916, -0.45378780, -1.19000447, 0.25677460, -18.97389030, -64.60582733, -345.95605469, -35.01900101, 12.13095570, -77.28733826, 98.40347290, -11.77427292, -5.20930672, -0.65280890, 0.74919856, -0.10116966, 0.04802968, 0.24152750, 0.22279957, -0.11670776, 99.96700287, 113.66096497, 32.41999817, 0.00000000
1, 10.2350, 917, -0.46661898, -1.27953625, 0.19478375, -13.68836403, -59.47958755, -354.52404785, -35.01900101, 12.13095570, -77.28733826, 98.33821106, -9.97751808, -5.24921942, -0.65368187, 0.75038177, -0.09131445, 0.03590205, 0.28512034, 0.30619889, -0.05516567, 99.96700287, 113.66096497, 32.41999817, 0.00000000
1, 10.2400, 918, -0.44203275, -1.32748759, 0.16580985, -8.67549896, -54.95370102, -361.38525391, -32.35895920, 12.10172462, -76.73194885, 98.29199219, -8.15499210, -5.26301718, -0.65425950, 0.75153297, -0.08110278, 0.02376929, 0.29189229, 0.34888014, -0.02631443, 99.96700287, 113.66096497, 32.41999817, 0.00000000
1, 10.3100, 919, -0.47420231, -1.91306889, 0.45950872, 5.29491091, 55.45255280, -291.52612305, -18.91259766, 12.21864891, -74.94884491, 99.75522614, 17.61221695, -2.20132685, -0.63446009, 0.75741130, 0.08412181, -0.12927534, 0.76997411, 0.97112668, -0.30267197, 99.96700287, 113.66096497, 32.41999817, 0.00000000
1, 10.3150, 920, -0.36635205, -1.88702106, 0.04507618, -16.87981796, 62.49087906, -266.01379395, -17.33411217, 11.25401878, -74.80268860, 99.84300995, 18.87030792, -1.64088023, -0.63326561, 0.75624561, 0.09472603, -0.13451552, 0.68458867, 0.95289457, 0.11269128, 99.96700287, 113.66096497, 32.41999817, 0.00000000
1, 10.3200, 921, -0.44845724, -1.71986651, -0.49149808, -27.04629898, 52.92276382, -240.90995789, -17.33411217, 11.25401878, -74.80268860, 99.86882019, 20.01218414, -1.14778316, -0.63251013, 0.75474948, 0.10428409, -0.13931672, 0.78729689, 0.79332060, 0.64883256, 99.96700287, 113.66096497, 32.41999817, 0.00000000
1, 10.3250, 922, -0.64021003, -1.42165852, -0.70206738, -12.46373272, 22.66381836, -218.54216003, -15.98947620, 13.59251690, -74.07190704, 99.91499329, 21.06955719, -0.83019114, -0.63148105, 0.75349534, 0.11217031, -0.14454907, 0.99721086, 0.50196660, 0.85882628, 99.96700287, 113.66096497, 32.41999817, 0.00000000
1, 10.3300, 923, -1.01475608, -1.23512983, -0.17210920, 20.34001923, -26.29710770, -197.02734375, -15.98947620, 13.59251690, -74.07190704, 100.02951050, 22.06291962, -0.78788620, -0.62969404, 0.75287962, 0.11778467, -0.15094568, 1.38683558, 0.32114905, 0.32873505, 99.96700287, 113.66096497, 32.41999817, 0.00000000
1, 10.3350, 924, -1.28685999, -1.29985666, 0.87774712, 41.69290924, -61.22975922, -177.80152893, -15.98947620, 13.59251690, -74.07190704, 100.17472076, 22.99212265, -0.94698727, -0.62746251, 0.75266683, 0.12165918, -0.15805884, 1.67161024, 0.39071763, -0.72076553, 99.96700287, 113.66096497, 32.41999817, 0.00000000
1, 10.3400, 925, -1.23006976, -1.29965496, 1.26245177, 24.57784653, -58.22169495, -153.81669617, -14.20637226, 14.20637226, -74.18883514, 100.23762512, 23.78898430, -1.10888886, -0.62587082, 0.75214279, 0.12488493, -0.16422789, 1.62715244, 0.39571589, -1.10503519, 99.96700287, 113.66096497, 32.41999817, 0.00000000
1, 10.3450, 926, -0.84579217, -0.81934404, 1.00918365, -9.67576504, 14.86949253, -117.04196930, -14.20637226, 14.20637226, -74.18883514, 100.26671600, 24.35178375, -0.91567791, -0.62527001, 0.75132871, 0.12919664, -0.16688582, 1.25356793, -0.07968682, -0.85022199, 99.96700287, 113.66096497, 32.41999817, 0.00000000
1, 10.3500, 927, -0.70026034, -0.48709416, 0.28730083, -3.58400702, 42.69880295, -81.15864563, -13.65097904, 14.26483440, -73.69190216, 100.37664032, 24.71320915, -0.60556352, -0.62455714, 0.75107187, 0.13304694, -0.16768403, 1.11639428, -0.40758359, -0.12666006, 99.96700287, 113.66096497, 32.41999817, 0.00000000
1, 10.3550, 928, -0.64041036, -0.31663004, -0.35895842, 18.57611656, 52.11650085, -38.62786102, -13.65097904, 14.26483440, -73.69190216, 100.60353851, 24.85641670, -0.28486657, -0.62336266, 0.75172830, 0.13559972, -0.16714151, 1.06129861, -0.57499397, 0.52285147, 99.96700287, 113.66096497, 32.41999817, 0.00000000
1, 10.4050, 929, 0.51396257, -1.71614659, -0.24353401, 11.48434353, -34.44367981, 173.70825195, -14.90792179, 14.46945286, -72.05495453, 101.96819305, 18.76102257, -2.65371180, -0.61801893, 0.76875162, 0.08482992, -0.14098738, -0.18844794, 0.79141819, 0.43836641, 99.96700287, 113.66096497, 32.41999817, 0.00000000
1, 10.4100, 930, 1.13388681, -1.75124168, -0.30568299, 1.25128305, -10.77958584, 151.93412781, -14.90792179, 14.46945286, -72.05495453, 101.90678406, 18.02861977, -2.87367415, -0.61892539, 0.76927531, 0.07943714, -0.13724644, -0.82071161, 0.82229269, 0.50187343, 99.96700287, 113.66096497, 32.41999817, 0.00000000
1, 10.4150, 931, 1.80260193, -1.77604055, -0.57633054, -21.97665596, 31.64369011, 117.34755707, -16.04793930, 13.27097321, -71.87957001, 101.80940247, 17.42171478, -2.83683038, -0.62023795, 0.76927489, 0.07648625, -0.13293234, -1.49938393, 0.84388769, 0.77347744, 99.96700287, 113.66096497, 32.41999817, 0.00000000
1, 10.4200, 932, 2.20480800, -1.63402843, -0.92310256, -48.56068802, 61.83495331, 89.10194397, -16.04793930, 13.27097321, -71.87957001, 101.63343048, 16.92244530, -2.61405754, -0.62216252, 0.76861292, 0.07545113, -0.12827729, -1.90943182, 0.69925714, 1.11948347, 99.96700287, 113.66096497, 32.41999817, 0.00000000
1, 10.4250, 933, 2.21718121, -1.45223105, -0.90794080, -49.64928818, 26.74357986, 82.04010773, -15.34638977, 13.03712368, -72.52265167, 101.40128326, 16.49318504, -2.56216741, -0.62418509, 0.76768517, 0.07370204, -0.12498207, -1.92930460, 0.51449502, 1.10153711, 99.96700287, 113.66096497, 32.41999817, 0.00000000
1, 10.4300, 934, 1.96082473, -1.30736732, -0.78789783, -45.10760498, -65.73877716, 85.24607086, -15.34638977, 13.03712368, -72.52265167, 101.05850220, 16.13778877, -2.98409414, -0.62635648, 0.76637095, 0.06929559, -0.12470508, -1.67949855, 0.36660516, 0.97633362, 99.96700287, 113.66096497, 32.41999817, 0.00000000
1, 10.4350, 935, 1.45156920, -1.15933335, -0.79397839, -38.84143448, -152.61590576, 93.57615662, -15.34638977, 13.03712368, -72.52265167, 100.62591553, 15.81981659, -3.85475612, -0.62859863, 0.76474655, 0.06219527, -0.12711477, -1.17565846, 0.21572611, 0.97485763, 99.96700287, 113.66096497, 32.41999817, 0.00000000
1, 10.4400, 936, 0.82818609, -1.01635921, -0.82140845, -21.13087845, -220.22998047, 106.00534058, -16.48640823, 11.45863724, -72.52265167, 100.16830444, 15.50472641, -5.08542252, -0.63058162, 0.76306921, 0.05275398, -0.13156500, -0.55752653, 0.06994102, 0.99379456, 99.96700287, 113.66096497, 32.41999817, 0.00000000
1, 10.4450, 937, 0.18940906, -0.97736037, -0.52962101, 2.21420026, -276.96408081, 119.95408630, -16.48640823, 11.45863724, -72.52265167, 99.77877045, 15.15130806, -6.60666275, -0.63177121, 0.76176107, 0.04111092, -0.13746013, 0.07480460, 0.02769690, 0.69392741, 99.96700287, 113.66096497, 32.41999817, 0.00000000
1, 10.4500, 938, -0.65228325, -1.00189066, -0.12543444, 21.42073441, -316.31665039, 141.16995239, -16.42794418, 12.04326248, -73.54574585, 99.44026947, 14.71665859, -8.34165573, -0.63239318, 0.76063114, 0.02755482, -0.14408307, 0.90863824, 0.04874456, 0.28203183, 99.96700287, 113.66096497, 32.41999817, 0.00000000
1, 10.4750, 939, -1.42368984, -1.43197060, 0.59444875, 49.65764999, -88.17041779, 173.51908875, -15.14177132, 11.16632557, -73.86728668, 99.27757263, 11.13031101, -14.36292648, -0.63025790, 0.76028693, -0.03249694, -0.15389185, 1.61855340, 0.46320298, -0.44280761, 99.96700287, 113.66096497, 32.41999817, 0.00000000
1, 10.4800, 940, -1.08255398, -1.34226131, 0.67716843, 32.68925858, -45.22246552, 154.25321960, -15.14177132, 11.16632557, -73.86728668, 99.37686157, 10.40572643, -14.71606064, -0.63011724, 0.76065576, -0.03907188, -0.15109143, 1.26451600, 0.37123802, -0.52226639, 99.96700287, 113.66096497, 32.41999817, 0.00000000
1, 10.4850, 941, -0.71878976, -1.15066874, 0.74694818, 20.40232849, -32.41133499, 139.88793945, -15.14177132, 11.16632557, -73.86728668, 99.43212128, 9.74198437, -14.99339008, -0.63028312, 0.76076043, -0.04473564, -0.14827521, 0.88893330, 0.17763579, -0.58938468, 99.96700287, 113.66096497, 32.41999817, 0.00000000
1, 10.4900, 942, -0.49241894, -0.98992932, 0.88454509, 18.66370010, -48.98403168, 133.10047913, -16.98333740, 11.34171295, -74.07190704, 99.49758911, 9.10275650, -15.34283543, -0.63025320, 0.76084721, -0.05074786, -0.14600405, 0.65122837, 0.01499376, -0.72492439, 99.96700287, 113.66096497, 32.41999817, 0.00000000
1, 10.4950, 943, -0.34010252, -0.88237441, 1.08863986, 20.73503494, -73.49259186, 131.82395935, -16.98333740, 11.34171295, -74.07190704, 99.53012848, 8.51293373, -15.81877518, -0.63021731, 0.76065135, -0.05727454, -0.14475977, 0.48795682, -0.09438740, -0.92738712, 99.96700287, 113.66096497, 32.41999817, 0.00000000
1, 10.5000, 944, -0.23468149, -0.77742314, 1.26483357, 24.91415024, -89.30786896, 133.39178467, -17.07103157, 10.31861973, -73.72113037, 99.57692719, 7.92872381, -16.37449265, -0.62998390, 0.76043034, -0.06431229, -0.14397931, 0.37199619, -0.20097494, -1.10220003, 99.96700287, 113.66096497, 32.41999817, 0.00000000
1, 10.5050, 945, -0.12169213, -0.53048968, 1.28721023, 34.54336548, -94.12927246, 134.55636597, -17.07103157, 10.31861973, -73.72113037, 99.67417908, 7.34355211, -16.95508575, -0.62939191, 0.76040101, -0.07157779, -0.14329246, 0.24884862, -0.44906718, -1.12224746, 99.96700287, 113.66096497, 32.41999817, 0.00000000
1, 10.5100, 946, -0.10154421, -0.51427221, 1.09732938, 50.02069092, -91.47017670, 135.26396179, -17.65565681, 11.25401878, -73.22420502, 99.85614777, 6.75411463, -17.52358246, -0.62826526, 0.76076972, -0.07888505, -0.14244138, 0.21898931, -0.46580717, -0.92954600, 99.96700287, 113.66096497, 32.41999817, 0.00000000
1, 10.5650, 947, -0.68307215, -1.30908322, -0.16804609, 17.75354385, 76.73412323, 56.43501663, -20.19877243, 10.84478188, -73.07804871, 101.33275604, 1.52304208, -18.25123405, -0.62412703, 0.76494706, -0.11434337, -0.11066683, 0.71151304, 0.32914943, 0.36017382, 99.96700287, 113.66096497, 32.41999817, 0.00000000
1, 10.5700, 948, -0.35908782, -1.33689201, -0.31023180, 19.50074005, 86.34446716, 48.43963242, -20.19877243, 10.84478188, -73.07804871, 101.43978119, 1.20122588, -17.87514305, -0.62413031, 0.76565045, -0.11369389, -0.10636931, 0.38220590, 0.35741958, 0.50498271, 99.96700287, 113.66096497, 32.41999817, 0.00000000
1, 10.5750, 949, -0.03040138, -1.30351639, -0.35858348, 19.62534332, 81.57566833, 46.88723373, -20.72493362, 10.87401295, -72.25957489, 101.54496765, 0.89105231, -17.52153397, -0.62408704, 0.76632869, -0.11312117, -0.10227079, 0.04817941, 0.32438204, 0.55602181, 99.96700287, 113.66096497, 32.41999817, 0.00000000
1, 10.5800, 950, 0.27474892, -1.24264228, -0.30504909, 23.38960266, 67.61344910, 48.01377106, -20.72493362, 10.87401295, -72.25957489, 101.66619873, 0.58865231, -17.23808098, -0.62384403, 0.76702964, -0.11298157, -0.09858778, -0.26240709, 0.26375276, 0.50534379, 99.96700287, 113.66096497, 32.41999817, 0.00000000
1, 10.5850, 951, 0.49759489, -1.19744337, -0.09549675, 28.25150681, 54.26592255, 50.05233383, -20.95878410, 10.72785759, -72.49342346, 101.80976105, 0.28914201, -17.02275848, -0.62337291, 0.76778543, -0.11329326, -0.09527034, -0.49101335, 0.21865559, 0.29880214, 99.96700287, 113.66096497, 32.41999817, 0.00000000
1, 10.5900, 952, 0.65185112, -1.17343402, 0.23353213, 25.09596825, 41.94872665, 51.27111053, -20.95878410, 10.72785759, -72.49342346, 101.94017792, 0.03491765, -16.86881447, -0.62288070, 0.76844358, -0.11375141, -0.09260052, -0.65089822, 0.19457604, -0.02747055, 99.96700287, 113.66096497, 32.41999817, 0.00000000
1, 10.5950, 953, 0.75049800, -1.09858274, 0.48350546, 13.80885220, 22.59911346, 52.32061768, -20.95878410, 10.72785759, -72.49342346, 102.00978088, -0.24417409, -16.81208420, -0.62273484, 0.76865232, -0.11494286, -0.09035049, -0.75476778, 0.11963317, -0.27559108, 99.96700287, 113.66096497, 32.41999817, 0.00000000
1, 10.6000, 954, 0.74391687, -0.95516419, 0.49402124, 4.55385971, -8.70233345, 54.28621292, -21.45571518, 9.99707699, -71.87957001, 102.03394318, -0.50069100, -16.91075706, -0.62274611, 0.76847154, -0.11701594, -0.08914048, -0.75279284, -0.02365907, -0.28533125, 99.96700287, 113.66096497, 32.41999817, 0.00000000
1, 10.6050, 955, 0.60749799, -0.82221270, 0.34614959, 5.27962494, -44.41182709, 57.73723984, -21.45571518, 9.99707699, -71.87957001, 102.06409454, -0.73705691, -17.18778610, -0.62255937, 0.76814783, -0.12017857, -0.08902770, -0.62020516, -0.15623571, -0.13715699, 99.96700287, 113.66096497, 32.41999817, 0.00000000
1, 10.6100, 956, 0.37807378, -0.77334654, 0.23549338, 13.30186558, -71.41724396, 62.52967453, -20.75416565, 9.26629639, -72.23033905, 102.13757324, -0.96843314, -17.60210800, -0.62197202, 0.76790148, -0.12426567, -0.08964562, -0.39455378, -0.20464110, -0.02595471, 99.96700287, 113.66096497, 32.41999817, 0.00000000
1, 10.6250, 957, -0.26036409, -0.96111536, 0.36740044, 16.74247932, -85.60572052, 61.34149170, -21.74802589, 10.55247021, -71.87957001, 102.45907593, -1.63299274, -19.06192398, -0.61933523, 0.76734293, -0.13788375, -0.09271950, 0.23184124, -0.01565369, -0.15435934, 99.96700287, 113.66096497, 32.41999817, 0.00000000
1, 10.6300, 958, -0.39004111, -0.98810446, 0.41254950, 13.46034813, -79.79235840, 57.38568115, -21.74802589, 10.55247021, -71.87957001, 102.54071808, -1.82734811, -19.51337624, -0.61862707, 0.76703507, -0.14201578, -0.09375177, 0.35795847, 0.01168229, -0.19844051, 99.96700287, 113.66096497, 32.41999817, 0.00000000
1, 10.6350, 959, -0.50629598, -1.00471687, 0.41746360, 11.00343037, -68.67845917, 53.47559357, -21.54340744, 10.23092651, -72.31803131, 102.60957336, -2.01405501, -19.90662956, -0.61804396, 0.76671743, -0.14570428, -0.09453200, 0.47091734, 0.02866351, -0.20247249, 99.96700287, 113.66096497, 32.41999817, 0.00000000
1, 10.6400, 960, -0.59139419, -1.01611245, 0.40178525, 9.57393169, -54.31366348, 49.45465851, -21.54340744, 10.23092651, -72.31803131, 102.68451691, -2.24605894, -20.22674179, -0.61753058, 0.76646042, -0.14914817, -0.09460112, 0.55242205, 0.04047874, -0.18586917, 99.96700287, 113.66096497, 32.41999817, 0.00000000
1, 10.6450, 961, -0.64740676, -1.02029729, 0.37983623, 8.90482998, -38.16164017, 45.25633240, -21.54340744, 10.23092651, -72.31803131, 102.73920441, -2.42508459, -20.46254158, -0.61716610, 0.76624876, -0.15172598, -0.09459539, 0.60492206, 0.04507967, -0.16302237, 99.96700287, 113.66096497, 32.41999817, 0.00000000
1, 10.6500, 962, -0.66381824, -1.02443850, 0.36820582, 8.75817871, -21.09900856, 41.03800201, -22.04033852, 10.14323330, -71.64571381, 102.78998566, -2.60203767, -20.61059570, -0.61689883, 0.76612705, -0.15370111, -0.09413423, 0.61826885, 0.04956948, -0.15058807, 99.96700287, 113.66096497, 32.41999817, 0.00000000
1, 10.6550, 963, -0.62962353, -1.02247405, 0.37226272, 8.61247253, -4.01240921, 37.27592087, -22.04033852, 10.14323330, -71.64571381, 102.83634949, -2.77932405, -20.67124939, -0.61673355, 0.76609403, -0.15508860, -0.09320486, 0.58097559, 0.04792039, -0.15378276, 99.96700287, 113.66096497, 32.41999817, 0.00000000
1, 10.6600, 964, -0.55166209, -1.01723552, 0.40035635, 8.41417217, 11.60407925, 33.79492569, -21.95264435, 9.52937698, -71.85033417, 102.87784576, -2.95684934, -20.65194893, -0.61666507, 0.76614064, -0.15593761, -0.09184913, 0.49985242, 0.04295161, -0.18097568, 99.96700287, 113.66096497, 32.41999817, 0.00000000
1, 10.6650, 965, -0.45109427, -1.00843978, 0.41720784, 7.42724657, 24.93402863, 30.97052193, -21.95264435, 9.52937698, -71.85033417, 102.91070557, -3.13537979, -20.56453514, -0.61670727, 0.76623112, -0.15632842, -0.09013101, 0.39613670, 0.03442355, -0.19700208, 99.96700287, 113.66096497, 32.41999817, 0.00000000
1, 10.6700, 966, -0.33009300, -1.00562596, 0.39226234, 6.29737234, 35.56125641, 28.95981789, -21.95264435, 9.52937698, -71.85033417, 102.93460083, -3.31597590, -20.42308426, -0.61684954, 0.76634395, -0.15636082, -0.08811958, 0.27205750, 0.03192202, -0.17134906, 99.96700287, 113.66096497, 32.41999817, 0.00000000
1, 10.6950, 967, -0.00189274, -0.97619224, 0.25982222, 5.08302689, 49.72493744, 24.68598557, -22.97573853, 10.08477020, -71.35340118, 103.00245667, -4.20254517, -19.34499741, -0.61805755, 0.76714212, -0.15390460, -0.07623184, -0.07127654, 0.00395972, -0.03707203, 99.96700287, 113.66096497, 32.41999817, 0.00000000
1, 10.7000, 968, 0.02718262, -0.96972358, 0.23932226, 5.38752317, 48.08895874, 24.74827003, -23.00496864, 8.71090317, -71.70417786, 103.01418304, -4.37683153, -19.13769341, -0.61827868, 0.76728141, -0.15344965, -0.07391908, -0.10334018, -0.00221024, -0.01634416, 99.96700287, 113.66096497, 32.41999817, 0.00000000
1, 10.7050, 969, 0.04471372, -0.96697748, 0.20955320, 5.45888758, 45.12885666, 24.74691010, -23.00496864, 8.71090317, -71.70417786, 103.02680969, -4.54783869, -18.94485474, -0.61847413, 0.76740909, -0.15307415, -0.07170449, -0.12379114, -0.00463375, 0.01363008, 99.96700287, 113.66096497, 32.41999817, 0.00000000
1, 10.7100, 970, 0.04666088, -0.96495759, 0.18279770, 5.30800676, 40.00254822, 24.94211578, -23.53113174, 10.17246437, -71.29494476, 103.04011536, -4.71410322, -18.77728081, -0.61863822, 0.76751149, -0.15284249, -0.06965669, -0.12858561, -0.00633058, 0.04056299, 99.96700287, 113.66096497, 32.41999817, 0.00000000
1, 10.7150, 971, 0.04184354, -0.96502364, 0.16865842, 5.01445723, 34.94126129, 25.28089333, -23.53113174, 10.17246437, -71.29494476, 103.05361176, -4.87638903, -18.63484573, -0.61877698, 0.76758540, -0.15275767, -0.06777067, -0.12656958, -0.00595807, 0.05486799, 99.96700287, 113.66096497, 32.41999817, 0.00000000
1, 10.7200, 972, 0.03845222, -0.96065497, 0.16997103, 4.74349308, 30.99083519, 25.78606606, -23.53113174, 10.17246437, -71.29494476, 103.06704712, -5.03674650, -18.51229668, -0.61889791, 0.76763421, -0.15279530, -0.06600460, -0.12597597, -0.01004289, 0.05372289, 99.96700287, 113.66096497, 32.41999817, 0.00000000
1, 10.7250, 973, 0.03324793, -0.95956075, 0.16527167, 4.82082939, 27.66846466, 26.37188339, -23.47266769, 9.90938282, -71.32417297, 103.08205414, -5.19625282, -18.40667343, -0.61899394, 0.76766950, -0.15294221, -0.06433314, -0.12353760, -0.01083174, 0.05860203, 99.96700287, 113.66096497, 32.41999817, 0.00000000
1, 10.7300, 974, 0.02238019, -0.96336830, 0.15727435, 5.39908648, 24.23192215, 27.54448891, -23.47266769, 9.90938282, -71.32417297, 103.10136414, -5.35763216, -18.31920815, -0.61904913, 0.76770091, -0.15322253, -0.06274088, -0.11543839, -0.00669218, 0.06680943, 99.96700287, 113.66096497, 32.41999817, 0.00000000
1, 10.7350, 975, 0.01092662, -0.96884227, 0.15987656, 6.11760616, 20.96985626, 28.75452232, -23.96959877, 10.02630806, -70.71031952, 103.12567902, -5.52124929, -18.24911118, -0.61905998, 0.76773280, -0.15363309, -0.06122009, -0.10683006, -0.00087051, 0.06449811, 99.96700287, 113.66096497, 32.41999817, 0.00000000
1, 10.7400, 976, -0.00978160, -0.98093045, 0.17525649, 6.70413923, 16.99533463, 30.58019066, -23.96959877, 10.02630806, -70.71031952, 103.14034271, -5.66396189, -18.19915390, -0.61910522, 0.76770973, -0.15406211, -0.05996242, -0.08883637, 0.01152975, 0.04934771, 99.96700287, 113.66096497, 32.41999817, 0.00000000
1, 10.7750, 977, -0.13945292, -0.98311651, 0.24726056, 5.55910158, 41.21550751, 31.13701439, -25.34346581, 10.14323330, -70.65185547, 103.28236389, -6.98107862, -17.54629898, -0.61946756, 0.76776463, -0.15671860, -0.04729487, 0.01815645, 0.01656576, -0.02117879, 99.96700287, 113.66096497, 32.41999817, 0.00000000
1, 10.7800, 978, -0.10538750, -0.97284317, 0.23726778, 6.22042418, 45.33345795, 31.05148506, -25.34346581, 10.14323330, -70.65185547, 103.29084015, -7.18389130, -17.35959435, -0.61962897, 0.76781464, -0.15654156, -0.04489437, -0.01937638, 0.00676060, -0.01104626, 99.96700287, 113.66096497, 32.41999817, 0.00000000
1, 10.7850, 979, -0.03350783, -0.95996916, 0.23910809, 7.27807140, 49.13076401, 31.40895462, -25.13884735, 10.02630806, -70.88570404, 103.30161285, -7.39280128, -17.15462112, -0.61977786, 0.76789343, -0.15627469, -0.04234976, -0.09484909, -0.00563246, -0.01261950, 99.96700287, 113.66096497, 32.41999817, 0.00000000
1, 10.7900, 980, 0.01610515, -0.95391715, 0.22952718, 8.05156231, 50.05838776, 32.22741699, -25.13884735, 10.02630806, -70.88570404, 103.31510162, -7.57493687, -16.94539452, -0.61988330, 0.76802492, -0.15583840, -0.03995997, -0.14783874, -0.01118812, -0.00280201, 99.96700287, 113.66096497, 32.41999817, 0.00000000
1, 10.7950, 981, 0.08290034, -0.94580173, 0.21270169, 9.22445011, 47.61917496, 34.15231705, -25.13884735, 10.02630806, -70.88570404, 103.33565521, -7.79554415, -16.75092506, -0.61995274, 0.76812583, -0.15570566, -0.03737788, -0.21811295, -0.01874056, 0.01441335, 99.96700287, 113.66096497, 32.41999817, 0.00000000
1, 10.8000, 982, 0.10787128, -0.95691574, 0.19848838, 9.60200214, 43.29299545, 36.04236984, -25.69424057, 10.64016342, -70.68108368, 103.36058807, -8.02046967, -16.57988739, -0.61997914, 0.76821214, -0.15575308, -0.03488651, -0.24691889, -0.00698779, 0.02895263, 99.96700287, 113.66096497, 32.41999817, 0.00000000
1, 10.8050, 983, 0.11116384, -0.96364009, 0.20636286, 8.84395313, 38.71718979, 37.76566696, -25.69424057, 10.64016342, -70.68108368, 103.38454437, -8.24860096, -16.43334770, -0.61999857, 0.76825470, -0.15598018, -0.03250652, -0.25415885, 0.00036455, 0.02136159, 99.96700287, 113.66096497, 32.41999817, 0.00000000
1, 10.8100, 984, 0.09751187, -0.96405160, 0.22942254, 7.09328556, 33.85571289, 39.42468643, -25.66501045, 9.79245853, -70.71031952, 103.40296173, -8.47929668, -16.31265831, -0.62004250, 0.76822758, -0.15639153, -0.03025588, -0.24454032, 0.00138299, -0.00153167, 99.96700287, 113.66096497, 32.41999817, 0.00000000
1, 10.8150, 985, 0.06670403, -0.95326030, 0.24188705, 5.28122473, 28.12922668, 40.81850433, -25.66501045, 9.79245853, -70.71031952, 103.41628265, -8.71022606, -16.22176933, -0.62010688, 0.76813054, -0.15700170, -0.02817130, -0.21775156, -0.00878958, -0.01395452, 99.96700287, 113.66096497, 32.41999817, 0.00000000
1, 10.8200, 986, 0.01924417, -0.94721413, 0.22035539, 4.67065811, 23.07237053, 42.31814575, -26.57117844, 10.96170712, -70.38877106, 103.43030548, -8.94265747, -16.15751076, -0.62015587, 0.76799691, -0.15779768, -0.02621917, -0.17423707, -0.01414656, 0.00755146, 99.96700287, 113.66096497, 32.41999817, 0.00000000
1, 10.8300, 987, -0.08460169, -0.95248866, 0.21208891, 5.62234974, 18.42713928, 44.64896011, -26.57117844, 10.96170712, -70.38877106, 103.47110748, -9.41648769, -16.07118034, -0.62015140, 0.76772225, -0.15971935, -0.02246292, -0.07850924, -0.00743297, 0.01589457, 99.96700287, 113.66096497, 32.41999817, 0.00000000
1, 10.8350, 988, -0.12103026, -0.96986008, 0.22790202, 6.44773388, 17.99752998, 45.43441772, -26.98041534, 8.06781673, -70.65185547, 103.49803925, -9.65824699, -16.03573799, -0.62010062, 0.76759934, -0.16075681, -0.02058356, -0.04626827, 0.01069090, 0.00023951, 99.96700287, 113.66096497, 32.41999817, 0.00000000
1, 10.8400, 989, -0.15849416, -0.98836315, 0.26198074, 6.22640800, 18.78288651, 46.01678848, -26.98041534, 8.06781673, -70.65185547, 103.53008270, -9.90229797, -15.99810314, -0.62001342, 0.76750165, -0.16179109, -0.01866882, -0.01308343, 0.02995478, -0.03363868, 99.96700287, 113.66096497, 32.41999817, 0.00000000
1, 10.8450, 990, -0.18399373, -0.99798071, 0.27371988, 5.06107426, 20.97321701, 45.76836395, -27.65273285, 10.58170128, -70.44723511, 103.54730988, -10.14918613, -15.94854832, -0.62002456, 0.76733398, -0.16275659, -0.01669049, 0.00815946, 0.04037171, -0.04522998, 99.96700287, 113.66096497, 32.41999817, 0.00000000
1, 10.8500, 991, -0.20577002, -0.99753594, 0.25867468, 3.39366889, 23.38131142, 44.97067642, -27.65273285, 10.58170128, -70.44723511, 103.55371857, -10.39503670, -15.88617325, -0.62010485, 0.76712495, -0.16362838, -0.01466490, 0.02574124, 0.04072353, -0.03028757, 99.96700287, 113.66096497, 32.41999817, 0.00000000
1, 10.8550, 992, -0.22659267, -0.99483967, 0.22429293, 3.28069568, 23.80807495, 44.56165695, -27.65273285, 10.58170128, -70.44723511, 103.55880737, -10.63939476, -15.82117176, -0.62018883, 0.76691234, -0.16447398, -0.01263689, 0.04244960, 0.03885795, 0.00395093, 99.96700287, 113.66096497, 32.41999817, 0.00000000
1, 10.8600, 993, -0.25829428, -0.99150407, 0.23308948, 3.18203187, 25.91515923, 43.80694199, -27.88658333, 9.35398960, -70.00876617, 103.56101227, -10.88254070, -15.74481392, -0.62028778, 0.76669979, -0.16523637, -0.01055957, 0.06995502, 0.03628761, -0.00504979, 99.96700287, 113.66096497, 32.41999817, 0.00000000
1, 10.8650, 994, -0.28249183, -0.98217440, 0.25097042, 3.18555236, 28.34230423, 42.81318283, -27.88658333, 9.35398960, -70.00876617, 103.56034851, -11.12368965, -15.65519810, -0.62040073, 0.76649165, -0.16589896, -0.00842805, 0.08996478, 0.02770672, -0.02316620, 99.96700287, 113.66096497, 32.41999817, 0.00000000
1, 10.8700, 995, -0.30379733, -0.98461628, 0.26927689, 3.17298245, 29.19773102, 41.99248123, -28.32505035, 8.03858471, -70.35954285, 103.55822754, -11.36183643, -15.56027889, -0.62051684, 0.76628566, -0.16651003, -0.00629026, 0.10713431, 0.03089770, -0.04174803, 99.96700287, 113.66096497, 32.41999817, 0.00000000
1, 10.8750, 996, -0.32863921, -0.98483503, 0.27974209, 2.80907822, 29.73254776, 41.34386444, -28.32505035, 8.03858471, -70.35954285, 103.55320740, -11.59744453, -15.46184731, -0.62064570, 0.76607090, -0.16708404, -0.00415483, 0.12791063, 0.03187639, -0.05253413, 99.96700287, 113.66096497, 32.41999817, 0.00000000
1, 10.9450, 997, 0.11296540, -1.03824937, 0.15676847, -1.42896688, 58.92226028, 38.34297943, -30.66354752, 10.11400127, -70.21338654, 102.97251129, -14.89040852, -12.38831997, -0.62478781, 0.76262635, -0.16393138, 0.03417553, -0.36925781, 0.09602689, 0.05910876, 99.96700287, 113.66096497, 32.41999817, 0.00000000
1, 10.9500, 998, 0.15658630, -1.00873637, 0.08814065, -1.53211665, 53.35332108, 41.05078506, -30.66354752, 10.11400127, -70.21338654, 102.90782166, -15.14985180, -12.16627884, -0.62515360, 0.76221138, -0.16383962, 0.03705960, -0.41705352, 0.06750565, 0.12653707, 99.96700287, 113.66096497, 32.41999817, 0.00000000
1, 10.9550, 999, 0.20109330, -0.98199093, 0.07279025, -1.22912347, 49.74642944, 44.88679886, -30.66354752, 10.11400127, -70.21338654, 102.84952545, -15.42378330, -11.96631241, -0.62547183, 0.76177680, -0.16397208, 0.03993058, -0.46608159, 0.04177207, 0.14079244, 99.96700287, 113.66096497, 32.41999817, 0.00000000
1, 10.9600, 1000, 0.24102080, -0.94904494, 0.06772236, -0.45076868, 39.36676025, 49.53679276, -31.92049026, 10.61093235, -70.35954285, 102.80962372, -15.70876980, -11.82369804, -0.62567627, 0.76134229, -0.16453987, 0.04258947, -0.51073039, 0.00994473, 0.14497837, 99.96700287, 113.66096497, 32.41999817, 0.00000000
1, 10.9650, 1001, 0.25395966, -0.94458520, 0.03551178, -0.09909564, 31.81562805, 53.73385620, -31.92049026, 10.61093235, -70.35954285, 102.78252411, -16.00584412, -11.72379398, -0.62580186, 0.76089591, -0.16545154, 0.04511493, -0.52852583, 0.00678617, 0.17642382, 99.96700287, 113.66096497, 32.41999817, 0.00000000
1, 10.9700, 1002, 0.24548604, -0.96258771, -0.01189507, 0.00447679, 24.22413254, 58.07332230, -31.77433395, 9.73399544, -70.21338654, 102.76749420, -16.31571388, -11.66712952, -0.62585592, 0.76043022, -0.16671328, 0.04750787, -0.52507579, 0.02624515, 0.22315748, 99.96700287, 113.66096497, 32.41999817, 0.00000000
1, 10.9750, 1003, 0.21433340, -0.99145770, -0.03514386, -0.23776463, 18.81773758, 62.67959213, -31.77433395, 9.73399544, -70.21338654, 102.76026917, -16.64212227, -11.64307976, -0.62586379, 0.75993001, -0.16827478, 0.04984575, -0.49925840, 0.05666815, 0.24578552, 99.96700287, 113.66096497, 32.41999817, 0.00000000
1, 10.9800, 1004, 0.17407474, -1.02496660, -0.01483873, -0.84610051, 14.30987263, 67.45214081, -31.77433395, 9.73399544, -70.21338654, 102.75813293, -16.98687744, -11.64741135, -0.62584269, 0.75938153, -0.17011765, 0.05216011, -0.46473753, 0.09179831, 0.22489232, 99.96700287, 113.66096497, 32.41999817, 0.00000000
1, 10.9850, 1005, 0.14162071, -1.06480598, 0.03866496, -1.56929004, 10.46409035, 72.17183685, -32.59280777, 9.88015175, -70.47647095, 102.75988007, -17.35044479, -11.67680359, -0.62579972, 0.75878012, -0.17222188, 0.05447062, -0.43840182, 0.13334729, 0.17085326, 99.96700287, 113.66096497, 32.41999817, 0.00000000
1, 10.9900, 1006, 0.10083647, -1.09724057, 0.08657187, -2.30912876, 7.88393974, 76.39611816, -32.59280777, 9.88015175, -70.47647095, 102.73960876, -17.66677094, -11.71696377, -0.62590957, 0.75810874, -0.17415825, 0.05636773, -0.40347499, 0.16742745, 0.12225105, 99.96700287, 113.66096497, 32.41999817, 0.00000000
1, 11.0200, 1007, -0.07296422, -1.16686380, 0.24158025, 3.83585334, 24.08300972, 93.14347839, -33.99590683, 10.52323914, -70.30107880, 102.80822754, -20.29077148, -11.90481186, -0.62503546, 0.75380123, -0.18907467, 0.07324726, -0.27244204, 0.25113612, -0.03563767, 99.96700287, 113.66096497, 32.41999817, 0.00000000
1, 11.0250, 1008, -0.05873068, -1.17647672, 0.23332444, 4.32954025, 27.89815712, 95.47147369, -33.99590683, 10.52323914, -70.30107880, 102.81943512, -20.78708076, -11.87174129, -0.62480599, 0.75304174, -0.19143149, 0.07680912, -0.29470718, 0.26372921, -0.02783344, 99.96700287, 113.66096497, 32.41999817, 0.00000000
1, 11.0300, 1009, -0.02745178, -1.19044006, 0.22152451, 4.79342222, 31.25796890, 97.89414215, -33.99590683, 10.52323914, -70.30107880, 102.82745361, -21.29889679, -11.82394505, -0.62456882, 0.75224900, -0.19377062, 0.08054981, -0.33424038, 0.28083104, -0.01654019, 99.96700287, 113.66096497, 32.41999817, 0.00000000
1, 11.0350, 1010, 0.01362963, -1.20422769, 0.21419095, 5.08797026, 33.91919327, 100.33737183, -35.42823792, 10.75708866, -70.76878357, 102.83248138, -21.82556534, -11.76498985, -0.62432271, 0.75141895, -0.19611211, 0.08444530, -0.38379866, 0.29790282, -0.00977692, 99.96700287, 113.66096497, 32.41999817, 0.00000000
1, 11.0400, 1011, 0.05181639, -1.22159851, 0.21287058, 4.79982853, 34.76413727, 102.77978516, -35.42823792, 10.75708866, -70.76878357, 102.83005524, -22.32613564, -11.70203781, -0.62411481, 0.75059032, -0.19829448, 0.08817127, -0.43035132, 0.31856674, -0.00912779, 99.96700287, 113.66096497, 32.41999817, 0.00000000
1, 11.0450, 1012, 0.09192491, -1.22830379, 0.21120839, 3.96006298, 34.26959991, 105.68801880, -35.80824280, 11.02016926, -70.71031952, 102.83009338, -22.87928963, -11.64718342, -0.62386084, 0.74965024, -0.20079708, 0.09221104, -0.47900659, 0.32871777, -0.00819338, 99.96700287, 113.66096497, 32.41999817, 0.00000000
1, 11.0500, 1013, 0.13602588, -1.23472846, 0.20729096, 3.16915774, 32.72528458, 108.81597137, -35.80824280, 11.02016926, -70.71031952, 102.83033752, -23.44601440, -11.60404778, -0.62359124, 0.74864942, -0.20344235, 0.09627667, -0.53214419, 0.33889705, -0.00503070, 99.96700287, 113.66096497, 32.41999817, 0.00000000
1, 11.0550, 1014, 0.17793860, -1.24302769, 0.20941825, 2.98135662, 31.35538483, 112.15071869, -35.80824280, 11.02016926, -70.71031952, 102.83377075, -24.02750015, -11.57205677, -0.62328571, 0.74760103, -0.20622943, 0.10038458, -0.58330333, 0.35113686, -0.00792551, 99.96700287, 113.66096497, 32.41999817, 0.00000000
1, 11.0900, 1015, 0.24398938, -1.37231851, 0.21107462, 3.13631558, 19.13824654, 141.05599976, -38.26366425, 12.10172462, -70.00876617, 103.01923370, -28.56728554, -11.81508064, -0.61981601, 0.73868310, -0.23080942, 0.13000946, -0.72026676, 0.51496500, -0.01473294, 99.96700287, 113.66096497, 32.41999817, 0.00000000
1, 11.0950, 1016, 0.25147998, -1.41734505, 0.21623290, 3.98001981, 20.79787445, 144.80035400, -39.57907104, 12.07249355, -70.33031464, 103.07460022, -29.29612160, -11.88469505, -0.61905426, 0.73720819, -0.23487680, 0.13464330, -0.73854697, 0.56592762, -0.02050021, 99.96700287, 113.66096497, 32.41999817, 0.00000000
1, 11.1000, 1017, 0.23922569, -1.44883811, 0.23095770, 4.56023026, 23.57834625, 148.18920898, -39.57907104, 12.07249355, -70.33031464, 103.12878418, -30.04452705, -11.94441986, -0.61825645, 0.73566729, -0.23896448, 0.13945849, -0.73763072, 0.60381043, -0.03593719, 99.96700287, 113.66096497, 32.41999817, 0.00000000
1, 11.1050, 1018, 0.22352843, -1.47266459, 0.22422004, 4.40237427, 28.26551819, 150.23080444, -39.57907104, 12.07249355, -70.33031464, 103.17144012, -30.80813217, -11.98152733, -0.61747295, 0.73404038, -0.24298134, 0.14447147, -0.73337102, 0.63430703, -0.03012148, 99.96700287, 113.66096497, 32.41999817, 0.00000000
1, 11.1100, 1019, 0.17941888, -1.50779617, 0.21510457, 5.91657305, 35.98459244, 152.81411743, -40.07600021, 13.03712368, -70.03800201, 103.20157623, -31.59301949, -11.97896862, -0.61667830, 0.73234487, -0.24685167, 0.14981045, -0.70089662, 0.67638898, -0.02228554, 99.96700287, 113.66096497, 32.41999817, 0.00000000
1, 11.1150, 1020, 0.09762135, -1.54413378, 0.24101859, 7.76930428, 47.96632767, 154.96893311, -40.07600021, 13.03712368, -70.03800201, 103.20612335, -32.40196991, -11.91074181, -0.61590970, 0.73056227, -0.25044346, 0.15560243, -0.63107389, 0.71991372, -0.04997465, 99.96700287, 113.66096497, 32.41999817, 0.00000000
1, 11.1200, 1021, 0.01472231, -1.62562644, 0.28833586, 9.77741146, 64.59790039, 156.46147156, -41.53756332, 13.09558582, -69.51184082, 103.16825867, -33.23700333, -11.74724293, -0.61521667, 0.72866637, -0.25360817, 0.16197772, -0.56046724, 0.80882573, -0.09978321, 99.96700287, 113.66096497, 32.41999817, 0.00000000
1, 11.1250, 1022, 0.01277609, -1.69038725, 0.25425687, 11.68599415, 86.45964813, 157.69435120, -41.53756332, 13.09558582, -69.51184082, 103.06611633, -34.10247421, -11.45460129, -0.61466175, 0.72661048, -0.25619566, 0.16909143, -0.57087052, 0.88138956, -0.06877024, 99.96700287, 113.66096497, 32.41999817, 0.00000000
1, 11.1300, 1023, 0.12324625, -1.74070632, 0.17605226, 13.96564198, 121.35903931, 157.16519165, -42.32680511, 12.59865570, -69.92107391, 102.85085297, -35.00350571, -10.94872284, -0.61438584, 0.72431594, -0.25779387, 0.17730980, -0.69407892, 0.93981183, 0.00490851, 99.96700287, 113.66096497, 32.41999817, 0.00000000
1, 11.1350, 1024, 0.32927752, -1.78739178, 0.18362103, 17.10622025, 143.42723083, 154.56661987, -42.32680511, 12.59865570, -69.92107391, 102.55989838, -35.91407394, -10.29662991, -0.61423010, 0.72190642, -0.25867203, 0.18617567, -0.91307831, 0.99454582, -0.00803609, 99.96700287, 113.66096497, 32.41999817, 0.00000000
1, 11.1650, 1025, 0.16485442, -1.26338267, -0.00282439, 40.38209915, 163.22750854, 130.17070007, -45.92224503, 14.49868488, -70.50569916, 100.16113281, -40.91885757, -5.24234724, -0.61286187, 0.70755851, -0.25693282, 0.24030571, -0.81724358, 0.51762259, 0.13610658, 99.96700287, 113.66096497, 32.41999817, 0.00000000
1, 11.1700, 1026, 0.10030303, -1.28068995, 0.34469616, 44.90031052, 165.64611816, 128.24296570, -47.23764801, 15.43408298, -71.03186035, 99.76673126, -41.69203186, -4.30234575, -0.61195779, 0.70556432, -0.25595993, 0.24934152, -0.76378262, 0.54225612, -0.21818283, 99.96700287, 113.66096497, 32.41999817, 0.00000000
1, 11.1750, 1027, -0.00786246, -1.27663875, 0.61357045, 32.09394073, 162.41423035, 126.22583008, -47.23764801, 15.43408298, -71.03186035, 99.29913330, -42.44748688, -3.36266804, -0.61138123, 0.70322549, -0.25513077, 0.25806069, -0.66615438, 0.54551518, -0.49452350, 99.96700287, 113.66096497, 32.41999817, 0.00000000
1, 11.1800, 1028, -0.10130872, -1.17431903, 0.53808892, 6.45219183, 156.52789307, 127.18308258, -48.40689850, 15.58023930, -71.70417786, 98.70767212, -43.19686508, -2.44276762, -0.61146569, 0.70020121, -0.25475764, 0.26632071, -0.58215559, 0.45092690, -0.42767125, 99.96700287, 113.66096497, 32.41999817, 0.00000000
1, 11.1850, 1029, -0.28190413, -1.05270958, 0.29658923, -4.84141541, 153.22044373, 131.80479431, -48.40689850, 15.58023930, -71.70417786, 98.05410004, -43.95951080, -1.52742231, -0.61175644, 0.69680810, -0.25472599, 0.27445802, -0.41056967, 0.33749771, -0.19575976, 99.96700287, 113.66096497, 32.41999817, 0.00000000
1, 11.1900, 1030, -0.49523020, -1.08909750, 0.21158820, -1.83402836, 155.51094055, 136.16757202, -48.40689850, 15.58023930, -71.70417786, 97.38477325, -44.72101974, -0.57804036, -0.61190146, 0.69341862, -0.25462550, 0.28268912, -0.20663059, 0.38210458, -0.12092352, 99.96700287, 113.66096497, 32.41999817, 0.00000000
1, 11.1950, 1031, -0.61495185, -1.19151521, 0.19707666, 3.03408599, 150.86465454, 139.95573425, -50.59923935, 16.36948204, -71.82110596, 96.73518372, -45.50707626, 0.36271614, -0.61172968, 0.69006556, -0.25476596, 0.29101661, -0.09646697, 0.49301827, -0.11612138, 99.96700287, 113.66096497, 32.41999817, 0.00000000
1, 11.2000, 1032, -0.71692872, -1.25144291, 0.13353615, 3.99938083, 136.57371521, 143.63381958, -50.59923935, 16.36948204, -71.82110596, 96.13850403, -46.29625320, 1.22398019, -0.61127514, 0.68682528, -0.25536695, 0.29900104, -0.00394569, 0.56198078, -0.06147237, 99.96700287, 113.66096497, 32.41999817, 0.00000000
1, 11.2050, 1033, -0.84475821, -1.35226059, 0.02140314, 6.15472651, 123.13771820, 144.02223206, -51.68079376, 17.12949371, -72.23033905, 95.59817505, -47.07457352, 2.01136684, -0.61055762, 0.68376368, -0.25629187, 0.30659622, 0.11475877, 0.67213666, 0.04253239, 99.96700287, 113.66096497, 32.41999817, 0.00000000
1, 11.2100, 1034, -0.82045859, -1.48975468, 0.00013343, 11.86136150, 120.60092163, 138.52613831, -51.68079376, 17.12949371, -72.23033905, 95.07397461, -47.81925201, 2.80574417, -0.60967505, 0.68090367, -0.25702748, 0.31401184, 0.08157894, 0.81869513, 0.05653871, 99.96700287, 113.66096497, 32.41999817, 0.00000000
1, 11.2500, 1035, -0.47910592, -0.49254701, 0.30535564, -32.33488846, 56.89997864, 56.49470901, -54.54545212, 18.62028694, -73.13651276, 90.67044830, -51.63130951, 7.61215639, -0.61084741, 0.65915877, -0.26294705, 0.35104707, -0.30493814, -0.12955904, -0.29874569, 99.96700287, 113.66096497, 32.41999817, 0.00000000
1, 11.2550, 1036, -0.40274012, -0.31789431, 0.28790870, -23.68442535, 45.89037704, 49.49731827, -55.04238510, 18.70797920, -73.66267395, 90.26356506, -51.88056564, 7.98023033, -0.61129165, 0.65725571, -0.26350439, 0.35341603, -0.38405579, -0.30069193, -0.28556454, 99.96700287, 113.66096497, 32.41999817, 0.00000000
1, 11.2600, 1037, -0.35839322, -0.23252019, 0.26369670, -16.00689888, 32.99055481, 42.53734589, -55.04238510, 18.70797920, -73.66267395, 89.97315979, -52.09351349, 8.24792671, -0.61147016, 0.65583104, -0.26408646, 0.35531449, -0.43072933, -0.38299075, -0.26455033, 99.96700287, 113.66096497, 32.41999817, 0.00000000
1, 11.2650, 1038, -0.36976019, -0.22194034, 0.18005323, -11.79927921, 21.60662270, 35.02675247, -55.04238510, 18.70797920, -73.66267395, 89.77455139, -52.26838684, 8.42522717, -0.61151087, 0.65477794, -0.26469159, 0.35673320, -0.42113513, -0.39088356, -0.18326391, 99.96700287, 113.66096497, 32.41999817, 0.00000000
1, 11.2700, 1039, -0.38907817, -0.29484099, 0.08427373, -10.56326389, 11.67671967, 26.81748772, -55.27623367, 18.44489861, -73.72113037, 89.64525604, -52.40221024, 8.52223969, -0.61152810, 0.65400505, -0.26530850, 0.35766232, -0.40311658, -0.31583071, -0.08920360, 99.96700287, 113.66096497, 32.41999817, 0.00000000
1, 11.2750, 1040, -0.40860540, -0.42883125, 0.05489569, -10.50036716, -1.03720009, 19.53826141, -55.27623367, 18.44489861, -73.72113037, 89.59870148, -52.50007248, 8.51504993, -0.61150903, 0.65351504, -0.26605663, 0.35803452, -0.38465011, -0.18031514, -0.06081996, 99.96700287, 113.66096497, 32.41999817, 0.00000000
1, 11.2800, 1041, -0.40586391, -0.55264115, 0.08791067, -12.27717686, -17.46347618, 12.43933296, -54.95469284, 17.91873741, -74.01344299, 89.65072632, -52.56314087, 8.37236786, -0.61146009, 0.65331531, -0.26706961, 0.35772836, -0.38823837, -0.05556519, -0.09373485, 99.96700287, 113.66096497, 32.41999817, 0.00000000
1, 11.2850, 1042, -0.36897707, -0.60627341, 0.13659960, -16.43387032, -34.15380478, 5.32935238, -54.95469284, 17.91873741, -74.01344299, 89.79157257, -52.59109116, 8.09164715, -0.61144471, 0.65334606, -0.26839110, 0.35670787, -0.42563578, -0.00151091, -0.14114654, 99.96700287, 113.66096497, 32.41999817, 0.00000000
1, 11.2900, 1043, -0.30679891, -0.52231967, 0.15779957, -23.03941917, -48.79670715, -3.80378294, -54.95469284, 17.91873741, -74.01344299, 90.03656006, -52.54018784, 7.65849829, -0.61155021, 0.65375555, -0.26981032, 0.35470060, -0.48764831, -0.08578879, -0.15981090, 99.96700287, 113.66096497, 32.41999817, 0.00000000
1, 11.2950, 1044, -0.29816085, -0.43869698, 0.15219824, -27.35817909, -61.04975510, -11.54203129, -54.95469284, 15.49254608, -73.57497406, 90.29753113, -52.48245239, 7.15705967, -0.61178565, 0.65410101, -0.27153808, 0.35233119, -0.49559489, -0.17028147, -0.15132117, 99.96700287, 113.66096497, 32.41999817, 0.00000000
1, 11.3100, 1045, -0.30974224, -0.14692277, 0.13158973, -27.00891113, -90.93211365, -42.26340485, -54.57468414, 17.56796265, -72.93189240, 91.47193909, -51.98476028, 5.12374783, -0.61271310, 0.65672511, -0.27680686, 0.34157398, -0.47906440, -0.46818161, -0.11802879, 99.96700287, 113.66096497, 32.41999817, 0.00000000
1, 11.3150, 1046, -0.29957995, -0.10620411, 0.13369897, -24.98322296, -102.14085388, -53.52769089, -54.57468414, 17.56796265, -72.93189240, 91.98643494, -51.70297241, 4.30976439, -0.61298418, 0.65821236, -0.27838343, 0.33691192, -0.48636580, -0.51240814, -0.11461234, 99.96700287, 113.66096497, 32.41999817, 0.00000000
1, 11.3200, 1047, -0.28667071, -0.07656647, 0.12300526, -23.51761246, -117.17145538, -65.40172577, -54.10698700, 17.88950539, -72.52265167, 92.58908081, -51.35407639, 3.38884258, -0.61318642, 0.66008288, -0.27999228, 0.33150765, -0.49565232, -0.54632765, -0.09738664, 99.96700287, 113.66096497, 32.41999817, 0.00000000
1, 11.3250, 1048, -0.27072689, -0.05594989, 0.11218365, -22.45793343, -134.07135010, -77.91102600, -54.10698700, 17.88950539, -72.52265167, 93.28295135, -50.93206024, 2.35238194, -0.61330777, 0.66235113, -0.28166807, 0.32528102, -0.50716174, -0.57205403, -0.07889943, 99.96700287, 113.66096497, 32.41999817, 0.00000000
1, 11.3300, 1049, -0.24688843, -0.03570635, 0.10017444, -21.86361313, -150.88821411, -91.14853668, -53.81467438, 17.36334419, -72.02572632, 94.05718231, -50.43038940, 1.20886755, -0.61336088, 0.66500020, -0.28338951, 0.31820366, -0.52566034, -0.59826869, -0.05808497, 99.96700287, 113.66096497, 32.41999817, 0.00000000
1, 11.3350, 1050, -0.21500659, -0.01824480, 0.08613975, -21.07717896, -166.14906311, -105.29780579, -53.81467438, 17.36334419, -72.02572632, 94.89434052, -49.84222031, -0.02072957, -0.61335790, 0.66801167, -0.28508067, 0.31029281, -0.55119121, -0.62260211, -0.03422743, 99.96700287, 113.66096497, 32.41999817, 0.00000000
1, 11.3400, 1051, -0.19380619, -0.01447528, 0.09519566, -18.39348221, -179.41455078, -119.17830658, -53.81467438, 17.36334419, -72.02572632, 95.80050659, -49.17893600, -1.32499099, -0.61315382, 0.67141986, -0.28675479, 0.30167794, -0.56509781, -0.63407457, -0.03249453, 99.96700287, 113.66096497, 32.41999817, 0.00000000
1, 11.3450, 1052, -0.18552819, -0.05935584, 0.15375014, -13.98483944, -188.58972168, -134.52555847, -51.76848984, 16.48640823, -70.82723999, 96.71728516, -48.40910721, -2.63851833, -0.61294490, 0.67516702, -0.28804901, 0.29236257, -0.56507361, -0.59783626, -0.07959227, 99.96700287, 113.66096497, 32.41999817, 0.00000000
1, 11.3500, 1053, -0.18219480, -0.09872324, 0.18879981, -9.88967896, -191.46150208, -145.54736328, -51.76848984, 16.48640823, -70.82723999, 97.62140656, -47.56912231, -3.92416072, -0.61265540, 0.67912650, -0.28901342, 0.28268710, -0.55891937, -0.56788051, -0.10294040, 99.96700287, 113.66096497, 32.41999817, 0.00000000
1, 11.3550, 1054, -0.16931620, -0.17441319, 0.23676664, -5.13446808, -190.42562866, -158.06178284, -49.57614517, 15.58023930, -70.82723999, 98.49118805, -46.65458298, -5.14884520, -0.61232394, 0.68328053, -0.28948790, 0.27273428, -0.56127143, -0.50228691, -0.13907117, 99.96700287, 113.66096497, 32.41999817, 0.00000000
1, 11.4050, 1055, -0.35635492, -0.48947135, 0.23618637, -39.70191574, -110.18382263, -231.42187500, -41.80064392, 12.48173046, -68.43028259, 102.25324249, -35.57403946, -12.22056198, -0.61952126, 0.71670109, -0.26953816, 0.17286512, -0.23048781, -0.30254686, -0.06583035, 99.96700287, 113.66096497, 32.41999817, 0.00000000
1, 11.4100, 1056, -0.38302290, -0.47535792, 0.20460127, -46.49719620, -98.29296112, -244.65219116, -41.80064392, 12.48173046, -68.43028259, 102.17405701, -34.27541733, -12.49349880, -0.62163395, 0.71899766, -0.26490062, 0.16260754, -0.18535429, -0.32949859, -0.03242646, 99.96700287, 113.66096497, 32.41999817, 0.00000000
1, 11.4150, 1057, -0.39353162, -0.47343078, 0.19835649, -49.17536163, -90.54955292, -253.37184143, -41.80064392, 12.48173046, -68.43028259, 102.04422760, -32.94266129, -12.70869255, -0.62389600, 0.72116679, -0.25976211, 0.15230197, -0.15565565, -0.34439003, -0.02516565, 99.96700287, 113.66096497, 32.41999817, 0.00000000
1, 11.4200, 1058, -0.40446916, -0.48693606, 0.20887721, -49.91564941, -84.02987671, -261.19891357, -39.66676331, 11.66325665, -68.72259521, 101.88152313, -31.57879639, -12.87742329, -0.62621731, 0.72325587, -0.25416735, 0.14195703, -0.12480140, -0.34385112, -0.03531819, 99.96700287, 113.66096497, 32.41999817, 0.00000000
1, 11.4250, 1059, -0.40610337, -0.50649953, 0.21766785, -50.61554718, -77.80003357, -268.54266357, -39.66676331, 11.66325665, -68.72259521, 101.69031525, -30.18574715, -13.00437546, -0.62858123, 0.72525930, -0.24813682, 0.13157815, -0.10250817, -0.33713669, -0.04426121, 99.96700287, 113.66096497, 32.41999817, 0.00000000
1, 11.4300, 1060, -0.44652149, -0.54688084, 0.19385718, -51.25604248, -70.59490967, -275.86392212, -37.64981079, 10.31861973, -68.95644379, 101.47102356, -28.76439285, -13.08634090, -0.63098729, 0.72716939, -0.24164183, 0.12119801, -0.04061599, -0.30939054, -0.02129208, 99.96700287, 113.66096497, 32.41999817, 0.00000000
1, 11.4350, 1061, -0.48369297, -0.60607767, 0.16298111, -51.82167053, -60.64894867, -282.70022583, -37.64981079, 10.31861973, -68.95644379, 101.22004700, -27.31953239, -13.11096859, -0.63345087, 0.72896540, -0.23461993, 0.11091878, 0.01873190, -0.26259333, 0.00810563, 99.96700287, 113.66096497, 32.41999817, 0.00000000
1, 11.4400, 1062, -0.49919680, -0.66008472, 0.16257022, -51.98290253, -51.43403625, -287.94668579, -34.78514862, 8.27243519, -68.78105927, 100.94789124, -25.86492920, -13.08750057, -0.63591772, 0.73064005, -0.22717944, 0.10081300, 0.05685430, -0.22067875, 0.00651233, 99.96700287, 113.66096497, 32.41999817, 0.00000000
1, 11.4450, 1063, -0.48940691, -0.71290982, 0.20140211, -51.03589249, -45.43456268, -292.33749390, -34.78514862, 8.27243519, -68.78105927, 100.66644287, -24.38712692, -13.03407097, -0.63834280, 0.73223919, -0.21934862, 0.09072206, 0.07013147, -0.17959195, -0.03461305, 99.96700287, 113.66096497, 32.41999817, 0.00000000
1, 11.4500, 1064, -0.46666002, -0.77658355, 0.23961197, -50.97822952, -42.14779282, -295.76507568, -34.78514862, 8.27243519, -68.78105927, 100.38146973, -22.89524269, -12.96820831, -0.64070100, 0.73373246, -0.21127862, 0.08062511, 0.07102178, -0.12720639, -0.07538098, 99.96700287, 113.66096497, 32.41999817, 0.00000000
1, 11.4750, 1065, -0.28443852, -0.96704590, 0.24301493, -45.10425186, -23.38544846, -328.20147705, -29.20198822, 8.91552162, -69.59953308, 98.96768188, -15.08283234, -12.43807030, -0.65106159, 0.73997521, -0.16640404, 0.02941762, 0.01667464, 0.01497297, -0.09400213, 99.96700287, 113.66096497, 32.41999817, 0.00000000
1, 11.4800, 1066, -0.29112506, -1.02188337, 0.22099364, -40.32685471, -20.70034981, -338.29336548, -27.18503380, 8.21397209, -69.80415344, 98.72255707, -13.39583397, -12.27825546, -0.65259790, 0.74120629, -0.15612485, 0.01882309, 0.05169433, 0.06188235, -0.07514103, 99.96700287, 113.66096497, 32.41999817, 0.00000000
1, 11.4850, 1067, -0.31817153, -1.07517159, 0.17920613, -34.51991653, -17.77158928, -348.00689697, -27.18503380, 8.21397209, -69.80415344, 98.50791168, -11.66229630, -12.10430527, -0.65382653, 0.74249727, -0.14540786, 0.00808071, 0.10813566, 0.10800616, -0.03623428, 99.96700287, 113.66096497, 32.41999817, 0.00000000
1, 11.4900, 1068, -0.34705696, -1.14720595, 0.15485211, -26.94392586, -13.84172249, -356.70257568, -24.43729782, 8.18474102, -70.12569427, 98.33222961, -9.89250469, -11.91126442, -0.65468609, 0.74387252, -0.13428502, -0.00270806, 0.16724920, 0.17369485, -0.01433768, 99.96700287, 113.66096497, 32.41999817, 0.00000000
1, 11.4950, 1069, -0.37701455, -1.22010839, 0.17495064, -18.47320175, -9.98045063, -363.65872192, -24.43729782, 8.18474102, -70.12569427, 98.20230103, -8.08583832, -11.69969273, -0.65512711, 0.74535429, -0.12276773, -0.01355089, 0.22808599, 0.24112582, -0.03630187, 99.96700287, 113.66096497, 32.41999817, 0.00000000
1, 11.5000, 1070, -0.34830499, -1.28496993, 0.21214537, -10.22764111, -7.88435650, -369.70767212, -24.43729782, 8.18474102, -70.12569427, 98.11887360, -6.25021791, -11.47768974, -0.65514004, 0.74691373, -0.11096656, -0.02445171, 0.23092714, 0.30150181, -0.07454461, 99.96700287, 113.66096497, 32.41999817, 0.00000000
1, 11.5050, 1071, -0.31505087, -1.35979903, 0.25617427, -4.20345783, -6.74683380, -372.87686157, -21.51417732, 7.54165459, -69.86260986, 98.07215118, -4.39938354, -11.25067139, -0.65478700, 0.74846548, -0.09900649, -0.03537107, 0.22963533, 0.37290484, -0.11911323, 99.96700287, 113.66096497, 32.41999817, 0.00000000
1, 11.5100, 1072, -0.27025387, -1.45986700, 0.30573994, 0.08672674, -6.44855881, -376.53475952, -21.51417732, 7.54165459, -69.86260986, 98.05404663, -2.53046179, -11.02120876, -0.65411466, 0.74995577, -0.08689817, -0.04635755, 0.21717203, 0.47062486, -0.16883494, 99.96700287, 113.66096497, 32.41999817, 0.00000000
1, 11.5150, 1073, -0.24319057, -1.52582836, 0.31789091, 1.27025962, -5.66777039, -382.56021118, -18.26951218, 8.33089733, -69.95030975, 98.04911041, -0.63218969, -10.78438759, -0.65321547, 0.75129813, -0.07454897, -0.05747353, 0.22307865, 0.53537720, -0.18099175, 99.96700287, 113.66096497, 32.41999817, 0.00000000
1, 11.5200, 1074, -0.25146538, -1.58834779, 0.30841869, -0.31350204, 3.12532139, -389.62127686, -18.26951218, 8.33089733, -69.95030975, 98.04442596, 1.29497194, -10.49938107, -0.65219361, 0.75242698, -0.06169248, -0.06849202, 0.26486188, 0.59781706, -0.17170879, 99.96700287, 113.66096497, 32.41999817, 0.00000000
1, 11.5700, 1075, -0.18379071, -1.81832409, 0.45696473, 18.77744865, 115.28187561, -299.28015137, -10.17246437, 15.28792763, -69.65799713, 99.80387115, 19.02960587, -5.80116701, -0.62802476, 0.75884092, 0.06815857, -0.15842986, 0.50324756, 0.88398427, -0.30042297, 99.96700287, 113.66096497, 32.41999817, 0.00000000
1, 11.5750, 1076, -0.05173336, -1.81311226, 0.32019657, -1.46604574, 91.68674469, -275.32873535, -10.17246437, 15.28792763, -69.65799713, 100.03810120, 20.30761337, -5.07164240, -0.62587380, 0.75852990, 0.07979066, -0.16293517, 0.39291304, 0.88718206, -0.16005686, 99.96700287, 113.66096497, 32.41999817, 0.00000000
1, 11.5800, 1077, -0.19034480, -1.64160836, -0.25182399, -23.06763649, 46.79188538, -243.84080505, -8.50628471, 16.34025192, -69.27798462, 100.08805847, 21.46757698, -4.59911394, -0.62472618, 0.75731868, 0.08929221, -0.16796646, 0.55232811, 0.72399944, 0.41184932, 99.96700287, 113.66096497, 32.41999817, 0.00000000
1, 11.5850, 1078, -0.55424440, -1.41024494, -0.33054039, -10.64735794, 16.58361816, -218.53494263, -8.50628471, 16.34025192, -69.27798462, 100.14164734, 22.52904129, -4.30617094, -0.62340385, 0.75624514, 0.09703305, -0.17333667, 0.93400997, 0.49978900, 0.48952013, 99.96700287, 113.66096497, 32.41999817, 0.00000000
1, 11.5900, 1079, -1.05791044, -1.38507664, 0.01811513, 11.52599239, -6.55780745, -198.30241394, -7.48319197, 17.97719955, -69.10260010, 100.25514984, 23.48608208, -4.15323782, -0.62159079, 0.75564492, 0.10316079, -0.17883970, 1.45273161, 0.48090893, 0.14006498, 99.96700287, 113.66096497, 32.41999817, 0.00000000
1, 11.5950, 1080, -1.26743424, -1.27603543, 0.55711114, 15.23649979, -10.20727253, -170.99079895, -7.48319197, 17.97719955, -69.10260010, 100.37418365, 24.33669853, -4.04218769, -0.61979789, 0.75517368, 0.10839631, -0.18388510, 1.67492104, 0.37737894, -0.39844769, 99.96700287, 113.66096497, 32.41999817, 0.00000000
1, 11.6000, 1081, -1.23106492, -0.94823933, 1.00996697, 4.26002455, -6.24732399, -135.03849792, -7.48319197, 17.97719955, -69.10260010, 100.43527985, 25.00662041, -3.94295692, -0.61860454, 0.75457644, 0.11263774, -0.18776527, 1.64880860, 0.05415774, -0.85040939, 99.96700287, 113.66096497, 32.41999817, 0.00000000
1, 11.6050, 1082, -1.14656436, -0.44365567, 0.78933084, -2.42332530, 33.93446350, -98.83831024, -6.48933077, 17.94796753, -69.33644867, 100.54280090, 25.46206856, -3.65991378, -0.61770850, 0.75428814, 0.11682546, -0.18930775, 1.57295239, -0.44610065, -0.62814856, 99.96700287, 113.66096497, 32.41999817, 0.00000000
1, 11.6100, 1083, -0.99981809, -0.12848406, 0.28409123, 17.91565514, 96.46543121, -58.17306137, -6.48933077, 17.94796753, -69.33644867, 100.88423920, 25.65934753, -3.07501125, -0.61614114, 0.75525725, 0.12119553, -0.18779856, 1.43161440, -0.75769246, -0.11810634, 99.96700287, 113.66096497, 32.41999817, 0.00000000
1, 11.6150, 1084, -0.81317896, -0.17139813, -0.03367941, 42.90787506, 124.99205780, -14.03108501, -6.69394922, 19.70184135, -69.16106415, 101.39957428, 25.60904503, -2.37969732, -0.61393845, 0.75734597, 0.12467436, -0.18429042, 1.24589944, -0.71273613, 0.20752400, 99.96700287, 113.66096497, 32.41999817, 0.00000000
1, 11.6300, 1085, -0.58617222, -0.86496496, -0.41087791, 48.93098831, 28.03012466, 108.96276855, -7.36626720, 19.67260933, -68.63490295, 102.43424225, 24.38879967, -1.62999392, -0.60983407, 0.76374114, 0.12145678, -0.17335019, 1.00256753, -0.02287220, 0.60294318, 99.96700287, 113.66096497, 32.41999817, 0.00000000
1, 11.6350, 1086, -0.69727874, -1.09682977, -0.15219353, 59.79877853, 4.66706562, 143.17953491, -7.36626720, 19.67260933, -68.63490295, 102.67637634, 23.68548393, -1.77402771, -0.60887110, 0.76611936, 0.11636329, -0.16969623, 1.10227859, 0.20468138, 0.34839615, 99.96700287, 113.66096497, 32.41999817, 0.00000000
1, 11.6400, 1087, -0.85137933, -1.25983751, 0.09821599, 59.73957443, -0.46370396, 164.05424500, -7.71704149, 19.43876076, -68.37181854, 102.89463806, 22.85264397, -1.97446704, -0.60812193, 0.76854908, 0.11024202, -0.16542941, 1.24305534, 0.36270541, 0.10210834, 99.96700287, 113.66096497, 32.41999817, 0.00000000
1, 11.6450, 1088, -1.01923883, -1.36553776, 0.18834238, 51.08840942, -1.88148773, 180.95561218, -7.71704149, 19.43876076, -68.37181854, 103.06535339, 21.97339439, -2.20257187, -0.60768616, 0.77074897, 0.10375993, -0.16092725, 1.39656675, 0.46317613, 0.01557726, 99.96700287, 113.66096497, 32.41999817, 0.00000000
1, 11.6500, 1089, -1.16769540, -1.40074527, 0.10558064, 41.68398285, -0.45333824, 195.09519958, -7.71704149, 19.43876076, -68.37181854, 103.18869781, 21.02408600, -2.44130898, -0.60761487, 0.77271956, 0.09689856, -0.15594679, 1.53011072, 0.49314302, 0.10139048, 99.96700287, 113.66096497, 32.41999817, 0.00000000
1, 11.6550, 1090, -1.11146700, -1.40844905, 0.03082858, 37.39208984, 0.89913839, 205.48742676, -8.71090317, 18.73721123, -68.05027771, 103.29240417, 20.02301598, -2.68604612, -0.60770410, 0.77456909, 0.08974445, -0.15061367, 1.45790946, 0.49540129, 0.17936257, 99.96700287, 113.66096497, 32.41999817, 0.00000000
1, 11.6600, 1091, -0.74000168, -1.47085035, 0.00759277, 38.12192535, 5.22740459, 205.37100220, -8.71090317, 18.73721123, -68.05027771, 103.41108704, 19.01799011, -2.90877199, -0.60770077, 0.77640140, 0.08269721, -0.14512768, 1.06995583, 0.55248034, 0.20659697, 99.96700287, 113.66096497, 32.41999817, 0.00000000
1, 11.6650, 1092, -0.19072780, -1.61155081, -0.08867071, 36.00880814, 18.67309380, 194.36146545, -9.82168961, 16.10640144, -67.87489319, 103.54850769, 18.05140305, -3.05017638, -0.60760379, 0.77816045, 0.07638634, -0.13946016, 0.50476384, 0.68851078, 0.30743295, 99.96700287, 113.66096497, 32.41999817, 0.00000000
1, 11.6800, 1093, 2.50379419, -1.69206762, -0.31850487, -14.66103649, 30.09133530, 119.35561371, -10.87401295, 17.83104324, -67.99181366, 103.56501007, 15.74843788, -3.15964365, -0.60961503, 0.78030080, 0.06326558, -0.12448970, -2.22918940, 0.75770843, 0.54783309, 99.96700287, 113.66096497, 32.41999817, 0.00000000
1, 11.6850, 1094, 3.01215672, -1.63534665, -0.67563808, -36.88193130, 62.67579651, 84.34644318, -10.87401295, 17.83104324, -67.99181366, 103.43857574, 15.26512623, -2.94517279, -0.61114413, 0.77988762, 0.06226229, -0.12000662, -2.74552727, 0.69876873, 0.90527350, 99.96700287, 113.66096497, 32.41999817, 0.00000000
1, 11.6900, 1095, 3.06322336, -1.30874979, -1.02780223, -60.24813080, 47.49487305, 56.66091919, -11.10786343, 18.00643158, -67.78719330, 103.18112946, 14.93803310, -2.77356458, -0.61336017, 0.77866936, 0.06193294, -0.11673744, -2.80164075, 0.37027764, 1.25465322, 99.96700287, 113.66096497, 32.41999817, 0.00000000
1, 11.6950, 1096, 2.65087605, -1.08043623, -0.80997789, -44.85493088, -63.06048965, 59.19281387, -11.10786343, 18.00643158, -67.78719330, 102.85885620, 14.71938515, -3.16008902, -0.61534524, 0.77730680, 0.05845544, -0.11716388, -2.39396286, 0.13936341, 1.03137755, 99.96700287, 113.66096497, 32.41999817, 0.00000000
1, 11.7000, 1097, 1.97666931, -0.95222926, -0.56945992, -30.47411346, -156.36863708, 66.98590088, -11.10786343, 18.00643158, -67.78719330, 102.48897552, 14.56230164, -4.02424669, -0.61709780, 0.77584440, 0.05212949, -0.12057477, -1.72317767, 0.00869874, 0.78363216, 99.96700287, 113.66096497, 32.41999817, 0.00000000
1, 11.7050, 1098, 1.27596724, -0.87537396, -0.51508659, -14.50819778, -214.82194519, 80.25151825, -12.21864891, 17.10026360, -68.48874664, 102.12443542, 14.39701748, -5.19615984, -0.61846370, 0.77447450, 0.04369110, -0.12563147, -1.02531755, -0.07027232, 0.72168696, 99.96700287, 113.66096497, 32.41999817, 0.00000000
1, 11.7100, 1099, 0.49137068, -0.89218283, -0.43532008, 6.41566181, -264.59747314, 98.04239655, -12.21864891, 17.10026360, -68.48874664, 101.80216217, 14.18933392, -6.63621664, -0.61923581, 0.77333355, 0.03318787, -0.13191244, -0.24422877, -0.05559565, 0.63461614, 99.96700287, 113.66096497, 32.41999817, 0.00000000
1, 11.7150, 1100, -0.27534086, -0.93134964, -0.24264215, 21.97451210, -305.30044556, 119.06218719, -10.66939449, 16.74948883, -69.39491272, 101.50928497, 13.91220856, -8.30077267, -0.61955106, 0.77227241, 0.02078028, -0.13899623, 0.51764089, -0.01884959, 0.43522489, 99.96700287, 113.66096497, 32.41999817, 0.00000000
1, 11.7200, 1101, -0.96880639, -0.96396005, 0.15621811, 34.95382690, -323.17980957, 143.18258667, -10.66939449, 16.74948883, -69.39491272, 101.26455688, 13.52687550, -10.07610130, -0.61945224, 0.77130497, 0.00699425, -0.14600983, 1.20407963, 0.01078072, 0.03057031, 99.96700287, 113.66096497, 32.41999817, 0.00000000
1, 11.7250, 1102, -1.54700994, -1.12284696, 0.60832715, 45.40267563, -302.76177979, 165.68923950, -10.66939449, 16.74948883, -69.39491272, 101.10547638, 13.00554371, -11.76597595, -0.61899173, 0.77057594, -0.00706282, -0.15169752, 1.77290106, 0.16640101, -0.42586714, 99.96700287, 113.66096497, 32.41999817, 0.00000000
1, 11.7600, 1103, -0.55326581, -0.79976869, 0.83979303, 18.74878120, -90.14027405, 138.32267761, -10.58170128, 15.02484608, -70.62262726, 100.90445709, 8.03998756, -17.04780960, -0.62012678, 0.76731634, -0.06986781, -0.14760402, 0.69358402, -0.17356308, -0.65534520, 99.96700287, 113.66096497, 32.41999817, 0.00000000
1, 11.7650, 1104, -0.49874380, -0.67119062, 0.72953594, 33.82140350, -95.08893585, 139.48504639, -11.37094402, 15.17100239, -70.91493988, 100.99397278, 7.44493437, -17.65145111, -0.61957508, 0.76718295, -0.07732491, -0.14689484, 0.62909049, -0.30313185, -0.54332089, 99.96700287, 113.66096497, 32.41999817, 0.00000000
1, 11.7700, 1105, -0.56433386, -0.72432494, 0.46846336, 50.91130447, -89.77441406, 143.35505676, -11.37094402, 15.17100239, -70.91493988, 101.17799377, 6.82745504, -18.23309135, -0.61845785, 0.76748824, -0.08487113, -0.14583819, 0.68474317, -0.25036520, -0.27951068, 99.96700287, 113.66096497, 32.41999817, 0.00000000
1, 11.7750, 1106, -0.70102888, -0.91240513, 0.08886702, 60.94595718, -66.72270203, 142.90045166, -12.39403629, 14.87869072, -70.97339630, 101.43121338, 6.19212914, -18.70211601, -0.61705190, 0.76816875, -0.09183718, -0.14397837, 0.81143427, -0.06210903, 0.10375241, 99.96700287, 113.66096497, 32.41999817, 0.00000000
1, 11.7800, 1107, -0.92393923, -1.11432946, -0.25214538, 53.96712494, -26.45808792, 136.06228638, -12.39403629, 14.87869072, -70.97339630, 101.67535400, 5.55227518, -18.96824837, -0.61596894, 0.76890403, -0.09744057, -0.14097637, 1.02408147, 0.14009492, 0.44839802, 99.96700287, 113.66096497, 32.41999817, 0.00000000
1, 11.7850, 1108, -1.08990180, -1.13525331, -0.35716411, 34.10232925, 16.40150452, 123.84165955, -12.39403629, 14.87869072, -70.97339630, 101.84317017, 4.92966175, -19.01330566, -0.61563712, 0.76939189, -0.10135596, -0.13694561, 1.17939305, 0.16084939, 0.55640459, 99.96700287, 113.66096497, 32.41999817, 0.00000000
1, 11.7900, 1109, -1.09087539, -0.95712233, 0.02645546, 17.14501190, 36.34634399, 111.00276184, -12.62788677, 13.24174213, -70.68108368, 101.93736267, 4.29641008, -18.94936562, -0.61592489, 0.76955217, -0.10449716, -0.13231139, 1.16864002, -0.01839922, 0.17512269, 99.96700287, 113.66096497, 32.41999817, 0.00000000
1, 11.7950, 1110, -1.01913786, -0.69276989, 0.39817852, 11.49267387, 32.56388855, 95.21107483, -12.62788677, 13.24174213, -70.68108368, 102.00034332, 3.79718256, -18.88780403, -0.61622357, 0.76961505, -0.10687870, -0.12860142, 1.08654046, -0.28379375, -0.19468310, 99.96700287, 113.66096497, 32.41999817, 0.00000000
1, 11.8000, 1111, -0.94491202, -0.60583937, 0.51549816, 9.63046455, 12.91366768, 81.58679199, -12.89096737, 14.08944702, -70.65185547, 102.04818726, 3.38483191, -18.90896606, -0.61640769, 0.76956725, -0.10932049, -0.12592407, 1.00441837, -0.37121248, -0.31069618, 99.96700287, 113.66096497, 32.41999817, 0.00000000
1, 11.8050, 1112, -0.81050867, -0.62267554, 0.37664551, 12.21082687, 18.60152817, 74.78423309, -12.89096737, 14.08944702, -70.65185547, 102.11090088, 2.99989295, -18.89557838, -0.61648780, 0.76964259, -0.11139344, -0.12322567, 0.86356068, -0.35432181, -0.17047665, 99.96700287, 113.66096497, 32.41999817, 0.00000000
1, 11.8200, 1113, -0.19869943, -0.99342954, 0.09083025, 30.66822433, 31.95195770, 67.89211273, -13.97252274, 14.00175381, -70.53492737, 102.48587799, 1.89257073, -18.69088554, -0.61553532, 0.77103090, -0.11641130, -0.11435087, 0.23308390, 0.01736127, 0.12241474, 99.96700287, 113.66096497, 32.41999817, 0.00000000
1, 11.8250, 1114, -0.03863071, -1.09546602, 0.09010421, 35.89988708, 34.26496506, 66.26823425, -14.23560333, 13.62174797, -69.95030975, 102.66906738, 1.53247643, -18.59507179, -0.61482245, 0.77183014, -0.11789161, -0.11123456, 0.06670418, 0.11987570, 0.12643138, 99.96700287, 113.66096497, 32.41999817, 0.00000000
1, 11.8300, 1115, 0.14094289, -1.19630647, 0.15749477, 38.29798508, 29.56792831, 63.98757553, -14.23560333, 13.62174797, -69.95030975, 102.86312866, 1.18837512, -18.52089500, -0.61398602, 0.77267283, -0.11943159, -0.10832413, -0.11911976, 0.22119607, 0.06263724, 99.96700287, 113.66096497, 32.41999817, 0.00000000
1, 11.8350, 1116, 0.30882549, -1.28084791, 0.26861939, 35.02979279, 14.24384785, 62.71750259, -14.23560333, 13.62174797, -69.95030975, 103.03907776, 0.86724967, -18.52114296, -0.61316705, 0.77335322, -0.12132357, -0.10597940, -0.29298788, 0.30615920, -0.04507706, 99.96700287, 113.66096497, 32.41999817, 0.00000000
1, 11.8400, 1117, 0.40746257, -1.31018066, 0.35907555, 26.16805458, -5.92776108, 62.59487915, -14.55714703, 14.03098488, -70.15492249, 103.17360687, 0.59394956, -18.61978912, -0.61247903, 0.77373970, -0.12357846, -0.10452133, -0.39692932, 0.33584642, -0.13285255, 99.96700287, 113.66096497, 32.41999817, 0.00000000
1, 11.8450, 1118, 0.40711975, -1.26124907, 0.38094234, 15.75489521, -21.37199593, 62.32426834, -14.55714703, 14.03098488, -70.15492249, 103.25179291, 0.31492120, -18.79455566, -0.61210859, 0.77372861, -0.12632287, -0.10348783, -0.40137678, 0.28720698, -0.15305297, 99.96700287, 113.66096497, 32.41999817, 0.00000000
1, 11.8500, 1119, 0.31837785, -1.07669330, 0.34194210, 9.72133732, -31.46901703, 61.42430878, -14.99561501, 13.73867321, -69.59953308, 103.30046844, 0.05189068, -19.01777458, -0.61187685, 0.77350843, -0.12927935, -0.10285068, -0.31719327, 0.10291043, -0.11305450, 99.96700287, 113.66096497, 32.41999817, 0.00000000
1, 11.8550, 1120, 0.22862913, -0.99774146, 0.32812899, 10.55998898, -41.95098495, 61.61946487, -14.99561501, 13.73867321, -69.59953308, 103.35444641, -0.19987395, -19.29244995, -0.61155230, 0.77325505, -0.13252512, -0.10255583, -0.23187131, 0.02418420, -0.09848109, 99.96700287, 113.66096497, 32.41999817, 0.00000000
1, 11.8600, 1121, 0.04388572, -0.90965390, 0.33667865, 13.49489403, -55.07423782, 62.32087326, -14.99561501, 13.73867321, -69.59953308, 103.42457581, -0.43963900, -19.63206863, -0.61104888, 0.77300727, -0.13615677, -0.10266645, -0.05136036, -0.06362642, -0.10620466, 99.96700287, 113.66096497, 32.41999817, 0.00000000
1, 11.8650, 1122, -0.09351371, -0.88671994, 0.35799661, 13.34218979, -57.44760132, 61.00436783, -15.25869656, 13.50482273, -69.92107391, 103.49544525, -0.66983676, -19.98201370, -0.61052233, 0.77274209, -0.13980494, -0.10289169, 0.08191933, -0.08627157, -0.12662289, 99.96700287, 113.66096497, 32.41999817, 0.00000000
1, 11.8800, 1123, -0.44148925, -0.93006063, 0.27020383, 13.78779125, -49.25278473, 52.01035309, -15.20023346, 13.56328583, -69.97953796, 103.70226288, -1.28063524, -20.96519470, -0.60895872, 0.77197909, -0.14985560, -0.10373488, 0.41931269, -0.04177981, -0.03633721, 99.96700287, 113.66096497, 32.41999817, 0.00000000
1, 11.8850, 1124, -0.53155714, -0.97938824, 0.24273498, 16.19639397, -37.25613403, 49.35630798, -15.20023346, 13.56328583, -69.97953796, 103.78960419, -1.47628736, -21.20447540, -0.60838717, 0.77191848, -0.15257984, -0.10356795, 0.50603855, 0.00801971, -0.00775936, 99.96700287, 113.66096497, 32.41999817, 0.00000000
1, 11.8900, 1125, -0.57815313, -1.02877772, 0.24379371, 17.44698715, -23.72551918, 46.22777939, -15.37562084, 13.59251690, -69.92107391, 103.88127136, -1.74327230, -21.37599373, -0.60793430, 0.77188390, -0.15522507, -0.10254919, 0.54859495, 0.05789483, -0.00749036, 99.96700287, 113.66096497, 32.41999817, 0.00000000
1, 11.8950, 1126, -0.57411999, -1.06466460, 0.27113450, 16.93158722, -11.18871975, 43.23825455, -15.37562084, 13.59251690, -69.92107391, 103.96986389, -1.93962407, -21.48200417, -0.60747725, 0.77199167, -0.15705140, -0.10166169, 0.54044944, 0.09423284, -0.03339517, 99.96700287, 113.66096497, 32.41999817, 0.00000000
1, 11.9000, 1127, -0.53412557, -1.08184552, 0.29975981, 15.89279270, 0.44496962, 39.95345306, -15.37562084, 13.59251690, -70.06723022, 104.05146027, -2.13387346, -21.52788353, -0.60711807, 0.77214301, -0.15845305, -0.10047679, 0.49698192, 0.11183335, -0.06056463, 99.96700287, 113.66096497, 32.41999817, 0.00000000
1, 11.9050, 1128, -0.43829110, -1.07118249, 0.33245790, 14.08081627, 11.05412006, 35.53239822, -15.37562084, 13.59251690, -70.06723022, 104.12185669, -2.31946635, -21.51715279, -0.60687232, 0.77232045, -0.15941587, -0.09906439, 0.39777350, 0.10154992, -0.09179350, 99.96700287, 113.66096497, 32.41999817, 0.00000000
1, 11.9100, 1129, -0.38626561, -1.05963445, 0.33269721, 12.76424980, 19.26368523, 32.59014130, -15.37562084, 13.59251690, -70.06723022, 104.18378448, -2.50078845, -21.46321487, -0.60671371, 0.77251649, -0.16005577, -0.09746260, 0.34259534, 0.09040276, -0.09082489, 99.96700287, 113.66096497, 32.41999817, 0.00000000
1, 11.9150, 1130, -0.30744755, -1.04718697, 0.32527280, 12.14376545, 28.85943031, 30.19784737, -15.52177715, 13.59251690, -69.57029724, 104.24018097, -2.68227458, -21.35996628, -0.60663092, 0.77275097, -0.16035743, -0.09560528, 0.26062658, 0.07834551, -0.08226369, 99.96700287, 113.66096497, 32.41999817, 0.00000000
1, 11.9200, 1131, -0.25537622, -1.04302990, 0.32700580, 11.95491982, 32.43952179, 28.98865128, -15.52177715, 13.59251690, -69.57029724, 104.29441833, -2.86237693, -21.23800850, -0.60657221, 0.77300113, -0.16052198, -0.09366043, 0.20540446, 0.07456715, -0.08296771, 99.96700287, 113.66096497, 32.41999817, 0.00000000
1, 11.9250, 1132, -0.20702048, -1.03367591, 0.32836801, 10.75035095, 34.75314713, 27.93746185, -16.39871407, 9.90938282, -69.54106903, 104.34158325, -3.04035425, -21.10368919, -0.60656375, 0.77323294, -0.16058438, -0.09167356, 0.15393339, 0.06557575, -0.08340354, 99.96700287, 113.66096497, 32.41999817, 0.00000000
1, 11.9450, 1133, -0.08442488, -0.95021296, 0.30197701, 8.30109310, 33.62452316, 24.71693802, -16.57410049, 12.65711784, -69.89184570, 104.50402832, -3.72289753, -20.55563354, -0.60663146, 0.77406478, -0.16057163, -0.08389770, 0.01943601, -0.01645042, -0.05395394, 99.96700287, 113.66096497, 32.41999817, 0.00000000
1, 11.9500, 1134, -0.07028845, -0.92996299, 0.29291570, 8.64292431, 31.65995407, 23.96471786, -16.80795097, 12.92019844, -69.27798462, 104.53932190, -3.87828255, -20.43188477, -0.60664624, 0.77424240, -0.16057113, -0.08213361, 0.00258928, -0.03636014, -0.04428452, 99.96700287, 113.66096497, 32.41999817, 0.00000000
1, 11.9550, 1135, -0.06422487, -0.91617942, 0.29116404, 9.05253220, 29.97448730, 23.21828461, -16.80795097, 12.92019844, -69.27798462, 104.57685089, -4.02801609, -20.31545448, -0.60663080, 0.77442795, -0.16059107, -0.08044308, -0.00610028, -0.04980423, -0.04191475, 99.96700287, 113.66096497, 32.41999817, 0.00000000
1, 11.9600, 1136, -0.06751340, -0.89995015, 0.28481421, 8.84594822, 29.19450760, 22.25591469, -16.80795097, 12.92019844, -69.27798462, 104.61322021, -4.17219830, -20.20167542, -0.60661185, 0.77460957, -0.16059805, -0.07880560, -0.00533218, -0.06568771, -0.03497260, 99.96700287, 113.66096497, 32.41999817, 0.00000000
1, 11.9650, 1137, -0.07936864, -0.88887501, 0.27675039, 8.85786819, 27.90346336, 20.89300919, -16.98333740, 13.03712368, -69.27798462, 104.64969635, -4.30822802, -20.09251976, -0.60657746, 0.77479464, -0.16059285, -0.07724762, 0.00414685, -0.07641922, -0.02635206, 99.96700287, 113.66096497, 32.41999817, 0.00000000
1, 11.9700, 1138, -0.09931972, -0.89148951, 0.26576933, 9.31598282, 27.90947342, 19.34502220, -16.98333740, 13.03712368, -69.27798462, 104.68804169, -4.43685102, -19.98145485, -0.60652089, 0.77500057, -0.16053642, -0.07572712, 0.02185202, -0.07345295, -0.01483069, 99.96700287, 113.66096497, 32.41999817, 0.00000000
1, 11.9750, 1139, -0.11793008, -0.90081465, 0.26127234, 9.65621662, 29.01089668, 18.56074524, -17.39257431, 11.57556248, -69.19029236, 104.72734833, -4.56313229, -19.86411285, -0.60645664, 0.77522290, -0.16042495, -0.07418772, 0.03826687, -0.06378156, -0.00978285, 99.96700287, 113.66096497, 32.41999817, 0.00000000
1, 11.9800, 1140, -0.12967215, -0.91725481, 0.26232189, 10.16714573, 30.80007172, 18.21131134, -17.39257431, 11.57556248, -69.19029236, 104.76822662, -4.69007254, -19.73771286, -0.60638481, 0.77546495, -0.16025548, -0.07259333, 0.04780542, -0.04699308, -0.01025313, 99.96700287, 113.66096497, 32.41999817, 0.00000000
1, 11.9850, 1141, -0.13559966, -0.93301368, 0.27272072, 10.57013893, 32.78713989, 18.28859520, -17.39257431, 11.57556248, -69.19029236, 104.81003571, -4.81998730, -19.60183525, -0.60631198, 0.77572131, -0.16003668, -0.07092681, 0.05145932, -0.03088657, -0.02003762, 99.96700287, 113.66096497, 32.41999817, 0.00000000
1, 11.9900, 1142, -0.14227264, -0.94968843, 0.27806193, 10.54281902, 35.08201981, 18.44880104, -17.97719955, 11.22478771, -69.19029236, 104.85790253, -4.96857834, -19.45571709, -0.60621792, 0.77600133, -0.15984787, -0.06906941, 0.05568470, -0.01382228, -0.02472703, 99.96700287, 113.66096497, 32.41999817, 0.00000000
1, 11.9950, 1143, -0.14267080, -0.95932543, 0.28169939, 10.54216290, 38.10903549, 18.59106255, -17.97719955, 11.22478771, -69.19029236, 104.89666748, -5.10695744, -19.29454422, -0.60618025, 0.77626574, -0.15949719, -0.06721466, 0.05355563, -0.00378683, -0.02771585, 99.96700287, 113.66096497, 32.41999817, 0.00000000
1, 12.0000, 1144, -0.13912377, -0.96469522, 0.28407195, 10.35866737, 41.52070236, 18.60461426, -17.97719955, 13.15404797, -68.54721069, 104.93267059, -5.24986172, -19.11688614, -0.60617000, 0.77653247, -0.15905535, -0.06524515, 0.04753986, 0.00195714, -0.02953011, 99.96700287, 113.66096497, 32.41999817, 0.00000000
1, 12.0050, 1145, -0.13087708, -0.96443903, 0.28216669, 10.31072140, 45.42763138, 18.34782410, -17.97719955, 13.15404797, -68.54721069, 104.96617126, -5.39664936, -18.91998482, -0.60618508, 0.77680713, -0.15850045, -0.06315026, 0.03676338, 0.00208385, -0.02708975, 99.96700287, 113.66096497, 32.41999817, 0.00000000
1, 12.0100, 1146, -0.11807045, -0.96246791, 0.27432725, 10.34195900, 48.61005402, 17.82739639, -17.97719955, 13.15404797, -68.54721069, 104.99781036, -5.54511309, -18.70699120, -0.60621655, 0.77709132, -0.15784281, -0.06096093, 0.02139992, 0.00050596, -0.01874184, 99.96700287, 113.66096497, 32.41999817, 0.00000000
1, 12.0150, 1147, -0.09287351, -0.96423829, 0.26825595, 10.16651917, 51.23362732, 17.29627419, -18.32797432, 13.27097321, -68.75182343, 105.02670288, -5.69450140, -18.48059464, -0.60626739, 0.77737725, -0.15709630, -0.05869767, -0.00637179, 0.00266464, -0.01217714, 99.96700287, 113.66096497, 32.41999817, 0.00000000
1, 12.0200, 1148, -0.08463506, -0.96044302, 0.27316368, 10.17883587, 53.02420425, 16.70785713, -18.32797432, 13.27097321, -68.75182343, 105.05409241, -5.84346581, -18.24476242, -0.60632503, 0.77766734, -0.15628146, -0.05638897, -0.01721231, -0.00076353, -0.01666362, 99.96700287, 113.66096497, 32.41999817, 0.00000000
1, 12.0250, 1149, -0.08164337, -0.97756231, 0.24657245, 10.31948471, 56.02852249, 16.39210129, -18.91259766, 13.41712952, -68.13796997, 105.08003235, -5.99489927, -17.99394226, -0.60639369, 0.77796578, -0.15537572, -0.05398554, -0.02275860, 0.01677730, 0.01027265, 99.96700287, 113.66096497, 32.41999817, 0.00000000
1, 12.0300, 1150, -0.04090039, -0.98099935, 0.23592170, 9.85235023, 56.34602737, 16.05509377, -18.91259766, 13.41712952, -68.13796997, 105.10275269, -6.14522934, -17.74113464, -0.60647559, 0.77824956, -0.15444797, -0.05158301, -0.06608156, 0.02060748, 0.02135458, 99.96700287, 113.66096497, 32.41999817, 0.00000000
1, 12.0350, 1151, 0.03184313, -0.94698250, 0.23605172, 9.10826969, 56.47505188, 17.68004417, -18.91259766, 13.41712952, -68.13796997, 105.12127686, -6.30366850, -17.48980331, -0.60658300, 0.77849799, -0.15356931, -0.04913765, -0.14153372, -0.01303927, 0.02170631, 99.96700287, 113.66096497, 32.41999817, 0.00000000
1, 12.0400, 1152, 0.06965031, -0.94473445, 0.23512112, 9.67764091, 54.02210999, 19.96282578, -19.29260445, 13.70944118, -67.99181366, 105.13978577, -6.43161249, -17.25246239, -0.60665315, 0.77876210, -0.15262681, -0.04697576, -0.18186191, -0.01493054, 0.02297553, 99.96700287, 113.66096497, 32.41999817, 0.00000000
1, 12.0500, 1153, -0.09223734, -0.99855983, 0.20385148, 9.00583076, 50.36524582, 18.23676109, -19.55568504, 13.97252274, -67.69950104, 105.18810272, -6.74960089, -16.81893158, -0.60672385, 0.77921820, -0.15134454, -0.04242602, -0.02513339, 0.03974690, 0.05440667, 99.96700287, 113.66096497, 32.41999817, 0.00000000
1, 12.0550, 1154, -0.05583728, -0.98563099, 0.18333378, 9.06190491, 52.09107971, 20.38031387, -19.55568504, 13.97252274, -67.69950104, 105.20671082, -6.91573429, -16.59238815, -0.60679394, 0.77941966, -0.15067029, -0.04005687, -0.06430798, 0.02725790, 0.07524754, 99.96700287, 113.66096497, 32.41999817, 0.00000000
1, 12.0600, 1155, -0.00348137, -0.97141433, 0.21588112, 6.91992617, 46.88076019, 20.45865250, -20.14031029, 13.44636059, -67.99181366, 105.21707916, -7.07553959, -16.39126396, -0.60689932, 0.77955049, -0.15013263, -0.03787629, -0.11955397, 0.01338057, 0.04299229, 99.96700287, 113.66096497, 32.41999817, 0.00000000
1, 12.0650, 1156, 0.06985733, -0.94575393, 0.23710488, 5.36758614, 40.25229645, 21.79261017, -20.14031029, 13.44636059, -67.99181366, 105.22336578, -7.23317957, -16.22409058, -0.60701346, 0.77961683, -0.14981297, -0.03589536, -0.19567080, -0.01195961, 0.02200196, 99.96700287, 113.66096497, 32.41999817, 0.00000000
1, 12.0700, 1157, 0.08630059, -0.90706742, 0.26017129, 7.02345514, 33.49785995, 25.18586159, -20.14031029, 13.44636059, -67.99181366, 105.24227905, -7.39839172, -16.09421539, -0.60702986, 0.77969164, -0.14978972, -0.03404291, -0.21499610, -0.05026853, -0.00080776, 99.96700287, 113.66096497, 32.41999817, 0.00000000
1, 12.0750, 1158, 0.05260957, -0.93026948, 0.25241193, 9.92649174, 29.22146606, 27.36042023, -19.76030350, 13.21251106, -67.99181366, 105.27840424, -7.56853247, -15.98804951, -0.60692072, 0.77982008, -0.14995746, -0.03225913, -0.18421650, -0.02653326, 0.00728359, 99.96700287, 113.66096497, 32.41999817, 0.00000000
1, 12.0800, 1159, 0.01669701, -0.96404135, 0.24590845, 13.19563770, 24.36127472, 30.77828407, -19.76030350, 13.21251106, -67.99181366, 105.33438110, -7.74884033, -15.91015434, -0.60667109, 0.78000373, -0.15037426, -0.03052844, -0.15136334, 0.00788014, 0.01439099, 99.96700287, 113.66096497, 32.41999817, 0.00000000
1, 12.0850, 1160, -0.03794203, -1.01016998, 0.23946501, 11.29579258, 19.64799881, 30.54991722, -20.43262100, 13.09558582, -67.34872437, 105.38373566, -7.92193270, -15.85504150, -0.60645306, 0.78012991, -0.15090545, -0.02897625, -0.09974529, 0.05465397, 0.02136582, 99.96700287, 113.66096497, 32.41999817, 0.00000000
1, 12.1100, 1161, -0.15632369, -0.97737384, 0.26340613, 8.98964882, 19.08048439, 30.14511871, -20.72493362, 13.59251690, -67.69950104, 105.54534149, -8.73660660, -15.62837982, -0.60586613, 0.78029090, -0.15359499, -0.02193010, 0.00451040, 0.02454905, -0.00062796, 99.96700287, 113.66096497, 32.41999817, 0.00000000
1, 12.1150, 1162, -0.15234807, -0.97447562, 0.25360954, 9.04873943, 20.15268517, 30.48539543, -20.72493362, 13.59251690, -67.69950104, 105.58219147, -8.91028500, -15.57121754, -0.60571921, 0.78034651, -0.15410551, -0.02037662, -0.00242083, 0.02228131, 0.00967388, 99.96700287, 113.66096497, 32.41999817, 0.00000000
1, 12.1200, 1163, -0.14064953, -0.97571337, 0.25706971, 9.52317715, 22.23230362, 31.08975792, -20.72493362, 13.59251690, -67.69950104, 105.61978912, -9.08967400, -15.50480080, -0.60556895, 0.78041017, -0.15458129, -0.01873322, -0.01719342, 0.02415147, 0.00673007, 99.96700287, 113.66096497, 32.41999817, 0.00000000
1, 12.1250, 1164, -0.13314128, -0.97467828, 0.25530380, 10.24529648, 24.41856194, 31.69351196, -21.45571518, 12.80327415, -67.08564758, 105.65927124, -9.27494144, -15.42862892, -0.60540724, 0.78048849, -0.15501986, -0.01699455, -0.02786930, 0.02379064, 0.00902295, 99.96700287, 113.66096497, 32.41999817, 0.00000000
1, 12.1300, 1165, -0.12471884, -0.97017860, 0.25147739, 10.80404758, 25.35512733, 32.05924225, -21.45571518, 12.80327415, -67.08564758, 105.70063782, -9.46327877, -15.34849072, -0.60523117, 0.78057706, -0.15544604, -0.01521061, -0.03951035, 0.01999853, 0.01341513, 99.96700287, 113.66096497, 32.41999817, 0.00000000
1, 12.1350, 1166, -0.11929460, -0.96996927, 0.25516918, 11.00403023, 26.59679985, 32.64712906, -21.71879578, 13.18327999, -67.20256805, 105.74188232, -9.65617561, -15.26317120, -0.60505491, 0.78066504, -0.15585883, -0.01336744, -0.04823490, 0.02050723, 0.01027473, 99.96700287, 113.66096497, 32.41999817, 0.00000000
1, 12.1400, 1167, -0.10755736, -0.97008157, 0.25737587, 11.30599403, 28.28610229, 33.48974991, -21.71879578, 13.18327999, -67.20256805, 105.77912903, -9.83882713, -15.17007351, -0.60489798, 0.78075451, -0.15616432, -0.01155919, -0.06324498, 0.02133649, 0.00859451, 99.96700287, 113.66096497, 32.41999817, 0.00000000
1, 12.1450, 1168, -0.09101682, -0.96725142, 0.24589635, 11.52000904, 28.47183418, 34.54301834, -21.71879578, 13.18327999, -67.20256805, 105.82132721, -10.04349327, -15.07837391, -0.60471314, 0.78083879, -0.15659113, -0.00959851, -0.08310835, 0.01927380, 0.02061848, 99.96700287, 113.66096497, 32.41999817, 0.00000000
1, 12.1500, 1169, -0.07885201, -0.97279072, 0.24653621, 11.97626495, 29.21671867, 35.60652542, -22.01110840, 11.54633141, -67.20256805, 105.86512756, -10.25435257, -14.98459148, -0.60451573, 0.78092498, -0.15703392, -0.00758119, -0.09887229, 0.02563264, 0.02054492, 99.96700287, 113.66096497, 32.41999817, 0.00000000
1, 12.1550, 1170, -0.07077233, -0.98051155, 0.25006223, 11.90106392, 29.72070122, 36.35559464, -22.01110840, 11.54633141, -67.20256805, 105.90798187, -10.46956730, -14.88948250, -0.60432178, 0.78100079, -0.15748815, -0.00552742, -0.11063899, 0.03419378, 0.01755625, 99.96700287, 113.66096497, 32.41999817, 0.00000000
1, 12.2000, 1171, -0.12959902, -1.05150950, 0.27169079, 12.62512016, 28.11478043, 46.99901581, -23.29728127, 12.59865570, -66.79333496, 106.30056763, -12.61479568, -14.14745235, -0.60237736, 0.78119963, -0.16333175, 0.01383802, -0.08834288, 0.11412895, 0.00003650, 99.96700287, 113.66096497, 32.41999817, 0.00000000
1, 12.2050, 1172, -0.14196424, -1.06856370, 0.28992143, 12.78410053, 29.87159920, 47.88011551, -23.29728127, 12.59865570, -66.79333496, 106.34776306, -12.88624859, -14.06898689, -0.60212016, 0.78117746, -0.16416557, 0.01620713, -0.08061302, 0.13237444, -0.01775799, 99.96700287, 113.66096497, 32.41999817, 0.00000000
1, 12.2100, 1173, -0.15076590, -1.08201396, 0.32370198, 11.88893604, 33.43762970, 48.46724319, -23.88190651, 13.18327999, -66.23793793, 106.38636780, -13.16558456, -13.97392273, -0.60191470, 0.78112000, -0.16492514, 0.01870662, -0.07661346, 0.14700755, -0.05121781, 99.96700287, 113.66096497, 32.41999817, 0.00000000
1, 12.2150, 1174, -0.15414587, -1.09687030, 0.33556819, 11.12523842, 37.81470108, 48.68644714, -23.88190651, 13.18327999, -66.23793793, 106.41584015, -13.45217800, -13.85764027, -0.60176212, 0.78103185, -0.16557637, 0.02135536, -0.07810438, 0.16308784, -0.06292532, 99.96700287, 113.66096497, 32.41999817, 0.00000000
1, 12.2200, 1175, -0.14136519, -1.13125300, 0.34517202, 10.12641716, 41.04087067, 48.88121796, -23.88190651, 13.18327999, -66.23793793, 106.43604279, -13.74430943, -13.72571278, -0.60166228, 0.78090698, -0.16614917, 0.02411170, -0.09584296, 0.19870208, -0.07252046, 99.96700287, 113.66096497, 32.41999817, 0.00000000
1, 12.2250, 1176, -0.11792132, -1.16487849, 0.34102705, 8.55914974, 41.39315414, 49.61061096, -24.46652985, 13.38789845, -66.32563782, 106.44760895, -14.04048729, -13.59302807, -0.60161251, 0.78072912, -0.16673797, 0.02688777, -0.12427960, 0.23357999, -0.06849885, 99.96700287, 113.66096497, 32.41999817, 0.00000000
1, 12.2300, 1177, -0.11128267, -1.18465495, 0.33004370, 7.23684978, 42.18849182, 50.83817673, -24.46652985, 13.38789845, -66.32563782, 106.45133209, -14.34371662, -13.45806217, -0.60160714, 0.78050023, -0.16734794, 0.02971348, -0.13598874, 0.25463182, -0.05780062, 99.96700287, 113.66096497, 32.41999817, 0.00000000
1, 12.2350, 1178, -0.11616343, -1.18580234, 0.31290665, 6.67211866, 44.98240280, 51.78825760, -24.14498711, 13.06635475, -66.67640686, 106.44837189, -14.65542221, -13.31044674, -0.60163492, 0.78023940, -0.16791591, 0.03265481, -0.13629785, 0.25708964, -0.04108588, 99.96700287, 113.66096497, 32.41999817, 0.00000000
1, 12.2400, 1179, -0.10943400, -1.17116070, 0.32344049, 6.63978100, 47.85235214, 52.66328049, -24.14498711, 13.06635475, -66.67640686, 106.43957520, -14.95253086, -13.14897823, -0.60168535, 0.77998704, -0.16831762, 0.03555840, -0.14823097, 0.24370340, -0.05207560, 99.96700287, 113.66096497, 32.41999817, 0.00000000
1, 12.2450, 1180, -0.09394958, -1.15090811, 0.32713154, 6.61236191, 50.30543137, 53.49324417, -24.14498711, 13.06635475, -66.67640686, 106.42842102, -15.27987480, -12.97688293, -0.60173988, 0.77968973, -0.16880044, 0.03872453, -0.16902442, 0.22475761, -0.05627889, 99.96700287, 113.66096497, 32.41999817, 0.00000000
1, 12.2600, 1181, -0.00265029, -1.03054464, 0.21337102, 5.32562971, 54.81549454, 58.17390823, -26.10347748, 12.77404213, -66.50102234, 106.35913849, -16.31475449, -12.42127419, -0.60205209, 0.77856755, -0.17026529, 0.04874121, -0.27729118, 0.10892554, 0.05547910, 99.96700287, 113.66096497, 32.41999817, 0.00000000
1, 12.2650, 1182, 0.02888165, -0.99931550, 0.21267055, 4.65551138, 54.95410538, 60.88476181, -26.10347748, 12.77404213, -66.50102234, 106.33025360, -16.68384552, -12.23498726, -0.60216469, 0.77812004, -0.17087260, 0.05224354, -0.31494698, 0.07929553, 0.05534856, 99.96700287, 113.66096497, 32.41999817, 0.00000000
1, 12.2700, 1183, 0.05591782, -0.98186421, 0.21171205, 4.74456787, 54.15118790, 63.91403198, -26.10347748, 12.77404213, -66.50102234, 106.30301666, -17.06627655, -12.05659103, -0.60225308, 0.77764440, -0.17160130, 0.05579852, -0.34831375, 0.06354854, 0.05542154, 99.96700287, 113.66096497, 32.41999817, 0.00000000
1, 12.2750, 1184, 0.07806575, -0.96947742, 0.20453402, 4.72400713, 53.65393066, 67.23240662, -26.80502701, 13.32943535, -66.55948639, 106.27655029, -17.46386528, -11.88498878, -0.60232192, 0.77713394, -0.17245327, 0.05942310, -0.37700856, 0.05299427, 0.06167518, 99.96700287, 113.66096497, 32.41999817, 0.00000000
1, 12.2800, 1185, 0.09263653, -0.96849656, 0.20553808, 5.10092020, 52.66949463, 70.67430878, -26.80502701, 13.32943535, -66.55948639, 106.25370026, -17.87654114, -11.72280693, -0.60235280, 0.77659893, -0.17344417, 0.06310706, -0.39838809, 0.05397041, 0.05972834, 99.96700287, 113.66096497, 32.41999817, 0.00000000
1, 12.2850, 1186, 0.09752241, -0.98135352, 0.20156185, 5.66035795, 51.30290985, 74.13982391, -27.41888237, 13.47559166, -66.15024567, 106.23611450, -18.30389977, -11.57206154, -0.60233533, 0.77604455, -0.17458411, 0.06683935, -0.41029668, 0.06893601, 0.06274829, 99.96700287, 113.66096497, 32.41999817, 0.00000000
1, 12.2900, 1187, 0.09356689, -0.99718869, 0.20606026, 6.38504648, 50.98217392, 77.62817383, -27.41888237, 13.47559166, -66.15024567, 106.21264648, -18.69573402, -11.42400265, -0.60234773, 0.77550703, -0.17556737, 0.07030054, -0.41320214, 0.08686252, 0.05727305, 99.96700287, 113.66096497, 32.41999817, 0.00000000
1, 12.2950, 1188, 0.06633716, -1.02248752, 0.19738759, 7.06610775, 51.19742966, 80.53397369, -27.41888237, 13.47559166, -66.15024567, 106.20298767, -19.15353775, -11.28214359, -0.60224301, 0.77491784, -0.17691614, 0.07420638, -0.39302933, 0.11442260, 0.06491829, 99.96700287, 113.66096497, 32.41999817, 0.00000000
1, 12.3000, 1189, 0.04607721, -1.04086876, 0.17005834, 7.96682930, 50.98687363, 83.84743500, -28.73428726, 12.56942368, -65.62408447, 106.19859314, -19.62694550, -11.14575195, -0.60208446, 0.77431345, -0.17837605, 0.07819802, -0.38045159, 0.13542467, 0.09132065, 99.96700287, 113.66096497, 32.41999817, 0.00000000
1, 12.3050, 1190, 0.02854495, -1.07912457, 0.14876564, 9.97272301, 50.63856506, 87.49407959, -28.73428726, 12.56942368, -65.62408447, 106.20545959, -20.11736870, -11.01612568, -0.60183144, 0.77372015, -0.17995788, 0.08228794, -0.37083563, 0.17648011, 0.11176685, 99.96700287, 113.66096497, 32.41999817, 0.00000000
1, 12.3400, 1191, 0.16020246, -1.22148120, 0.19568881, 12.21242142, 46.47906113, 107.90700531, -31.21894073, 14.11867905, -65.74101257, 106.31755829, -23.87570190, -10.22875690, -0.59905362, 0.76881802, -0.19333290, 0.11258854, -0.56346941, 0.34271973, 0.05982994, 99.96700287, 113.66096497, 32.41999817, 0.00000000
1, 12.3450, 1192, 0.21368185, -1.21674347, 0.21140029, 12.36070633, 43.91432953, 111.80488586, -31.21894073, 14.11867905, -65.74101257, 106.35630798, -24.47366333, -10.16902447, -0.59844446, 0.76797885, -0.19586246, 0.11709255, -0.62609494, 0.34199429, 0.04359071, 99.96700287, 113.66096497, 32.41999817, 0.00000000
1, 12.3500, 1193, 0.26276493, -1.21576834, 0.22498640, 13.18908215, 40.97439194, 115.61506653, -31.74510384, 14.76176548, -65.41946411, 106.40776062, -25.08584213, -10.13095856, -0.59774572, 0.76712227, -0.19858673, 0.12160176, -0.68486786, 0.34545922, 0.02961278, 99.96700287, 113.66096497, 32.41999817, 0.00000000
1, 12.3550, 1194, 0.29684821, -1.21737134, 0.23316447, 13.82832813, 38.78387451, 118.60426331, -31.74510384, 14.76176548, -65.41946411, 106.46922302, -25.70928955, -10.10964584, -0.59697306, 0.76624542, -0.20145874, 0.12611772, -0.72878265, 0.35175303, 0.02111432, 99.96700287, 113.66096497, 32.41999817, 0.00000000
1, 12.3600, 1195, 0.30649158, -1.22359252, 0.21606129, 13.96780586, 31.78816795, 125.72658539, -33.08974075, 14.93715286, -65.82870483, 106.55293274, -26.35704613, -10.13765335, -0.59607571, 0.76532459, -0.20474415, 0.13058349, -0.74844551, 0.36302626, 0.03800835, 99.96700287, 113.66096497, 32.41999817, 0.00000000
1, 12.3650, 1196, 0.29065594, -1.23330665, 0.19654311, 14.23105431, 28.65493965, 130.13522339, -33.08974075, 14.93715286, -65.82870483, 106.64960480, -27.02143860, -10.19077969, -0.59509611, 0.76436388, -0.20824973, 0.13505778, -0.74286854, 0.37812018, 0.05740409, 99.96700287, 113.66096497, 32.41999817, 0.00000000
1, 12.3700, 1197, 0.26905581, -1.25517380, 0.18178447, 14.85921574, 27.62289810, 134.20373535, -34.11283112, 14.49868488, -65.36100769, 106.75629425, -27.70375443, -10.25765228, -0.59404135, 0.76336181, -0.21190652, 0.13960449, -0.73175406, 0.40565503, 0.07207312, 99.96700287, 113.66096497, 32.41999817, 0.00000000
1, 12.3750, 1198, 0.24656491, -1.27910733, 0.17646424, 15.82793427, 27.94156265, 138.72073364, -34.11283112, 14.49868488, -65.36100769, 106.87216949, -28.40803719, -10.33208561, -0.59290719, 0.76231283, -0.21569137, 0.14428300, -0.72002673, 0.43556267, 0.07733029, 99.96700287, 113.66096497, 32.41999817, 0.00000000
1, 12.3800, 1199, 0.23640765, -1.28610730, 0.15777080, 16.89076614, 29.05365562, 142.13374329, -34.11283112, 14.49868488, -65.36100769, 106.99504852, -29.13010788, -10.40825844, -0.59170300, 0.76122218, -0.21954538, 0.14909117, -0.72082514, 0.44887000, 0.09601980, 99.96700287, 113.66096497, 32.41999817, 0.00000000
1, 12.3850, 1200, 0.23178625, -1.31864262, 0.13436192, 19.53299141, 31.88897324, 145.42756653, -34.63899231, 15.46331501, -65.18561554, 107.12824249, -29.87189293, -10.47675514, -0.59039199, 0.76011825, -0.22340867, 0.15409765, -0.72735465, 0.48804322, 0.11941676, 99.96700287, 113.66096497, 32.41999817, 0.00000000
1, 12.4250, 1201, 0.58271742, -1.92066789, 0.42185518, 47.06554031, 129.53193665, 149.19209290, -38.40982056, 16.63256264, -64.95176697, 107.80120850, -36.60734558, -9.17997265, -0.57789099, 0.74984801, -0.24583118, 0.20817581, -1.17691040, 1.15350842, -0.17717558, 99.96700287, 113.66096497, 32.41999817, 0.00000000
1, 12.4300, 1202, 0.54606336, -1.86508131, 0.42939442, 35.05237961, 139.56704712, 144.71197510, -38.40982056, 16.63256264, -64.95176697, 107.64140320, -37.50785828, -8.62104988, -0.57689756, 0.74789220, -0.24669942, 0.21676217, -1.15290022, 1.10635328, -0.18935357, 99.96700287, 113.66096497, 32.41999817, 0.00000000
1, 12.4350, 1203, 0.45122817, -1.78048015, 0.23912077, 27.02893257, 145.14595032, 135.72834778, -40.36831284, 17.42180634, -65.53639221, 107.39670563, -38.37239838, -8.00066566, -0.57626677, 0.74571943, -0.24719164, 0.22520085, -1.06966519, 1.03002715, -0.00496077, 99.96700287, 113.66096497, 32.41999817, 0.00000000
1, 12.4400, 1204, 0.29838681, -1.65669227, -0.01955774, 25.59466553, 150.23129272, 127.91099548, -40.36831284, 17.42180634, -65.53639221, 107.08684540, -39.18156815, -7.31317902, -0.57587528, 0.74349773, -0.24716042, 0.23343223, -0.92748052, 0.91407448, 0.24703705, 99.96700287, 113.66096497, 32.41999817, 0.00000000
1, 12.4450, 1205, 0.10344815, -1.51164722, -0.07946167, 32.67426682, 154.68009949, 122.10823059, -42.03449249, 18.38643646, -65.56562042, 106.78577423, -39.98959351, -6.58204126, -0.57521391, 0.74140722, -0.24687362, 0.24186303, -0.74321419, 0.77640897, 0.30012512, 99.96700287, 113.66096497, 32.41999817, 0.00000000
1, 12.4500, 1206, -0.08563388, -1.40812373, 0.03541007, 37.22890091, 162.34872437, 117.67626953, -42.03449249, 18.38643646, -65.56562042, 106.45355988, -40.78414154, -5.77988625, -0.57449055, 0.73934031, -0.24618362, 0.25046018, -0.56504703, 0.68006289, 0.17825967, 99.96700287, 113.66096497, 32.41999817, 0.00000000
1, 12.4550, 1207, -0.19295017, -1.30794835, 0.17576303, 37.28296280, 168.65437317, 113.26908875, -42.03449249, 18.38643646, -65.56562042, 106.07082367, -41.56248474, -4.91326237, -0.57383525, 0.73719394, -0.24517314, 0.25913012, -0.46839452, 0.58688456, 0.03061306, 99.96700287, 113.66096497, 32.41999817, 0.00000000
1, 12.4600, 1208, -0.28511286, -1.26885092, 0.28545535, 31.85545349, 167.14416504, 111.83000183, -43.20374298, 17.24641991, -65.94563293, 105.64513397, -42.32729721, -4.03605556, -0.57330853, 0.73488498, -0.24419658, 0.26763690, -0.38649961, 0.55469406, -0.08690958, 99.96700287, 113.66096497, 32.41999817, 0.00000000
1, 12.4650, 1209, -0.43008021, -1.14748287, 0.26306635, 22.01135063, 161.33673096, 115.18190002, -43.20374298, 17.24641991, -65.94563293, 105.17887878, -43.09564209, -3.18423724, -0.57295096, 0.73230511, -0.24356990, 0.27591705, -0.25132257, 0.44049358, -0.07274494, 99.96700287, 113.66096497, 32.41999817, 0.00000000
1, 12.4700, 1210, -0.51930684, -1.11744857, 0.22690018, 17.59288216, 157.33772278, 120.61096954, -44.69453430, 19.76030350, -66.85179901, 104.69359589, -43.87989426, -2.34900403, -0.57258284, 0.72955012, -0.24325119, 0.28413802, -0.17189829, 0.41792232, -0.04510447, 99.96700287, 113.66096497, 32.41999817, 0.00000000
1, 12.5000, 1211, -0.69561172, -1.41584611, 0.17662032, -6.99923944, 118.57833099, 112.81446838, -48.23151016, 20.90032196, -67.81642914, 102.07341003, -48.47987366, 1.89380205, -0.56802827, 0.71316528, -0.24641654, 0.32866129, -0.05163739, 0.76557052, -0.03996956, 99.96700287, 113.66096497, 32.41999817, 0.00000000
1, 12.5050, 1212, -0.61924219, -1.34844720, 0.06969644, -15.00095749, 112.84136963, 100.72163391, -48.23151016, 20.90032196, -67.81642914, 101.48538208, -49.08751678, 2.57743430, -0.56824750, 0.71008199, -0.24695173, 0.33450454, -0.13495845, 0.70498180, 0.05901716, 99.96700287, 113.66096497, 32.41999817, 0.00000000
1, 12.5100, 1213, -0.60126424, -1.29160714, 0.05247813, -21.49037933, 102.68833160, 88.85481262, -49.16690826, 21.89418221, -68.05027771, 100.89175415, -49.62257004, 3.21959734, -0.56870919, 0.70708460, -0.24745771, 0.33965564, -0.15920375, 0.65400970, 0.06829378, 99.96700287, 113.66096497, 32.41999817, 0.00000000
1, 12.5150, 1214, -0.59048122, -1.20743918, 0.15841053, -26.08411407, 94.54317474, 76.73130035, -49.16690826, 21.89418221, -68.05027771, 100.29418945, -50.08627701, 3.83194566, -0.56938595, 0.70420116, -0.24785344, 0.34419349, -0.17567638, 0.57470948, -0.04526655, 99.96700287, 113.66096497, 32.41999817, 0.00000000
1, 12.5200, 1215, -0.60285920, -1.06037652, 0.24762316, -29.73996925, 91.43164063, 65.66223907, -50.10231018, 22.12803268, -68.57643890, 99.67201233, -50.48859787, 4.44844198, -0.57029253, 0.70137304, -0.24803564, 0.34831110, -0.16818103, 0.43179494, -0.14201811, 99.96700287, 113.66096497, 32.41999817, 0.00000000
1, 12.5250, 1216, -0.61501712, -0.92081666, 0.26184720, -33.28425598, 90.58000183, 53.34868240, -50.10231018, 22.12803268, -68.57643890, 99.01332855, -50.82506561, 5.08582449, -0.57147193, 0.69858545, -0.24791102, 0.35204884, -0.15993431, 0.29566902, -0.16393742, 99.96700287, 113.66096497, 32.41999817, 0.00000000
1, 12.5300, 1217, -0.62886149, -0.62851405, 0.34665123, -34.41511154, 84.75219727, 43.16419220, -50.10231018, 22.12803268, -68.57643890, 98.36490631, -51.10224152, 5.69976950, -0.57276738, 0.69595391, -0.24763474, 0.35533479, -0.14954369, 0.00606242, -0.25602034, 99.96700287, 113.66096497, 32.41999817, 0.00000000
1, 12.5350, 1218, -0.61808962, -0.40294379, 0.38528270, -31.03812981, 77.45956421, 36.14725494, -51.24232483, 22.33265114, -68.83952332, 97.76404572, -51.33530426, 6.27203751, -0.57398069, 0.69358307, -0.24727146, 0.35825366, -0.16307601, -0.21725744, -0.30138779, 99.96700287, 113.66096497, 32.41999817, 0.00000000
1, 12.5400, 1219, -0.57826817, -0.21608834, 0.38958058, -24.31047821, 69.97760773, 30.97597694, -51.24232483, 22.33265114, -68.83952332, 97.31845093, -51.56067276, 6.73241377, -0.57459229, 0.69176823, -0.24708915, 0.36089820, -0.20530945, -0.40187573, -0.31115460, 99.96700287, 113.66096497, 32.41999817, 0.00000000
1, 12.5450, 1220, -0.55216098, -0.11220278, 0.34143609, -16.23741531, 62.68112183, 24.35484886, -51.76848984, 22.06957054, -69.10260010, 96.86326599, -51.71992111, 7.20971298, -0.57537180, 0.69010979, -0.24650356, 0.36322424, -0.23328033, -0.50378412, -0.26772249, 99.96700287, 113.66096497, 32.41999817, 0.00000000
1, 12.5700, 1221, -0.45937917, -0.55735290, 0.13009095, -17.17251778, 26.52390289, -22.69385338, -52.93773651, 19.55568504, -69.45337677, 95.22257233, -51.74018097, 8.94984818, -0.57960349, 0.68549591, -0.24140795, 0.36861548, -0.32646382, -0.05906860, -0.07511601, 99.96700287, 113.66096497, 32.41999817, 0.00000000
1, 12.5750, 1222, -0.36244389, -0.48120448, 0.13528849, -25.16996193, 15.27606201, -31.55308533, -52.93773651, 19.55568504, -69.45337677, 94.98271179, -51.59001160, 9.09467411, -0.58102494, 0.68494320, -0.24048610, 0.36800724, -0.42192054, -0.13734579, -0.08243784, 99.96700287, 113.66096497, 32.41999817, 0.00000000
1, 12.5800, 1223, -0.31361151, -0.37243107, 0.11061387, -29.76452446, 7.42082596, -42.68822098, -52.93773651, 19.55568504, -69.45337677, 94.76458740, -51.38077545, 9.18255520, -0.58267772, 0.68451333, -0.23950492, 0.36683190, -0.46854606, -0.24897474, -0.05963079, 99.96700287, 113.66096497, 32.41999817, 0.00000000
1, 12.5850, 1224, -0.29405326, -0.21330965, 0.06516419, -34.77793884, -7.01687813, -54.00996399, -52.85004425, 21.19263268, -69.54106903, 94.60673523, -51.10923004, 9.16114330, -0.58450663, 0.68430018, -0.23863329, 0.36488271, -0.48522979, -0.41161406, -0.01549182, 99.96700287, 113.66096497, 32.41999817, 0.00000000
1, 12.5900, 1225, -0.27793407, -0.10135472, 0.05262746, -33.51005936, -13.92672729, -63.23426056, -52.85004425, 21.19263268, -69.54106903, 94.50495148, -50.80587387, 9.08167553, -0.58627653, 0.68432009, -0.23774824, 0.36257651, -0.49803084, -0.52770317, -0.00371629, 99.96700287, 113.66096497, 32.41999817, 0.00000000
1, 12.5950, 1226, -0.26252103, -0.01549984, 0.05798231, -30.51152039, -22.86675835, -72.87950897, -51.65156174, 21.16340256, -70.09646606, 94.45646667, -50.43420410, 8.94585228, -0.58810186, 0.68464899, -0.23664778, 0.35970798, -0.50958467, -0.61833537, -0.00918623, 99.96700287, 113.66096497, 32.41999817, 0.00000000
1, 12.6000, 1227, -0.24874857, 0.05597235, 0.06172133, -27.47582436, -34.96688461, -82.91601563, -51.65156174, 21.16340256, -70.09646606, 94.48944092, -50.00782776, 8.72281075, -0.58986092, 0.68533862, -0.23550805, 0.35624599, -0.51876980, -0.69532681, -0.01221204, 99.96700287, 113.66096497, 32.41999817, 0.00000000
1, 12.6050, 1228, -0.23048176, 0.10415944, 0.04305506, -24.53161049, -51.37540054, -93.43963623, -51.65156174, 21.16340256, -70.09646606, 94.62535095, -49.52236557, 8.38255787, -0.59151548, 0.68645298, -0.23442686, 0.35204533, -0.53169924, -0.74964511, 0.00829227, 99.96700287, 113.66096497, 32.41999817, 0.00000000
1, 12.6100, 1229, -0.21862046, 0.12906009, 0.02929443, -21.51007462, -71.32659912, -104.36414337, -51.21309662, 20.90032196, -69.54106903, 94.87981415, -48.97359467, 7.90291405, -0.59302759, 0.68804413, -0.23348245, 0.34698644, -0.53747404, -0.78134537, 0.02524864, 99.96700287, 113.66096497, 32.41999817, 0.00000000
1, 12.6150, 1230, -0.20809257, 0.13194144, 0.01807873, -19.02020264, -91.61145020, -116.09602356, -51.21309662, 20.90032196, -69.54106903, 95.24493408, -48.35588074, 7.28803205, -0.59441423, 0.69010043, -0.23266622, 0.34102744, -0.54107630, -0.79172307, 0.04105172, 99.96700287, 113.66096497, 32.41999817, 0.00000000
1, 12.6600, 1231, -0.12643656, -0.36877015, 0.27390161, -10.63281441, -144.31637573, -209.36589050, -45.13300323, 17.62642479, -67.11487579, 100.05051422, -39.73171997, 0.04273721, -0.60412127, 0.72080547, -0.21804798, 0.26063806, -0.51731849, -0.38593188, -0.14240387, 99.96700287, 113.66096497, 32.41999817, 0.00000000
1, 12.6650, 1232, -0.14122087, -0.40136963, 0.26838437, -15.38574028, -135.01538086, -215.49824524, -45.13300323, 17.62642479, -67.11487579, 100.35798645, -38.55261230, -0.57027555, -0.60574400, 0.72392887, -0.21501394, 0.25053981, -0.48670876, -0.36534473, -0.13032030, 99.96700287, 113.66096497, 32.41999817, 0.00000000
1, 12.6700, 1233, -0.19445287, -0.44503081, 0.22669163, -18.29986572, -124.85916138, -221.77380371, -43.72990417, 14.44022179, -67.11487579, 100.58698273, -37.34964371, -1.09572649, -0.60754824, 0.72683328, -0.21151891, 0.24053752, -0.41696775, -0.33372238, -0.08315765, 99.96700287, 113.66096497, 32.41999817, 0.00000000
1, 12.6750, 1234, -0.24887177, -0.49569407, 0.16287403, -19.88278389, -115.94686890, -227.99085999, -43.72990417, 14.44022179, -67.11487579, 100.75399017, -36.12288666, -1.54578269, -0.60947514, 0.72956866, -0.20758085, 0.23060761, -0.34538078, -0.29510581, -0.01471149, 99.96700287, 113.66096497, 32.41999817, 0.00000000
1, 12.6800, 1235, -0.29675934, -0.54868758, 0.14199702, -20.36412621, -112.58915710, -233.12744141, -41.80064392, 16.04793930, -66.70564270, 100.88909149, -34.87309265, -1.95871317, -0.61142260, 0.73221111, -0.20336892, 0.22061382, -0.27983379, -0.25418192, 0.01030183, 99.96700287, 113.66096497, 32.41999817, 0.00000000
1, 12.6850, 1236, -0.33374593, -0.60334039, 0.17566206, -21.99732780, -113.66400909, -236.84780884, -41.80064392, 16.04793930, -66.70564270, 101.00428772, -33.60330200, -2.36417723, -0.61336941, 0.73475736, -0.19905637, 0.21044314, -0.22474599, -0.21155363, -0.01947557, 99.96700287, 113.66096497, 32.41999817, 0.00000000
1, 12.6900, 1237, -0.37384477, -0.65198576, 0.18874185, -27.13690186, -115.82865906, -239.95361328, -41.80064392, 16.04793930, -66.70564270, 101.09024811, -32.31337357, -2.77200246, -0.61539054, 0.73713547, -0.19471593, 0.20002890, -0.16594967, -0.17473276, -0.02903082, 99.96700287, 113.66096497, 32.41999817, 0.00000000
1, 12.6950, 1238, -0.38516113, -0.66531765, 0.16506712, -31.81104469, -115.24397278, -242.78953552, -39.69599533, 14.73253441, -66.61795044, 101.13397217, -31.01205444, -3.16393590, -0.61752415, 0.73928362, -0.19028969, 0.18950872, -0.13534717, -0.17298675, -0.00228002, 99.96700287, 113.66096497, 32.41999817, 0.00000000
1, 12.7150, 1239, -0.46898276, -0.83161521, 0.11922433, -45.71235657, -102.02060699, -260.41934204, -37.88365936, 14.64484024, -67.26103210, 100.93453979, -25.62934685, -4.45504045, -0.62684500, 0.74599528, -0.17030261, 0.14681113, 0.03072713, -0.05115230, 0.04920952, 99.96700287, 113.66096497, 32.41999817, 0.00000000
1, 12.7200, 1240, -0.47810417, -0.86703372, 0.14163660, -47.91410065, -97.34391785, -264.52120972, -35.19438553, 12.80327415, -66.70564270, 100.79911804, -24.23968506, -4.70981026, -0.62934309, 0.74719870, -0.16467392, 0.13602932, 0.06166432, -0.02629801, 0.02667270, 99.96700287, 113.66096497, 32.41999817, 0.00000000
1, 12.7250, 1241, -0.48483747, -0.90359902, 0.16474722, -48.44481277, -92.49164581, -268.07925415, -35.19438553, 12.80327415, -66.70564270, 100.64398193, -22.83759689, -4.93606710, -0.63181603, 0.74826735, -0.15877329, 0.12528232, 0.09066822, 0.00006698, 0.00297665, 99.96700287, 113.66096497, 32.41999817, 0.00000000
1, 12.7300, 1242, -0.47484410, -0.92493331, 0.17395042, -49.52958298, -85.81176758, -271.06091309, -33.00204468, 12.80327415, -67.02718353, 100.46457672, -21.42753220, -5.12603092, -0.63428730, 0.74917179, -0.15257180, 0.11464347, 0.10336190, 0.01163499, -0.00724595, 99.96700287, 113.66096497, 32.41999817, 0.00000000
1, 12.7350, 1243, -0.44569969, -0.96547735, 0.18410724, -50.02495956, -78.02992249, -274.75988770, -33.00204468, 12.80327415, -67.02718353, 100.26371765, -20.00681114, -5.27471590, -0.63674420, 0.74992889, -0.14601213, 0.10413454, 0.09727730, 0.04283647, -0.01893433, 99.96700287, 113.66096497, 32.41999817, 0.00000000
1, 12.7400, 1244, -0.43743703, -1.00140238, 0.20742409, -49.58066559, -71.90209198, -280.33300781, -33.00204468, 12.80327415, -67.02718353, 100.05200958, -18.56785202, -5.39080048, -0.63913727, 0.75058711, -0.13909407, 0.09367804, 0.11253677, 0.06982799, -0.04419137, 99.96700287, 113.66096497, 32.41999817, 0.00000000
1, 12.7450, 1245, -0.43879554, -1.04477811, 0.23050362, -48.16300964, -67.60180664, -289.25698853, -31.04355431, 12.13095570, -66.47179413, 99.83521271, -17.08567238, -5.48087406, -0.64145082, 0.75119185, -0.13171503, 0.08308385, 0.13817266, 0.10467046, -0.06947568, 99.96700287, 113.66096497, 32.41999817, 0.00000000
1, 12.7500, 1246, -0.44895175, -1.09506357, 0.23919995, -45.32550812, -65.50235748, -295.93801880, -31.04355431, 12.13095570, -66.47179413, 99.62703705, -15.57261276, -5.55940056, -0.64359546, 0.75177461, -0.12402532, 0.07237217, 0.17348865, 0.14688943, -0.08050103, 99.96700287, 113.66096497, 32.41999817, 0.00000000
1, 12.7550, 1247, -0.46991584, -1.19103432, 0.25954095, -40.57338715, -63.02520752, -303.16027832, -29.28968048, 11.25401878, -67.61180878, 99.43691254, -14.02618980, -5.62395430, -0.64550388, 0.75238436, -0.11599112, 0.06155091, 0.22033298, 0.23534779, -0.10308011, 99.96700287, 113.66096497, 32.41999817, 0.00000000
1, 12.7600, 1248, -0.46122590, -1.23485589, 0.27547121, -39.26456070, -60.91207123, -309.50604248, -29.28968048, 11.25401878, -67.61180878, 99.24899292, -12.45032883, -5.67732334, -0.64727563, 0.75291502, -0.10766347, 0.05061477, 0.23820713, 0.27225947, -0.12115288, 99.96700287, 113.66096497, 32.41999817, 0.00000000
1, 12.7850, 1249, -0.43034035, -1.34674859, 0.37198764, -34.59603500, -22.73659706, -332.63122559, -24.02806091, 12.39403629, -67.81642914, 98.32270050, -4.25601053, -5.50545645, -0.65407544, 0.75399369, -0.06056281, -0.00332378, 0.34796211, 0.36010224, -0.23018166, 99.96700287, 113.66096497, 32.41999817, 0.00000000
1, 12.7900, 1250, -0.43656152, -1.34029055, 0.39327571, -35.40435028, -6.89328766, -337.08047485, -24.02806091, 12.39403629, -67.81642914, 98.13465881, -2.59253120, -5.30088568, -0.65509385, 0.75379318, -0.04973184, -0.01321669, 0.38312125, 0.35120827, -0.25446543, 99.96700287, 113.66096497, 32.41999817, 0.00000000
1, 12.7950, 1251, -0.46742040, -1.33965623, 0.41580540, -36.81487274, 11.44390488, -342.61935425, -21.92341423, 12.92019844, -67.84565735, 97.93754578, -0.90423721, -5.00744295, -0.65608346, 0.75338191, -0.03812745, -0.02272972, 0.44321626, 0.34896630, -0.28025472, 99.96700287, 113.66096497, 32.41999817, 0.00000000
1, 12.8000, 1252, -0.52664733, -1.36485648, 0.43117416, -38.02342224, 30.72367859, -348.17343140, -21.92341423, 12.92019844, -67.84565735, 97.74292755, 0.79955322, -4.62066221, -0.65698820, 0.75279009, -0.02577802, -0.03176589, 0.53207284, 0.37342805, -0.29916260, 99.96700287, 113.66096497, 32.41999817, 0.00000000
1, 12.8050, 1253, -0.55730057, -1.39343512, 0.44304082, -39.70122910, 53.48552704, -353.84881592, -20.22800255, 13.18327999, -68.48874664, 97.55441284, 2.51775718, -4.12283564, -0.65780908, 0.75200528, -0.01258048, -0.04021256, 0.59262717, 0.40217930, -0.31453282, 99.96700287, 113.66096497, 32.41999817, 0.00000000
1, 12.8100, 1254, -0.61610144, -1.42846751, 0.49976385, -38.04756546, 72.15028381, -355.94873047, -20.22800255, 13.18327999, -68.48874664, 97.39448547, 4.23594189, -3.53555727, -0.65841675, 0.75111425, 0.00122283, -0.04809755, 0.68124092, 0.43826336, -0.37457338, 99.96700287, 113.66096497, 32.41999817, 0.00000000
1, 12.8150, 1255, -0.65270895, -1.44175744, 0.54706419, -34.37052917, 88.69085693, -355.88174438, -20.22800255, 13.18327999, -68.48874664, 97.27754211, 5.94483328, -2.86882043, -0.65873426, 0.75017130, 0.01549227, -0.05542750, 0.74750298, 0.45359743, -0.42450669, 99.96700287, 113.66096497, 32.41999817, 0.00000000
1, 12.8200, 1256, -0.61762995, -1.43043923, 0.54686892, -31.24598503, 106.88917542, -355.41763306, -18.44489861, 13.82636642, -68.31335449, 97.20655823, 7.64123392, -2.11221290, -0.65876621, 0.74916655, 0.03025919, -0.06213719, 0.74190247, 0.44536155, -0.42604476, 99.96700287, 113.66096497, 32.41999817, 0.00000000
1, 12.8250, 1257, -0.53986889, -1.44391823, 0.52806097, -26.11210251, 124.23956299, -352.26525879, -18.44489861, 13.82636642, -68.31335449, 97.19612885, 9.31187630, -1.26879537, -0.65844059, 0.74816191, 0.04540116, -0.06818070, 0.69319671, 0.46288556, -0.40804383, 99.96700287, 113.66096497, 32.41999817, 0.00000000
1, 12.8300, 1258, -0.43574795, -1.44947779, 0.49529058, -19.06845093, 140.24374390, -346.01452637, -16.83718109, 15.14177132, -68.31335449, 97.25927734, 10.94127464, -0.34388393, -0.65769595, 0.74722046, 0.06076748, -0.07351891, 0.61736828, 0.47338629, -0.37486982, 99.96700287, 113.66096497, 32.41999817, 0.00000000
1, 12.9050, 1259, -0.00713413, -0.21269336, 0.22235261, 43.32397842, 159.92547607, -19.58322525, -15.08330917, 19.73107338, -64.22098541, 103.90464020, 25.54460335, 16.88681221, -0.62011582, 0.73968178, 0.24754587, -0.08395455, 0.43835026, -0.66376472, -0.00817199, 99.96700287, 113.66096497, 32.41999817, 0.00000000
1, 12.9100, 1260, 0.06883167, -0.43621859, 0.20953573, 34.11330795, 136.70899963, 21.69274902, -15.08330917, 19.73107338, -64.22098541, 104.37815094, 25.27386284, 17.59184074, -0.61760151, 0.74132472, 0.25042519, -0.07933053, 0.35881028, -0.43994302, 0.01266400, 99.96700287, 113.66096497, 32.41999817, 0.00000000
1, 12.9150, 1261, -0.11306476, -0.73593330, 0.07007282, 25.01204872, 115.61154938, 47.17425156, -15.08330917, 19.73107338, -64.22098541, 104.73830414, 24.90138817, 18.14491463, -0.61567748, 0.74290353, 0.25193414, -0.07459736, 0.53542107, -0.14106637, 0.15764618, 99.96700287, 113.66096497, 32.41999817, 0.00000000
1, 12.9200, 1262, -0.48698938, -0.95555735, -0.12153871, 17.19554710, 88.10044098, 85.00016022, -16.83718109, 19.64337921, -63.66559601, 104.97113037, 24.37838745, 18.49448776, -0.61441004, 0.74458015, 0.25149512, -0.06964904, 0.90219712, 0.07654343, 0.35291702, 99.96700287, 113.66096497, 32.41999817, 0.00000000
1, 12.9250, 1263, -0.75027168, -1.09386480, -0.14983396, 21.23641396, 95.23085022, 98.57871246, -16.83718109, 19.64337921, -63.66559601, 105.22706604, 23.77928543, 18.85854721, -0.61295313, 0.74651170, 0.25078681, -0.06414722, 1.15631878, 0.21190941, 0.38521099, 99.96700287, 113.66096497, 32.41999817, 0.00000000
1, 12.9300, 1264, -0.90683472, -1.21865702, -0.09389780, 26.58768845, 108.27072144, 110.21336365, -17.59719276, 21.45571518, -63.66559601, 105.52487183, 23.10534096, 19.26952934, -0.61118490, 0.74871951, 0.25002438, -0.05796599, 1.30225301, 0.33340335, 0.33432639, 99.96700287, 113.66096497, 32.41999817, 0.00000000
1, 12.9350, 1265, -0.95069724, -1.32684171, -0.02700932, 30.37284851, 118.03369141, 119.93208313, -17.59719276, 21.45571518, -63.66559601, 105.84892273, 22.36947632, 19.71120262, -0.60917890, 0.75112098, 0.24918351, -0.05124544, 1.33435702, 0.43814039, 0.27341437, 99.96700287, 113.66096497, 32.41999817, 0.00000000
1, 12.9400, 1266, -0.95988792, -1.34776270, 0.00638158, 29.33248520, 123.82571411, 129.37220764, -17.59719276, 21.45571518, -63.66559601, 106.15775299, 21.54895782, 20.15917778, -0.60717374, 0.75359303, 0.24801874, -0.04386656, 1.33065820, 0.45539647, 0.24631734, 99.96700287, 113.66096497, 32.41999817, 0.00000000
1, 12.9450, 1267, -0.94274831, -1.26772225, -0.00800544, 26.03159332, 128.24662781, 138.52801514, -18.21105003, 20.49108505, -62.64250183, 106.45287323, 20.70514107, 20.61204529, -0.60515982, 0.75600785, 0.24681717, -0.03626350, 1.29980457, 0.37156877, 0.26700783, 99.96700287, 113.66096497, 32.41999817, 0.00000000
1, 12.9500, 1268, -0.87467593, -1.15517092, -0.00515065, 25.06940842, 127.12110901, 145.94450378, -18.21105003, 20.49108505, -62.64250183, 106.72863007, 19.82527542, 21.04090309, -0.60315758, 0.75842249, 0.24532564, -0.02848859, 1.21746945, 0.25521189, 0.27041760, 99.96700287, 113.66096497, 32.41999817, 0.00000000
1, 12.9750, 1269, 1.79683864, -1.55110729, -0.26357043, 10.47955894, 77.42372894, 131.55570984, -21.66033363, 21.04647827, -61.70710373, 107.85420990, 15.57672787, 22.38549232, -0.59354794, 0.77009219, 0.23372084, 0.00579184, -1.52479982, 0.63537937, 0.56044400, 99.96700287, 113.66096497, 32.41999817, 0.00000000
1, 12.9800, 1270, 2.65963483, -1.60019100, -0.50362939, -12.12585926, 46.39984131, 103.90351868, -22.68342590, 21.63110161, -61.99941635, 107.81194305, 15.01108456, 22.45033836, -0.59343851, 0.77082241, 0.23143069, 0.01016704, -2.39716387, 0.68209094, 0.80314815, 99.96700287, 113.66096497, 32.41999817, 0.00000000
1, 12.9850, 1271, 3.14974117, -1.59976590, -0.84845310, -33.76008606, 48.22165298, 69.34542084, -22.68342590, 21.63110161, -61.99941635, 107.67684174, 14.60717010, 22.57903671, -0.59404516, 0.77062529, 0.23033252, 0.01392729, -2.89389515, 0.67975682, 1.14800656, 99.96700287, 113.66096497, 32.41999817, 0.00000000
1, 12.9900, 1272, 3.27811193, -1.49416363, -1.17511821, -56.74374390, 42.87103271, 42.94090271, -23.35574341, 21.19263268, -62.46711349, 107.42794037, 14.34046650, 22.72282982, -0.59550256, 0.76954454, 0.22997382, 0.01703389, -3.02652001, 0.57231963, 1.47204113, 99.96700287, 113.66096497, 32.41999817, 0.00000000
1, 12.9950, 1273, 3.05797172, -1.29704726, -1.14436805, -62.81970215, -26.97871971, 35.35942078, -23.35574341, 21.19263268, -62.46711349, 107.06826019, 14.21039677, 22.53572845, -0.59784847, 0.76828796, 0.22803116, 0.01768407, -2.80926228, 0.37279040, 1.43589878, 99.96700287, 113.66096497, 32.41999817, 0.00000000
1, 13.0000, 1274, 2.57269883, -1.11682045, -0.87398112, -52.84136581, -145.72343445, 37.55474472, -23.35574341, 21.19263268, -62.46711349, 106.61395264, 14.23968792, 21.75988579, -0.60102159, 0.76738393, 0.22291251, 0.01431596, -2.32481647, 0.18995175, 1.15761781, 99.96700287, 113.66096497, 32.41999817, 0.00000000
1, 13.0050, 1275, 1.90537596, -1.01432800, -0.52963310, -40.01887131, -253.76499939, 47.68044662, -22.94650650, 19.17568016, -61.85326004, 106.08685303, 14.36535645, 20.43380165, -0.60475552, 0.76691544, 0.21460576, 0.00747405, -1.65653872, 0.08489233, 0.80338156, 99.96700287, 113.66096497, 32.41999817, 0.00000000
1, 13.0100, 1276, 1.17513347, -0.98047149, -0.25842100, -28.23597908, -330.36691284, 63.86164093, -22.94650650, 19.17568016, -61.85326004, 105.51481628, 14.50464725, 18.70248032, -0.60870087, 0.76680291, 0.20370080, -0.00161239, -0.92460239, 0.04856128, 0.52108651, 99.96700287, 113.66096497, 32.41999817, 0.00000000
1, 13.0150, 1277, 0.47236916, -1.01030457, 0.00700482, -15.74944973, -381.97186279, 83.74934387, -21.36802101, 20.92955208, -63.13943100, 104.92996216, 14.59853172, 16.68478394, -0.61253244, 0.76700133, 0.19070669, -0.01200549, -0.22066507, 0.07580706, 0.24424084, 99.96700287, 113.66096497, 32.41999817, 0.00000000
1, 13.0200, 1278, -0.07863078, -1.08587909, 0.36348006, -2.64281988, -413.45513916, 107.26345825, -21.36802101, 20.92955208, -63.13943100, 104.36157990, 14.59864998, 14.47787189, -0.61600202, 0.76748544, 0.17601708, -0.02292728, 0.32988653, 0.14843073, -0.12313657, 99.96700287, 113.66096497, 32.41999817, 0.00000000
1, 13.0650, 1279, -1.08829868, -1.30814099, 0.77208042, 7.30008411, -141.85343933, 132.18827820, -16.36948204, 18.47413063, -66.26717377, 101.30070496, 10.47399902, 1.35419989, -0.63219470, 0.76932532, 0.06696950, -0.06311616, 1.27039695, 0.34310228, -0.58386260, 99.96700287, 113.66096497, 32.41999817, 0.00000000
1, 13.0700, 1280, -0.80335420, -1.25920963, 1.25048602, 8.66636658, -123.19916534, 142.11466980, -16.36948204, 18.47413063, -66.26717377, 101.21236420, 9.89622784, 0.60043257, -0.63262278, 0.76962447, 0.05877402, -0.06334299, 0.97467184, 0.29135722, -1.06272399, 99.96700287, 113.66096497, 32.41999817, 0.00000000
1, 13.0750, 1281, -0.53119510, -1.11822760, 1.51103771, 5.27429342, -90.98254395, 149.79597473, -16.36948204, 18.47413063, -66.26717377, 101.14089203, 9.24873066, 0.00170149, -0.63306260, 0.76989073, 0.05121731, -0.06226411, 0.69100231, 0.14786872, -1.32328153, 99.96700287, 113.66096497, 32.41999817, 0.00000000
1, 13.0800, 1282, -0.22574629, -0.86315894, 0.98015052, 7.65055180, -60.69198227, 151.22380066, -17.62642479, 19.17568016, -65.74101257, 101.11157990, 8.56472111, -0.44618404, -0.63332379, 0.77026629, 0.04444210, -0.06013114, 0.37519956, -0.10830435, -0.79159725, 99.96700287, 113.66096497, 32.41999817, 0.00000000
1, 13.0850, 1283, -0.05881914, -0.70124078, 0.44028223, 29.18777847, -42.63723373, 146.82322693, -17.62642479, 19.17568016, -65.74101257, 101.20873260, 7.88553286, -0.79987329, -0.63278341, 0.77123863, 0.03825757, -0.05755475, 0.19784984, -0.27080688, -0.24952714, 99.96700287, 113.66096497, 32.41999817, 0.00000000
1, 13.0900, 1284, -0.21159638, -0.71105051, -0.25811088, 47.42953873, -5.34872341, 127.81552124, -16.98333740, 18.35720444, -66.06255341, 101.37014771, 7.22189188, -0.96154648, -0.63189375, 0.77244675, 0.03342338, -0.05403107, 0.34092253, -0.26084328, 0.45143759, 99.96700287, 113.66096497, 32.41999817, 0.00000000
1, 13.0950, 1285, -0.52749825, -0.79728782, -0.44575369, 39.26144409, 27.12881088, 106.75094604, -16.98333740, 18.35720444, -66.06255341, 101.57107544, 6.67231321, -0.93358994, -0.63076550, 0.77374583, 0.03048901, -0.05022835, 0.64710248, -0.17491280, 0.64152300, 99.96700287, 113.66096497, 32.41999817, 0.00000000
1, 13.1000, 1286, -0.78105611, -0.79333520, -0.21564391, 20.38858986, 48.68604660, 89.87376404, -16.98333740, 18.35720444, -66.06255341, 101.69081879, 6.18356228, -0.78400326, -0.63019520, 0.77453119, 0.02875732, -0.04613673, 0.89135838, -0.17973679, 0.41337556, 99.96700287, 113.66096497, 32.41999817, 0.00000000
1, 13.1050, 1287, -0.95350903, -0.70811045, 0.26025042, 11.94136810, 47.81610870, 79.47994995, -18.50336075, 19.23414230, -65.74101257, 101.76761627, 5.74625826, -0.62912214, -0.62987930, 0.77505457, 0.02736862, -0.04234875, 1.05482769, -0.26625818, -0.06120394, 99.96700287, 113.66096497, 32.41999817, 0.00000000
1, 13.1100, 1288, -1.07853639, -0.67517960, 0.62226868, 8.02821445, 40.92897797, 74.73872375, -18.50336075, 19.23414230, -65.74101257, 101.82080078, 5.33892870, -0.50391328, -0.62968594, 0.77544004, 0.02595688, -0.03891836, 1.17178476, -0.30026644, -0.42232549, 99.96700287, 113.66096497, 32.41999817, 0.00000000
1, 13.1150, 1289, -1.06525528, -0.67110491, 0.59594172, 4.04110146, 41.24076080, 74.83196259, -19.23414230, 17.24641991, -65.50716400, 101.85322571, 4.93068171, -0.37766722, -0.62961864, 0.77570564, 0.02455663, -0.03546951, 1.15150726, -0.30479991, -0.39519864, 99.96700287, 113.66096497, 32.41999817, 0.00000000
1, 13.1200, 1290, -0.90514505, -0.67084062, 0.28549194, 5.12244797, 48.84704208, 74.68402100, -19.23414230, 17.24641991, -65.50716400, 101.89319611, 4.51533270, -0.21422580, -0.62949741, 0.77600121, 0.02336900, -0.03176826, 0.98495865, -0.30502427, -0.08362198, 99.96700287, 113.66096497, 32.41999817, 0.00000000
1, 13.1250, 1291, -0.66554821, -0.72025561, -0.01703104, 11.06607819, 58.99832153, 68.89146423, -19.23414230, 17.24641991, -65.50716400, 101.96579742, 4.11783361, 0.00451125, -0.62914729, 0.77645552, 0.02264859, -0.02788910, 0.73909187, -0.25541449, 0.22061554, 99.96700287, 113.66096497, 32.41999817, 0.00000000
1, 13.1300, 1292, -0.43519229, -0.77449858, -0.15050177, 19.14638901, 68.64167786, 61.79769897, -20.05261612, 18.29874229, -65.03945923, 102.08097839, 3.74481463, 0.27715176, -0.62849522, 0.77712315, 0.02242400, -0.02388686, 0.50247645, -0.20103149, 0.35643137, 99.96700287, 113.66096497, 32.41999817, 0.00000000
1, 13.1350, 1293, -0.18409699, -0.88342094, -0.03284480, 28.28668594, 70.66916656, 57.48834991, -20.05261612, 18.29874229, -65.03945923, 102.24092102, 3.39021277, 0.56323886, -0.62751633, 0.77802587, 0.02239187, -0.01994362, 0.24483478, -0.09214611, 0.24185027, 99.96700287, 113.66096497, 32.41999817, 0.00000000
1, 13.1400, 1294, -0.02538050, -0.99500084, 0.12309130, 32.89062500, 65.95280457, 55.35440445, -20.19877243, 18.12335587, -64.51329803, 102.40973663, 3.04079700, 0.82624835, -0.62645012, 0.77897656, 0.02224107, -0.01616297, 0.07968172, 0.01947375, 0.08912595, 99.96700287, 113.66096497, 32.41999817, 0.00000000
1, 13.1450, 1295, 0.13454725, -1.13854909, 0.28926390, 30.78125000, 51.98419952, 54.62768173, -20.19877243, 18.12335587, -64.51329803, 102.57415771, 2.71859765, 1.02178597, -0.62538314, 0.77990639, 0.02179120, -0.01293422, -0.08644509, 0.16307414, -0.07402278, 99.96700287, 113.66096497, 32.41999817, 0.00000000
1, 13.1500, 1296, 0.26269284, -1.21414304, 0.33369374, 25.31478500, 45.05516052, 54.00633621, -20.19877243, 18.12335587, -64.51329803, 102.70862579, 2.40637755, 1.18324447, -0.62450117, 0.78067338, 0.02117537, -0.00995216, -0.22019260, 0.23888898, -0.11578315, 99.96700287, 113.66096497, 32.41999817, 0.00000000
1, 13.1550, 1297, 0.37694570, -1.24713981, 0.29888868, 20.48449707, 35.39327621, 52.82100677, -20.92955208, 18.64951706, -64.80561066, 102.81624603, 2.11014485, 1.29812229, -0.62378627, 0.78129601, 0.02033756, -0.00732632, -0.33960086, 0.27217105, -0.07876761, 99.96700287, 113.66096497, 32.41999817, 0.00000000
1, 13.1600, 1298, 0.43471393, -1.25292504, 0.24306162, 17.63605499, 20.85274506, 52.44058990, -20.92955208, 18.64951706, -64.80561066, 102.90660095, 1.83160508, 1.34193611, -0.62317663, 0.78183019, 0.01911670, -0.00520313, -0.40216041, 0.27824134, -0.02116624, 99.96700287, 113.66096497, 32.41999817, 0.00000000
1, 13.1900, 1299, -0.17557959, -0.93062580, 0.25485820, 2.52430105, -30.51454353, 48.00853348, -21.16340256, 16.92487526, -64.25022125, 103.11454010, 0.40570778, 0.49378827, -0.62173468, 0.78320819, 0.00557619, -0.00009388, 0.18332990, -0.04369140, -0.02999232, 99.96700287, 113.66096497, 32.41999817, 0.00000000
1, 13.1950, 1300, -0.29091963, -0.91420805, 0.18789242, 4.11234379, -26.68829727, 47.34341812, -21.16340256, 16.92487526, -64.25022125, 103.13470459, 0.20522060, 0.31041622, -0.62159503, 0.78333205, 0.00323518, 0.00028096, 0.29490441, -0.05994987, 0.03703889, 99.96700287, 113.66096497, 32.41999817, 0.00000000
1, 13.2000, 1301, -0.34654051, -0.92938137, 0.15576212, 8.53230190, -10.29904366, 45.25919724, -21.16340256, 16.92487526, -64.25022125, 103.17774200, -0.00348188, 0.20913607, -0.62129915, 0.78357130, 0.00141118, 0.00115772, 0.34700355, -0.04458761, 0.06963111, 99.96700287, 113.66096497, 32.41999817, 0.00000000
1, 13.2050, 1302, -0.36713317, -0.95723224, 0.18674503, 9.60599327, -2.34862065, 43.82263565, -21.68956375, 18.00643158, -64.10406494, 103.22643280, -0.21410233, 0.14802893, -0.62096375, 0.78383601, -0.00014766, 0.00226668, 0.36384624, -0.01659204, 0.03937013, 99.96700287, 113.66096497, 32.41999817, 0.00000000
1, 13.2100, 1303, -0.36968729, -0.98357570, 0.25299183, 8.27634716, 7.09821510, 41.57602692, -21.68956375, 18.00643158, -64.10406494, 103.26839447, -0.42450553, 0.13529991, -0.62067205, 0.78406066, -0.00137356, 0.00363740, 0.36256272, 0.00983510, -0.02618320, 99.96700287, 113.66096497, 32.41999817, 0.00000000
1, 13.2150, 1304, -0.35342178, -1.00771391, 0.31186998, 6.34157944, 19.40848732, 38.80947876, -21.95264435, 17.50950050, -64.54253387, 103.30009460, -0.63550478, 0.18551840, -0.62044591, 0.78422809, -0.00217134, 0.00535369, 0.34246850, 0.03404404, -0.08448446, 99.96700287, 113.66096497, 32.41999817, 0.00000000
1, 13.2200, 1305, -0.32384795, -1.02677691, 0.34085682, 5.12361145, 31.20880318, 35.77629089, -21.95264435, 17.50950050, -64.54253387, 103.32470703, -0.84526491, 0.29654571, -0.62026095, 0.78435671, -0.00254567, 0.00739087, 0.30915779, 0.05320781, -0.11299378, 99.96700287, 113.66096497, 32.41999817, 0.00000000
1, 13.2250, 1306, -0.27454990, -1.03624022, 0.34652075, 4.73252058, 39.48286819, 33.38463211, -21.95264435, 17.50950050, -64.54253387, 103.34622955, -1.05291212, 0.45051107, -0.62008816, 0.78446847, -0.00261401, 0.00964597, 0.25621068, 0.06280495, -0.11819322, 99.96700287, 113.66096497, 32.41999817, 0.00000000
1, 13.2400, 1307, -0.08380169, -1.01093280, 0.36607468, 4.72126675, 51.21872711, 29.10771561, -22.80035019, 19.05875397, -64.80561066, 103.43354797, -1.66881597, 1.04306877, -0.61935413, 0.78492409, -0.00187770, 0.01706935, 0.05470069, 0.03801140, -0.13599448, 99.96700287, 113.66096497, 32.41999817, 0.00000000
1, 13.2450, 1308, -0.03603505, -0.98261392, 0.34011412, 3.99649334, 52.01237488, 27.69872093, -22.80035019, 19.05875397, -64.80561066, 103.44705200, -1.86355650, 1.26425588, -0.61919659, 0.78499019, -0.00141323, 0.01959854, 0.00350733, 0.00994525, -0.10943771, 99.96700287, 113.66096497, 32.41999817, 0.00000000
1, 13.2500, 1309, -0.00428826, -0.94699097, 0.30195880, 3.95016551, 49.70541000, 26.55770683, -22.80035019, 19.05875397, -64.80561066, 103.45991516, -2.05012655, 1.47550607, -0.61903763, 0.78505218, -0.00097223, 0.02201773, -0.03143715, -0.02545677, -0.07095540, 99.96700287, 113.66096497, 32.41999817, 0.00000000
1, 13.2550, 1310, -0.00059304, -0.93723559, 0.28021041, 4.35729361, 45.39561844, 26.30959129, -22.94650650, 18.79567337, -64.42560577, 103.47491455, -2.23055077, 1.66604722, -0.61886114, 0.78512472, -0.00063893, 0.02428263, -0.03825738, -0.03500589, -0.04896906, 99.96700287, 113.66096497, 32.41999817, 0.00000000
1, 13.2600, 1311, -0.00152871, -0.92723727, 0.25647748, 4.93577909, 38.77803421, 26.49501419, -22.94650650, 18.79567337, -64.42560577, 103.49353027, -2.40426683, 1.82413137, -0.61866158, 0.78521621, -0.00049040, 0.02632604, -0.04031017, -0.04477383, -0.02494180, 99.96700287, 113.66096497, 32.41999817, 0.00000000
1, 13.2650, 1312, -0.00381081, -0.92562354, 0.25414789, 4.80297709, 35.05023575, 26.47795677, -23.61882401, 18.09412384, -64.63022614, 103.51181793, -2.57362747, 1.96404886, -0.61846393, 0.78530550, -0.00044227, 0.02824131, -0.04099533, -0.04618542, -0.02233270, 99.96700287, 113.66096497, 32.41999817, 0.00000000
1, 13.2700, 1313, -0.01573684, -0.92464435, 0.26350075, 3.94499183, 32.33974075, 25.89848709, -23.61882401, 18.09412384, -64.63022614, 103.52595520, -2.73707914, 2.09140897, -0.61829442, 0.78537196, -0.00044879, 0.03004812, -0.03197024, -0.04698898, -0.03148152, 99.96700287, 113.66096497, 32.41999817, 0.00000000
1, 13.2750, 1314, -0.04092399, -0.91915905, 0.26928109, 2.47845650, 29.84439087, 24.84116745, -23.96959877, 18.09412384, -64.25022125, 103.53293610, -2.89253163, 2.20782518, -0.61817449, 0.78539962, -0.00048868, 0.03174089, -0.00954305, -0.05231851, -0.03719797, 99.96700287, 113.66096497, 32.41999817, 0.00000000
1, 13.2800, 1315, -0.08621258, -0.91619098, 0.26991442, 1.18837106, 27.39294243, 23.46717453, -23.96959877, 18.24028015, -64.25022125, 103.53368378, -3.03846931, 2.31391835, -0.61809921, 0.78539383, -0.00054957, 0.03331262, 0.03315655, -0.05515005, -0.03793301, 99.96700287, 113.66096497, 32.41999817, 0.00000000
1, 13.2850, 1316, -0.14086032, -0.91346943, 0.26911584, 0.41466370, 26.34109879, 22.01481438, -23.96959877, 18.24028015, -64.25022125, 103.53045654, -3.17613530, 2.41658425, -0.61805123, 0.78536671, -0.00059047, 0.03480905, 0.08537324, -0.05775321, -0.03733683, 99.96700287, 113.66096497, 32.41999817, 0.00000000
1, 13.3050, 1317, -0.25227246, -0.93435824, 0.33595112, 1.00469959, 41.19314194, 17.27873802, -25.31423569, 18.94182968, -64.13329315, 103.53018951, -3.76517391, 2.98761082, -0.61767030, 0.78531909, 0.00014110, 0.04192033, 0.18633369, -0.03637102, -0.10461846, 99.96700287, 113.66096497, 32.41999817, 0.00000000
1, 13.3100, 1318, -0.23653667, -0.94147551, 0.33065560, 0.93224943, 46.93181610, 16.15456772, -25.31423569, 18.94182968, -64.13329315, 103.52103424, -3.89823532, 3.19756341, -0.61760581, 0.78525770, 0.00085762, 0.04396256, 0.16831630, -0.02912970, -0.09946704, 99.96700287, 113.66096497, 32.41999817, 0.00000000
1, 13.3150, 1319, -0.19459593, -0.95032930, 0.32572526, 0.48438814, 54.33564377, 15.18001938, -25.46039200, 18.59105492, -63.95790482, 103.50653076, -4.03510714, 3.44480371, -0.61755514, 0.78516567, 0.00180653, 0.04623161, 0.12401223, -0.02016325, -0.09471054, 99.96700287, 113.66096497, 32.41999817, 0.00000000
1, 13.3200, 1320, -0.15011036, -0.94863307, 0.32293934, -0.51747543, 57.64894867, 14.64080811, -25.46039200, 18.59105492, -63.95790482, 103.48521423, -4.17314100, 3.70890594, -0.61753565, 0.78503478, 0.00286116, 0.04859936, 0.07713474, -0.02176854, -0.09218255, 99.96700287, 113.66096497, 32.41999817, 0.00000000
1, 13.3250, 1321, -0.09730442, -0.94386017, 0.32711196, -1.58010018, 60.12370300, 14.18753815, -26.16194153, 18.50336075, -63.81174850, 103.45702362, -4.31172180, 3.98570538, -0.61754894, 0.78486466, 0.00399579, 0.05103932, 0.02190771, -0.02648390, -0.09670835, 99.96700287, 113.66096497, 32.41999817, 0.00000000
1, 13.3300, 1322, -0.04117004, -0.94400203, 0.31762987, -2.52494168, 61.66123581, 13.64032555, -26.16194153, 18.50336075, -63.81174850, 103.42279053, -4.44927645, 4.27077007, -0.61759108, 0.78465945, 0.00518847, 0.05351697, -0.03660100, -0.02628144, -0.08768187, 99.96700287, 113.66096497, 32.41999817, 0.00000000
1, 13.3350, 1323, 0.00499232, -0.94722652, 0.28843787, -3.16758418, 61.86438751, 13.65334892, -26.16194153, 18.50336075, -63.81174850, 103.38458252, -4.58696175, 4.55694294, -0.61765021, 0.78443056, 0.00638452, 0.05600169, -0.08508560, -0.02297778, -0.05905942, 99.96700287, 113.66096497, 32.41999817, 0.00000000
1, 13.3400, 1324, 0.04326555, -0.95598209, 0.25831190, -3.10532427, 59.73219681, 13.98730946, -26.54194641, 18.64951706, -63.57789993, 103.35381317, -4.69103813, 4.83209753, -0.61767173, 0.78424203, 0.00768918, 0.05819719, -0.12538531, -0.01414646, -0.02947423, 99.96700287, 113.66096497, 32.41999817, 0.00000000
1, 13.3450, 1325, 0.05409350, -0.96664679, 0.24688770, -3.17840314, 57.10306168, 14.66166973, -26.54194641, 18.64951706, -63.57789993, 103.31636047, -4.82782936, 5.09412098, -0.61772108, 0.78401464, 0.00872202, 0.06054568, -0.13827705, -0.00343083, -0.01865576, 99.96700287, 113.66096497, 32.41999817, 0.00000000
1, 13.3500, 1326, 0.04468835, -0.98241448, 0.24387290, -3.83053923, 55.24133682, 15.08127499, -26.60040855, 18.70797920, -63.98713684, 103.27584076, -4.96437597, 5.34671640, -0.61778820, 0.78376967, 0.00968839, 0.06284185, -0.13124236, 0.01238054, -0.01640524, 99.96700287, 113.66096497, 32.41999817, 0.00000000
1, 13.4000, 1327, -0.11888304, -0.94702971, 0.21012320, -8.63811302, 38.88319016, 18.64336205, -27.62350082, 17.27565002, -64.19175720, 102.71665955, -6.30486345, 7.26239395, -0.61953104, 0.78049362, 0.01512209, 0.08235548, 0.00911509, -0.02289010, 0.00710048, 99.96700287, 113.66096497, 32.41999817, 0.00000000
1, 13.4050, 1328, -0.12070716, -0.95711637, 0.19692980, -7.98929358, 38.19020462, 18.72374153, -27.62350082, 17.27565002, -64.19175720, 102.65840912, -6.43795872, 7.42935324, -0.61970812, 0.78015238, 0.01549055, 0.08416720, 0.00866484, -0.01275744, 0.01921569, 99.96700287, 113.66096497, 32.41999817, 0.00000000
1, 13.4100, 1329, -0.12333021, -0.96773040, 0.20225616, -7.56107044, 38.15085220, 19.06787300, -27.62350082, 17.27565002, -64.19175720, 102.60195923, -6.57252169, 7.59591484, -0.61986721, 0.77982050, 0.01584774, 0.08598627, 0.00894790, -0.00211019, 0.01284676, 99.96700287, 113.66096497, 32.41999817, 0.00000000
1, 13.4150, 1330, -0.11552276, -0.98083258, 0.20944273, -7.49318790, 38.46059799, 19.24965477, -28.29582024, 18.35720444, -64.39637756, 102.54530334, -6.70814657, 7.76397848, -0.62002069, 0.77948660, 0.01620735, 0.08782044, -0.00122473, 0.01103159, 0.00464108, 99.96700287, 113.66096497, 32.41999817, 0.00000000
1, 13.4200, 1331, -0.11805468, -0.98543942, 0.21276164, -7.85216570, 38.73590469, 19.26078796, -28.29582024, 18.35720444, -64.39637756, 102.48628235, -6.84395266, 7.93357372, -0.62018389, 0.77913910, 0.01657264, 0.08966422, -0.00105596, 0.01568544, 0.00026068, 99.96700287, 113.66096497, 32.41999817, 0.00000000
1, 13.4250, 1332, -0.13323005, -0.98107386, 0.21405230, -9.10492706, 39.29260635, 18.83432388, -28.61736298, 18.35720444, -64.19175720, 102.42017365, -6.97810316, 8.10656261, -0.62038875, 0.77875221, 0.01696242, 0.09151600, 0.01178229, 0.01135245, -0.00220753, 99.96700287, 113.66096497, 32.41999817, 0.00000000
1, 13.4300, 1333, -0.14464614, -0.96966982, 0.21990444, -9.46788883, 39.78844070, 18.36003304, -28.61736298, 18.35720444, -64.19175720, 102.35144806, -7.11026525, 8.28270340, -0.62060511, 0.77835023, 0.01738019, 0.09337166, 0.02088680, -0.00003837, -0.00928102, 99.96700287, 113.66096497, 32.41999817, 0.00000000
1, 13.4350, 1334, -0.14895792, -0.95475340, 0.21213479, -9.68828201, 40.31451035, 18.13001060, -28.61736298, 18.35720444, -64.19175720, 102.28086090, -7.24165440, 8.46188831, -0.62082708, 0.77793694, 0.01781900, 0.09523874, 0.02294016, -0.01492350, -0.00274885, 99.96700287, 113.66096497, 32.41999817, 0.00000000
1, 13.4400, 1335, -0.14719802, -0.94248664, 0.20842341, -8.87483883, 40.70385361, 18.16399002, -29.23121834, 18.41566849, -64.01636505, 102.21516418, -7.37926722, 8.64306736, -0.62100339, 0.77754915, 0.01823898, 0.09715763, 0.01886173, -0.02714252, -0.00022051, 99.96700287, 113.66096497, 32.41999817, 0.00000000
1, 13.4450, 1336, -0.14264604, -0.94171607, 0.19888650, -7.81978464, 41.65736771, 17.99802399, -29.23121834, 18.41566849, -64.01636505, 102.15215302, -7.51098156, 8.82944393, -0.62115657, 0.77717453, 0.01872663, 0.09906432, 0.01200013, -0.02783218, 0.00819516, 99.96700287, 113.66096497, 32.41999817, 0.00000000
1, 13.4900, 1337, -0.10530816, -0.90896547, 0.20797713, -4.60837507, 43.86663055, 18.53558731, -30.51739311, 17.04179955, -63.81174850, 101.61211395, -8.65755367, 10.59597015, -0.62205148, 0.77390313, 0.02386158, 0.11643234, -0.04526426, -0.05978689, -0.01056528, 99.96700287, 113.66096497, 32.41999817, 0.00000000
1, 13.4950, 1338, -0.08358212, -0.92282557, 0.21492057, -4.10619926, 43.61656189, 18.97891235, -30.51739311, 17.04179955, -63.81174850, 101.56191254, -8.79405117, 10.79304981, -0.62204570, 0.77358919, 0.02438682, 0.11842372, -0.06924701, -0.04576593, -0.01834181, 99.96700287, 113.66096497, 32.41999817, 0.00000000
1, 13.5000, 1339, -0.06999660, -0.93509662, 0.22538485, -4.06047535, 42.93799210, 19.69824982, -30.45892906, 16.54487038, -64.45483398, 101.51209259, -8.93323135, 10.98622227, -0.62203258, 0.77327758, 0.02486941, 0.12041116, -0.08524667, -0.03332037, -0.02970648, 99.96700287, 113.66096497, 32.41999817, 0.00000000
1, 13.5050, 1340, -0.05281125, -0.94657278, 0.22983913, -4.19612408, 42.56945419, 20.49739456, -30.45892906, 16.54487038, -64.45483398, 101.46150970, -9.07579136, 11.17697620, -0.62201750, 0.77296174, 0.02531434, 0.12240756, -0.10488702, -0.02164657, -0.03506505, 99.96700287, 113.66096497, 32.41999817, 0.00000000
1, 13.5100, 1341, -0.03996073, -0.96032000, 0.23578139, -4.00678444, 41.84984207, 21.52939796, -30.45892906, 16.54487038, -64.45483398, 101.41210938, -9.22254276, 11.36332226, -0.62198859, 0.77265280, 0.02570577, 0.12440705, -0.12026142, -0.00768509, -0.04191924, 99.96700287, 113.66096497, 32.41999817, 0.00000000
1, 13.5150, 1342, -0.02728911, -0.97599924, 0.24848954, -3.99640965, 41.26369858, 22.74212074, -31.65740967, 17.30488205, -63.92867661, 101.36292267, -9.37450504, 11.54576588, -0.62195069, 0.77234542, 0.02604043, 0.12641923, -0.13555878, 0.00822089, -0.05553338, 99.96700287, 113.66096497, 32.41999817, 0.00000000
1, 13.5200, 1343, -0.01698923, -0.98534966, 0.26479337, -4.63484859, 41.46496582, 24.29734039, -31.65740967, 17.30488205, -63.92867661, 101.31013489, -9.53414059, 11.72788811, -0.62192261, 0.77201819, 0.02632456, 0.12848072, -0.14861278, 0.01781010, -0.07279092, 99.96700287, 113.66096497, 32.41999817, 0.00000000
1, 13.5250, 1344, -0.00670602, -0.99041700, 0.27747655, -4.95573711, 41.84645462, 25.71260643, -31.54048538, 18.18181801, -64.13329315, 101.25512695, -9.70091820, 11.91075611, -0.62189400, 0.77167833, 0.02656955, 0.13059328, -0.16176888, 0.02314252, -0.08647221, 99.96700287, 113.66096497, 32.41999817, 0.00000000
1, 13.5300, 1345, 0.00130667, -1.00828636, 0.28827357, -4.99075699, 42.25111389, 27.72067261, -31.54048538, 18.18181801, -64.13329315, 101.19937134, -9.87777138, 12.09393024, -0.62185150, 0.77133387, 0.02675769, 0.13277353, -0.17279536, 0.04131111, -0.09831655, 99.96700287, 113.66096497, 32.41999817, 0.00000000
1, 13.5350, 1346, 0.01148286, -1.01841342, 0.29168424, -5.13634062, 42.90598297, 29.42063904, -31.54048538, 18.18181801, -64.13329315, 101.14202881, -10.06341076, 12.27898312, -0.62179995, 0.77098006, 0.02690557, 0.13502145, -0.18613246, 0.05178467, -0.10278047, 99.96700287, 113.66096497, 32.41999817, 0.00000000
1, 13.5400, 1347, 0.02667342, -1.03757489, 0.30127782, -5.43537140, 44.59301376, 31.60284042, -32.24203491, 18.24028015, -64.07482910, 101.10089111, -10.21725845, 12.46754551, -0.62166661, 0.77071273, 0.02727067, 0.13707294, -0.20432331, 0.07128409, -0.11331584, 99.96700287, 113.66096497, 32.41999817, 0.00000000
1, 13.5450, 1348, 0.02126546, -1.05869579, 0.30506888, -5.74529409, 47.09066010, 33.38387680, -32.24203491, 18.24028015, -64.07482910, 101.03627777, -10.42602444, 12.67018127, -0.62159956, 0.77031440, 0.02739501, 0.13956852, -0.20208615, 0.09278473, -0.11816980, 99.96700287, 113.66096497, 32.41999817, 0.00000000
1, 13.5500, 1349, 0.00308715, -1.08318055, 0.30913919, -6.79931545, 49.27671432, 34.81643295, -32.38819122, 17.91873741, -64.39637756, 100.96385956, -10.64366055, 12.88274384, -0.62155235, 0.76987076, 0.02752401, 0.14217678, -0.18761650, 0.11770399, -0.12363990, 99.96700287, 113.66096497, 32.41999817, 0.00000000
1, 13.5550, 1350, -0.03093222, -1.10555756, 0.30965868, -8.02905655, 51.31860733, 36.38799667, -32.38819122, 17.91873741, -64.39637756, 100.88277435, -10.87066460, 13.10446167, -0.62152970, 0.76937735, 0.02764787, 0.14489678, -0.15745240, 0.14053810, -0.12574914, 99.96700287, 113.66096497, 32.41999817, 0.00000000
1, 13.5600, 1351, -0.06617452, -1.12860322, 0.30719244, -9.22700214, 53.70557404, 38.10758972, -32.38819122, 17.91873741, -64.39637756, 100.79277802, -11.10803986, 13.33700371, -0.62152827, 0.76883233, 0.02777103, 0.14774388, -0.12622288, 0.16406670, -0.12502992, 99.96700287, 113.66096497, 32.41999817, 0.00000000
1, 13.5650, 1352, -0.11026194, -1.14374804, 0.30588374, -10.11576653, 57.06336594, 40.12681961, -32.62203979, 17.56796265, -64.80561066, 100.69438171, -11.35806847, 13.58505535, -0.62153381, 0.76823735, 0.02791179, 0.15075815, -0.08636013, 0.17972618, -0.12563117, 99.96700287, 113.66096497, 32.41999817, 0.00000000
1, 13.5700, 1353, -0.14053179, -1.15753233, 0.30218729, -10.94565392, 61.40061188, 41.99336624, -32.62203979, 17.56796265, -64.80561066, 100.58663940, -11.62081051, 13.85380173, -0.62154335, 0.76758593, 0.02810219, 0.15396786, -0.06052037, 0.19406423, -0.12397189, 99.96700287, 113.66096497, 32.41999817, 0.00000000
1, 13.5750, 1354, -0.16500370, -1.16428363, 0.30905938, -11.77439308, 65.60278320, 43.68142700, -33.64513397, 18.26951218, -64.25022125, 100.46942139, -11.89515686, 14.14287472, -0.62155676, 0.76687729, 0.02834438, 0.15736333, -0.04070725, 0.20138897, -0.13301973, 99.96700287, 113.66096497, 32.41999817, 0.00000000
1, 13.5800, 1355, -0.18575247, -1.16072476, 0.31108138, -13.03805161, 70.43271637, 45.17967224, -33.64513397, 18.26951218, -64.25022125, 100.33953094, -12.18059349, 14.45576572, -0.62158817, 0.76609308, 0.02865861, 0.16096045, -0.02478976, 0.19844177, -0.13739635, 99.96700287, 113.66096497, 32.41999817, 0.00000000
1, 13.5850, 1356, -0.20275407, -1.12685680, 0.30573350, -14.26101494, 74.87591553, 46.84343719, -34.37591171, 18.41566849, -64.71791840, 100.19730377, -12.47743988, 14.79057312, -0.62163424, 0.76523560, 0.02902895, 0.16475049, -0.01278635, 0.16522899, -0.13456693, 99.96700287, 113.66096497, 32.41999817, 0.00000000
1, 13.6350, 1357, -0.29757780, -1.03092778, 0.35775772, -14.56141472, 80.09934998, 51.17802811, -37.53288651, 17.18795586, -65.88716888, 98.51048279, -15.75587368, 18.63266182, -0.62119234, 0.75505745, 0.03321076, 0.20713629, 0.02644600, 0.07825670, -0.21698469, 99.96700287, 113.66096497, 32.41999817, 0.00000000
1, 13.6400, 1358, -0.37340885, -1.00347447, 0.28917927, -14.45171070, 79.41519165, 49.23245621, -37.53288651, 17.18795586, -65.88716888, 98.35269928, -16.06985855, 19.00049400, -0.62097967, 0.75410157, 0.03354925, 0.21116246, 0.09723431, 0.05196914, -0.15151444, 99.96700287, 113.66096497, 32.41999817, 0.00000000
1, 13.6450, 1359, -0.45333859, -0.98215556, 0.26532355, -13.62409210, 80.82477570, 45.92556381, -37.53288651, 17.18795586, -65.88716888, 98.17833710, -16.35475731, 19.38306427, -0.62087834, 0.75305092, 0.03410867, 0.21508403, 0.17228211, 0.03170113, -0.13078612, 99.96700287, 113.66096497, 32.41999817, 0.00000000
1, 13.6500, 1360, -0.55859107, -0.92602658, 0.30256161, -11.62271404, 93.73236847, 41.44064331, -38.26366425, 17.68488693, -65.82870483, 97.99184418, -16.62523460, 19.83702469, -0.62072349, 0.75191224, 0.03518380, 0.21930033, 0.27283984, -0.02357958, -0.17141938, 99.96700287, 113.66096497, 32.41999817, 0.00000000
1, 13.6550, 1361, -0.63097769, -0.87725127, 0.36615252, -9.26620674, 103.68821716, 36.70559311, -38.26366425, 17.68488693, -65.82870483, 97.79883575, -16.87754440, 20.34740257, -0.62050837, 0.75071812, 0.03670613, 0.22370578, 0.34076828, -0.07162540, -0.23846295, 99.96700287, 113.66096497, 32.41999817, 0.00000000
1, 13.6600, 1362, -0.69197714, -0.85558403, 0.39284286, -7.17871475, 112.19626617, 31.23841286, -39.43291473, 17.94796753, -65.68254852, 97.59970856, -17.10668755, 20.90719986, -0.62025005, 0.74947017, 0.03865757, 0.22823225, 0.39777315, -0.09259503, -0.26869068, 99.96700287, 113.66096497, 32.41999817, 0.00000000
1, 13.6650, 1363, -0.75737029, -0.83682454, 0.38778058, -6.30150890, 120.79713440, 25.82389832, -39.43291473, 17.94796753, -65.68254852, 97.38814545, -17.31259727, 21.51679802, -0.61998594, 0.74813026, 0.04102665, 0.23288496, 0.45965150, -0.11072335, -0.26734990, 99.96700287, 113.66096497, 32.41999817, 0.00000000
1, 13.6700, 1364, -0.80574673, -0.82456589, 0.44394785, -4.56233835, 131.82502747, 21.19236374, -39.43291473, 17.94796753, -65.68254852, 97.16469574, -17.50018883, 22.18824577, -0.61967355, 0.74669307, 0.04386207, 0.23776112, 0.50469244, -0.12255165, -0.32738417, 99.96700287, 113.66096497, 32.41999817, 0.00000000
1, 13.6750, 1365, -0.80788881, -0.81042910, 0.52757865, -2.92412591, 145.35601807, 16.72692871, -39.81291962, 17.39257431, -66.09178162, 96.92481232, -17.67119026, 22.93443489, -0.61930567, 0.74512309, 0.04722472, 0.24294443, 0.50371116, -0.13639553, -0.41500032, 99.96700287, 113.66096497, 32.41999817, 0.00000000
1, 13.6800, 1366, -0.78348756, -0.78180575, 0.60211462, -0.94212067, 159.70826721, 11.54059792, -39.81291962, 17.39257431, -66.09178162, 96.66854858, -17.82170486, 23.76005936, -0.61887175, 0.74341017, 0.05116323, 0.24843813, 0.47653180, -0.16482022, -0.49369311, 99.96700287, 113.66096497, 32.41999817, 0.00000000
1, 13.7100, 1367, -0.62832242, -0.68640542, 0.85157955, 29.26016235, 257.85614014, -34.14039230, -42.91143036, 18.09412384, -67.43642426, 95.08711243, -18.03752899, 30.49198914, -0.61280799, 0.73085010, 0.08952148, 0.28689790, 0.31630677, -0.26191276, -0.76880145, 99.96700287, 113.66096497, 32.41999817, 0.00000000
1, 13.7150, 1368, -0.61936718, -0.74150097, 0.83442199, 32.37543869, 275.49835205, -39.57819748, -42.91143036, 18.09412384, -67.43642426, 94.79711914, -17.95635605, 31.95277977, -0.61115944, 0.72805381, 0.09856232, 0.29446104, 0.30863178, -0.20760560, -0.75641423, 99.96700287, 113.66096497, 32.41999817, 0.00000000
1, 13.7200, 1369, -0.59699535, -0.77643168, 0.83098364, 34.60477829, 292.85589600, -45.08161926, -42.91143036, 18.09412384, -67.43642426, 94.49224091, -17.84740257, 33.50551987, -0.60933954, 0.72495395, 0.10825434, 0.30237103, 0.28795940, -0.17362612, -0.75791907, 99.96700287, 113.66096497, 32.41999817, 0.00000000
1, 13.7250, 1370, -0.57319283, -0.79545164, 0.83854699, 36.69238663, 310.14508057, -50.69002533, -44.37298965, 16.36948204, -67.40718842, 94.17314911, -17.70880890, 35.14924622, -0.60733712, 0.72152406, 0.11859202, 0.31061339, 0.26631615, -0.15571931, -0.77062565, 99.96700287, 113.66096497, 32.41999817, 0.00000000
1, 13.7300, 1371, -0.53993887, -0.79490900, 0.85545701, 38.70573807, 327.64752197, -56.50270844, -44.37298965, 16.36948204, -67.40718842, 93.84057617, -17.53826141, 36.88439178, -0.60513794, 0.71773410, 0.12958035, 0.31917846, 0.23572274, -0.15753858, -0.79285449, 99.96700287, 113.66096497, 32.41999817, 0.00000000
1, 13.7350, 1372, -0.49782610, -0.77929461, 0.87379050, 40.83382797, 344.48861694, -62.29757309, -45.36685181, 17.42180634, -68.86875153, 93.49787140, -17.33426666, 38.70664978, -0.60272259, 0.71357113, 0.14119586, 0.32803294, 0.19681829, -0.17457660, -0.81664574, 99.96700287, 113.66096497, 32.41999817, 0.00000000
1, 13.7400, 1373, -0.45544460, -0.76399350, 0.88525254, 43.28377914, 361.22399902, -67.92378235, -45.36685181, 17.42180634, -68.86875153, 93.17502594, -17.10187912, 40.60760498, -0.59990036, 0.70917410, 0.15342940, 0.33712196, 0.15818691, -0.19140187, -0.83347464, 99.96700287, 113.66096497, 32.41999817, 0.00000000
1, 13.7450, 1374, -0.41352716, -0.74552894, 0.88657337, 45.73455429, 377.95266724, -73.26974487, -45.36685181, 17.42180634, -68.86875153, 92.82125092, -16.83115959, 42.60023117, -0.59696442, 0.70421195, 0.16625644, 0.34652254, 0.12060094, -0.21149844, -0.84024948, 99.96700287, 113.66096497, 32.41999817, 0.00000000
1, 13.7600, 1375, -0.26837847, -0.74094141, 0.87154579, 56.47853088, 430.17309570, -88.67139435, -48.58228683, 17.62642479, -71.99649048, 91.78228760, -15.82108307, 49.05316925, -0.58617419, 0.68677938, 0.20807604, 0.37608278, -0.00802583, -0.22163828, -0.84210187, 99.96700287, 113.66096497, 32.41999817, 0.00000000
1, 13.7650, 1376, -0.23647551, -0.74830163, 0.87809843, 59.57304001, 444.07742310, -92.20005798, -48.58228683, 17.62642479, -71.99649048, 91.45496368, -15.41852760, 51.37056351, -0.58177668, 0.68003124, 0.22315019, 0.38639033, -0.03330227, -0.21632229, -0.85408425, 99.96700287, 113.66096497, 32.41999817, 0.00000000
1, 13.7700, 1377, -0.20748408, -0.76018989, 0.87479079, 62.74255753, 457.66833496, -95.70211029, -48.58228683, 17.62642479, -71.99649048, 91.14299011, -14.98739529, 53.75173187, -0.57697356, 0.67282045, 0.23863548, 0.39682147, -0.05514681, -0.20650995, -0.85599643, 99.96700287, 113.66096497, 32.41999817, 0.00000000
1, 13.7750, 1378, -0.17285244, -0.77451348, 0.86424839, 65.82203674, 469.92968750, -98.98931885, -49.80999756, 18.32797432, -72.96112061, 90.84988403, -14.52864361, 56.18922424, -0.57175875, 0.66514748, 0.25447574, 0.40732425, -0.08212797, -0.19428697, -0.85037595, 99.96700287, 113.66096497, 32.41999817, 0.00000000
1, 13.7800, 1379, -0.14406301, -0.78044116, 0.86069500, 68.23786163, 481.30227661, -101.76348114, -49.80999756, 18.32797432, -72.96112061, 90.57556915, -14.04492664, 58.67796326, -0.56613559, 0.65699643, 0.27060673, 0.41787353, -0.10283547, -0.19049126, -0.85144842, 99.96700287, 113.66096497, 32.41999817, 0.00000000
1, 13.7850, 1380, -0.11387558, -0.78457725, 0.86148548, 70.62807465, 491.87145996, -104.45133209, -51.00847626, 17.97719955, -74.89038086, 90.32289886, -13.53697681, 61.21351624, -0.56009698, 0.64836419, 0.28698987, 0.42842984, -0.12452133, -0.18850255, -0.85653138, 99.96700287, 113.66096497, 32.41999817, 0.00000000
1, 13.7900, 1381, -0.07234443, -0.79217792, 0.86223072, 73.24284363, 501.50350952, -107.19940186, -51.00847626, 17.97719955, -74.89038086, 90.11666870, -13.00225353, 63.78634644, -0.55354828, 0.63936043, 0.30366102, 0.43885368, -0.15710041, -0.18305466, -0.86096323, 99.96700287, 113.66096497, 32.41999817, 0.00000000
1, 13.7950, 1382, -0.02733474, -0.79831648, 0.86925030, 75.37420654, 509.94598389, -109.89958191, -51.00847626, 17.97719955, -74.89038086, 89.91650391, -12.44829845, 66.39940643, -0.54667765, 0.62977540, 0.32042339, 0.44928324, -0.19277079, -0.17906770, -0.87122285, 99.96700287, 113.66096497, 32.41999817, 0.00000000
1, 13.8000, 1383, 0.01302920, -0.79198611, 0.87884045, 76.45428467, 517.12164307, -112.44132233, -52.14849472, 16.98333740, -77.02426147, 89.74069977, -11.87309265, 69.04154205, -0.53943413, 0.61970174, 0.33727601, 0.45959282, -0.22343731, -0.18752672, -0.88380539, 99.96700287, 113.66096497, 32.41999817, 0.00000000
1, 13.8050, 1384, 0.05155562, -0.77059066, 0.87816513, 77.48864746, 522.23706055, -114.78621674, -52.14849472, 16.98333740, -77.02426147, 89.59270477, -11.27865028, 71.70236206, -0.53183812, 0.60917443, 0.35414776, 0.46971703, -0.25188172, -0.21099912, -0.88566661, 99.96700287, 113.66096497, 32.41999817, 0.00000000
1, 13.8100, 1385, 0.09785669, -0.73152614, 0.85454834, 80.78903961, 525.40655518, -116.50530243, -53.40543747, 17.42180634, -79.24583435, 89.48687744, -10.66956139, 74.37229919, -0.52384382, 0.59829080, 0.37100869, 0.47957093, -0.28775281, -0.25204891, -0.86391133, 99.96700287, 113.66096497, 32.41999817, 0.00000000
1, 13.8350, 1386, 0.37951025, -0.87833107, 0.64939958, 99.25622559, 509.15438843, -107.52346039, -53.31774139, 16.51563835, -83.13358307, 89.70436859, -7.70689678, 87.53808594, -0.47799668, 0.54111284, 0.45237166, 0.52352273, -0.51762748, -0.11335477, -0.65564466, 99.96700287, 113.66096497, 32.41999817, 0.00000000
1, 13.8400, 1387, 0.43729565, -0.96498716, 0.50394976, 99.08167267, 500.72274780, -104.56749725, -53.31774139, 16.51563835, -83.13358307, 89.88265991, -7.15641642, 90.05805969, -0.46809387, 0.52951467, 0.46754473, 0.53094673, -0.56554437, -0.02773638, -0.50731534, 99.96700287, 113.66096497, 32.41999817, 0.00000000
1, 13.8450, 1388, 0.49249381, -1.05527270, 0.32229263, 95.84483337, 492.48342896, -102.02366638, -53.31774139, 16.51563835, -83.13358307, 90.06285858, -6.63987780, 92.53721619, -0.45811397, 0.51782840, 0.48207718, 0.53813297, -0.61114216, 0.06171373, -0.32249168, 99.96700287, 113.66096497, 32.41999817, 0.00000000
1, 13.8500, 1389, 0.54383540, -1.17206514, 0.12694138, 91.08412933, 483.87332153, -99.08370972, -53.87313461, 14.73253441, -85.15054321, 90.24595642, -6.14588547, 94.97214508, -0.44812816, 0.50605810, 0.49602312, 0.54502058, -0.65333200, 0.17784208, -0.12403581, 99.96700287, 113.66096497, 32.41999817, 0.00000000
1, 13.8550, 1390, 0.60044748, -1.27834260, -0.07842437, 82.38938141, 474.05117798, -96.40295410, -53.87313461, 14.73253441, -85.15054321, 90.41118622, -5.67263222, 97.35694122, -0.43827140, 0.49417290, 0.50927746, 0.55167729, -0.70113510, 0.28359401, 0.08427709, 99.96700287, 113.66096497, 32.41999817, 0.00000000
1, 13.8600, 1391, 0.66781747, -1.36131823, -0.29235461, 70.17324829, 464.01388550, -94.73408508, -54.22391129, 16.72025681, -87.19672394, 90.53949738, -5.21364403, 99.69058990, -0.42866331, 0.48211259, 0.52178127, 0.55817533, -0.75994635, 0.36615729, 0.30064622, 99.96700287, 113.66096497, 32.41999817, 0.00000000
1, 13.8650, 1392, 0.77798939, -1.46093512, -0.59161794, 55.58353043, 453.09597778, -93.51167297, -54.22391129, 16.72025681, -87.19672394, 90.61813354, -4.76472855, 101.96854401, -0.41939700, 0.46986961, 0.53347701, 0.56456262, -0.86152565, 0.46557888, 0.60162091, 99.96700287, 113.66096497, 32.41999817, 0.00000000
1, 13.8700, 1393, 0.89233404, -1.48634565, -0.73154616, 38.93076706, 439.14099121, -92.75599670, -54.22391129, 16.72025681, -87.19672394, 90.63671875, -4.32144833, 104.17544556, -0.41060707, 0.45749784, 0.54427558, 0.57084292, -0.96779442, 0.49059808, 0.74256182, 99.96700287, 113.66096497, 32.41999817, 0.00000000
1, 13.8750, 1394, 1.07148528, -1.48781979, -0.93408650, 13.05604649, 414.08175659, -92.70845032, -53.02542877, 15.66793346, -89.09675598, 90.55211639, -3.87600636, 106.25511932, -0.40277708, 0.44512215, 0.55378073, 0.57703024, -1.13870955, 0.49182236, 0.94435799, 99.96700287, 113.66096497, 32.41999817, 0.00000000
1, 13.8800, 1395, 1.24995315, -1.44292164, -1.06305373, -2.99312329, 391.01150513, -93.64991760, -53.02542877, 15.66793346, -89.09675598, 90.41102600, -3.42115998, 108.21724701, -0.39570713, 0.43287915, 0.56231296, 0.58295429, -1.30898309, 0.44659847, 1.07161665, 99.96700287, 113.66096497, 32.41999817, 0.00000000
1, 13.9100, 1396, 1.38585377, -0.97024846, -0.91770583, -35.97783279, 140.42890930, -114.38037872, -51.59310150, 14.17714119, -94.79684448, 89.20182037, -0.23721832, 115.84165955, -0.37691227, 0.37416112, 0.59417009, 0.60407162, -1.39025187, -0.02813688, 0.90643179, 99.96700287, 113.66096497, 32.41999817, 0.00000000
1, 13.9150, 1397, 1.08183646, -0.93383443, -0.79048055, -35.19985580, 99.86558533, -113.32410431, -51.59310150, 14.17714119, -94.79684448, 89.02472687, 0.33739975, 116.33122253, -0.37788779, 0.36800155, 0.59671128, 0.60474080, -1.07647431, -0.06472974, 0.77537578, 99.96700287, 113.66096497, 32.41999817, 0.00000000
1, 13.9200, 1398, 0.70036143, -0.90013266, -0.56476635, -33.69591141, 67.69052124, -108.81728363, -51.18386459, 14.82022762, -95.32300568, 88.85832977, 0.88774014, 116.65869141, -0.37954128, 0.36281997, 0.59866542, 0.60490483, -0.68583310, -0.09866892, 0.54581761, 99.96700287, 113.66096497, 32.41999817, 0.00000000
1, 13.9250, 1399, 0.42826185, -0.89131093, -0.44359916, -30.32288742, 46.80059052, -99.22804260, -51.18386459, 14.82022762, -95.32300568, 88.70989990, 1.38872588, 116.88135529, -0.38142127, 0.35848621, 0.60019445, 0.60479093, -0.40511233, -0.10747835, 0.42133611, 99.96700287, 113.66096497, 32.41999817, 0.00000000
1, 13.9300, 1400, 0.14747898, -0.94607151, -0.20314202, -26.55241776, 11.41661453, -86.41403961, -51.18386459, 14.82022762, -95.32300568, 88.57730865, 1.82176340, 116.92751312, -0.38382089, 0.35547847, 0.60102171, 0.60422641, -0.11700656, -0.05285156, 0.17770822, 99.96700287, 113.66096497, 32.41999817, 0.00000000
1, 13.9350, 1401, -0.05815141, -1.00319993, 0.01296490, -25.60659981, 0.86950022, -73.21743774, -50.27769470, 13.09558582, -95.26454163, 88.44816589, 2.18750572, 116.92176056, -0.38612762, 0.35310632, 0.60148561, 0.60368580, 0.09476270, 0.00420180, -0.04124836, 99.96700287, 113.66096497, 32.41999817, 0.00000000
1, 13.9400, 1402, -0.24958739, -0.99860716, 0.20947209, -27.38991356, -2.18940353, -62.43652725, -50.27769470, 13.09558582, -95.26454163, 88.36508942, 2.43431568, 116.90482330, -0.38773552, 0.35158327, 0.60177779, 0.60325283, 0.29078728, -0.00046297, -0.24010938, 99.96700287, 113.66096497, 32.41999817, 0.00000000
1, 13.9450, 1403, -0.36036557, -1.01083398, 0.37603980, -27.60889626, 2.85851812, -55.09266663, -50.27769470, 13.03712368, -95.87839508, 88.22663879, 2.70973587, 116.91049194, -0.38953534, 0.34959489, 0.60193634, 0.60309058, 0.40553308, 0.01174066, -0.40890282, 99.96700287, 113.66096497, 32.41999817, 0.00000000
1, 13.9500, 1404, -0.38495779, -1.01179743, 0.49285600, -27.61426163, 13.50924683, -48.91491318, -50.27769470, 13.03712368, -95.87839508, 88.09090424, 2.95611334, 116.96983337, -0.39089036, 0.34748551, 0.60217845, 0.60319132, 0.43425691, 0.01280136, -0.52815342, 99.96700287, 113.66096497, 32.41999817, 0.00000000
1, 13.9550, 1405, -0.40757641, -0.98216331, 0.52601659, -26.88540077, 28.04406929, -43.21476364, -50.27769470, 13.03712368, -95.87839508, 87.96305084, 3.17677999, 117.10236359, -0.39170027, 0.34515291, 0.60259819, 0.60358590, 0.46074373, -0.01660266, -0.56358433, 99.96700287, 113.66096497, 32.41999817, 0.00000000
1, 13.9750, 1406, -0.40112290, -1.03513479, 0.55459046, -13.78903294, 147.25885010, -46.56891632, -49.10844803, 13.50482273, -95.81993103, 87.72178650, 4.09885740, 118.98823547, -0.38712698, 0.32929903, 0.60970229, 0.60824180, 0.47004515, 0.03748494, -0.59685910, 99.96700287, 113.66096497, 32.41999817, 0.00000000
1, 13.9800, 1407, -0.29174003, -1.07959485, 0.53391057, -16.18290520, 170.61921692, -51.30957031, -49.10844803, 13.50482273, -95.81993103, 87.70270538, 4.39043713, 119.83225250, -0.38418087, 0.32311630, 0.61287206, 0.61023670, 0.36569130, 0.08235526, -0.57629585, 99.96700287, 113.66096497, 32.41999817, 0.00000000
1, 13.9850, 1408, -0.15630327, -1.04773116, 0.46618074, -22.36587906, 216.35516357, -55.04802704, -48.46535873, 13.03712368, -97.42765045, 87.67532349, 4.71055889, 120.90490723, -0.38017017, 0.31548539, 0.61664915, 0.61293024, 0.23584706, 0.05104494, -0.50860959, 99.96700287, 113.66096497, 32.41999817, 0.00000000
1, 13.9900, 1409, -0.06648193, -0.97897971, 0.45284918, -20.61780167, 238.86430359, -57.65341187, -48.46535873, 13.03712368, -97.42765045, 87.70072174, 5.04159594, 122.09220123, -0.37543738, 0.30729976, 0.62095463, 0.61565334, 0.15180801, -0.01720527, -0.49485809, 99.96700287, 113.66096497, 32.41999817, 0.00000000
1, 13.9950, 1410, 0.01059634, -0.93030345, 0.52317405, -17.14906311, 257.53436279, -59.32064056, -48.28997421, 12.89096737, -98.30458832, 87.73059845, 5.39120913, 123.37175751, -0.37027317, 0.29846302, 0.62546629, 0.61855441, 0.08052588, -0.06548637, -0.56425965, 99.96700287, 113.66096497, 32.41999817, 0.00000000
1, 14.0000, 1411, 0.07989128, -0.90542901, 0.61127710, -15.42505932, 273.59359741, -60.22167587, -48.28997421, 12.89096737, -98.30458832, 87.78482819, 5.74765444, 124.73272705, -0.36462089, 0.28915322, 0.63020724, 0.62151504, 0.01718095, -0.08994685, -0.65128171, 99.96700287, 113.66096497, 32.41999817, 0.00000000
1, 14.0050, 1412, 0.14410533, -0.90130234, 0.64401072, -15.37415314, 286.91247559, -60.74612045, -48.28997421, 12.89096737, -98.30458832, 87.85479736, 6.10789633, 126.16173553, -0.35855940, 0.27942264, 0.63506925, 0.62453604, -0.04087486, -0.09353384, -0.68267155, 99.96700287, 113.66096497, 32.41999817, 0.00000000
1, 14.0100, 1413, 0.17723535, -0.90143371, 0.59475529, -15.98854637, 296.39688110, -61.38854218, -47.52996063, 12.21864891, -99.73691559, 87.93601990, 6.47127628, 127.63974762, -0.35219964, 0.26935843, 0.63996315, 0.62757367, -0.06759096, -0.09268939, -0.63194525, 99.96700287, 113.66096497, 32.41999817, 0.00000000
1, 14.0400, 1414, 0.18109846, -0.89313686, 0.24634521, -9.44837284, 339.22811890, -55.57863617, -45.33761978, 12.54019260, -102.07541656, 88.82696533, 8.57736206, 137.36361694, -0.30771133, 0.20394726, 0.66953999, 0.64454281, -0.03395916, -0.09606253, -0.26860398, 99.96700287, 113.66096497, 32.41999817, 0.00000000
1, 14.0450, 1415, 0.25977826, -0.90320706, 0.21545251, -9.93241978, 338.38973999, -54.19036865, -43.29143524, 10.69862556, -102.95235443, 89.03554535, 8.88247681, 139.06945801, -0.29942268, 0.19267711, 0.67421073, 0.64704055, -0.10721144, -0.08520027, -0.23382400, 99.96700287, 113.66096497, 32.41999817, 0.00000000
1, 14.0500, 1416, 0.32947955, -0.90565360, 0.17228740, -10.76955605, 334.34878540, -53.01416016, -43.29143524, 10.69862556, -102.95235443, 89.24595642, 9.17520332, 140.75744629, -0.29116023, 0.18150237, 0.67864633, 0.64940119, -0.17170537, -0.08193720, -0.18685652, 99.96700287, 113.66096497, 32.41999817, 0.00000000
1, 14.0550, 1417, 0.39183310, -0.91021371, 0.13524005, -11.05211067, 328.44458008, -52.38014603, -43.29143524, 10.69862556, -102.95235443, 89.45887756, 9.45820236, 142.41801453, -0.28299400, 0.17047140, 0.68284798, 0.65159237, -0.22905295, -0.07656132, -0.14599487, 99.96700287, 113.66096497, 32.41999817, 0.00000000
1, 14.0600, 1418, 0.45597050, -0.93063581, 0.11852639, -11.13811207, 321.00784302, -51.68000793, -42.26834106, 11.69248772, -104.12159729, 89.67344666, 9.73124886, 144.04331970, -0.27497137, 0.15963683, 0.68680942, 0.65360522, -0.28840414, -0.05534710, -0.12545982, 99.96700287, 113.66096497, 32.41999817, 0.00000000
1, 14.0650, 1419, 0.51564080, -0.93669689, 0.11887781, -12.72107410, 310.87722778, -51.02501678, -42.26834106, 11.69248772, -104.12159729, 89.87920380, 9.99481010, 145.61955261, -0.26719004, 0.14906126, 0.69046527, 0.65547532, -0.34350300, -0.04851454, -0.12207757, 99.96700287, 113.66096497, 32.41999817, 0.00000000
1, 14.0700, 1420, 0.55622494, -0.93093967, 0.11241890, -14.62961864, 298.23803711, -50.46072388, -41.59602356, 8.97398376, -104.67699432, 90.07153320, 10.25000477, 147.13375854, -0.25973648, 0.13881551, 0.69378984, 0.65720850, -0.37965050, -0.05348159, -0.11214661, 99.96700287, 113.66096497, 32.41999817, 0.00000000
1, 14.0750, 1421, 0.56730163, -0.92769659, 0.09173215, -15.45829773, 284.62368774, -49.51280212, -41.59602356, 8.97398376, -104.67699432, 90.25417328, 10.49566746, 148.58081055, -0.25262871, 0.12895684, 0.69681478, 0.65878528, -0.38641411, -0.05590903, -0.08825549, 99.96700287, 113.66096497, 32.41999817, 0.00000000
1, 14.0800, 1422, 0.55593944, -0.92107034, 0.07452742, -15.80679035, 272.44512939, -48.71203613, -41.59602356, 8.97398376, -104.67699432, 90.43000793, 10.73313427, 149.96780396, -0.24583098, 0.11944962, 0.69958448, 0.66021258, -0.37090385, -0.06172653, -0.06802931, 99.96700287, 113.66096497, 32.41999817, 0.00000000
1, 14.0850, 1423, 0.54720408, -0.90999722, 0.07034103, -15.73135948, 260.41876221, -48.29859924, -40.13446426, 11.72171879, -105.84624481, 90.60060883, 10.96485329, 151.29533386, -0.23935297, 0.11028607, 0.70212692, 0.66148692, -0.35816115, -0.07200681, -0.06090765, 99.96700287, 113.66096497, 32.41999817, 0.00000000
1, 14.1200, 1424, 0.30941528, -0.98948145, 0.20829545, -10.41940117, 195.04692078, -46.73464203, -36.94826126, 10.37708282, -107.30780029, 91.74817657, 12.50162792, 159.09432983, -0.20242396, 0.05490680, 0.71545565, 0.66643316, -0.09434342, 0.01308929, -0.18005788, 99.96700287, 113.66096497, 32.41999817, 0.00000000
1, 14.1250, 1425, 0.28914848, -0.99262774, 0.22603786, -9.58184528, 190.68026733, -45.90297699, -36.94826126, 10.37708282, -107.30780029, 91.91429901, 12.70203018, 160.07794189, -0.19783288, 0.04783467, 0.71694154, 0.66676003, -0.07067749, 0.01706082, -0.19506332, 99.96700287, 113.66096497, 32.41999817, 0.00000000
1, 14.1300, 1426, 0.27345672, -0.98620844, 0.23745477, -8.89878559, 187.35412598, -44.93938065, -36.94826126, 10.37708282, -107.30780029, 92.08362579, 12.89535904, 161.04570007, -0.19330192, 0.04089205, 0.71836495, 0.66701883, -0.05169420, 0.01147152, -0.20366655, 99.96700287, 113.66096497, 32.41999817, 0.00000000
1, 14.1350, 1427, 0.26963872, -0.97724116, 0.24924745, -8.43371201, 184.37747192, -44.10489273, -35.34054184, 10.75708866, -107.07395172, 92.25525665, 13.08224773, 161.99935913, -0.18882546, 0.03406343, 0.71972537, 0.66721827, -0.04469929, 0.00332917, -0.21257336, 99.96700287, 113.66096497, 32.41999817, 0.00000000
1, 14.1400, 1428, 0.27875191, -0.96493506, 0.25693285, -7.54041767, 181.26707458, -43.34915543, -35.34054184, 10.75708866, -107.07395172, 92.44924164, 13.26742077, 162.94155884, -0.18441245, 0.02733673, 0.72114450, 0.66722971, -0.05069505, -0.00813285, -0.21712580, 99.96700287, 113.66096497, 32.41999817, 0.00000000
1, 14.1450, 1429, 0.30021068, -0.95394611, 0.26418701, -6.96498823, 178.04187012, -42.27663040, -35.04823303, 11.02016926, -107.65857697, 92.62715912, 13.44056511, 163.86492920, -0.18005385, 0.02075881, 0.72239834, 0.66730076, -0.06915800, -0.01828393, -0.22116970, 99.96700287, 113.66096497, 32.41999817, 0.00000000
1, 14.1500, 1430, 0.32870182, -0.94564533, 0.26273876, -6.81704760, 174.81872559, -41.44398499, -35.04823303, 11.02016926, -107.65857697, 92.80485535, 13.60749912, 164.77275085, -0.17576095, 0.01430090, 0.72358531, 0.66732895, -0.09478695, -0.02575690, -0.21664757, 99.96700287, 113.66096497, 32.41999817, 0.00000000
1, 14.1550, 1431, 0.37039948, -0.93612731, 0.24723877, -6.24567223, 168.98173523, -40.39861298, -35.04823303, 11.02016926, -107.65857697, 92.98104858, 13.76791763, 165.65145874, -0.17161082, 0.00804977, 0.72470039, 0.66730374, -0.13370167, -0.03443567, -0.19807976, 99.96700287, 113.66096497, 32.41999817, 0.00000000
1, 14.1600, 1432, 0.40389094, -0.93618834, 0.22969297, -5.29796791, 164.46261597, -38.97609329, -33.99590683, 7.60011673, -107.95088959, 93.15892792, 13.91977501, 166.50764465, -0.16755196, 0.00198194, 0.72576827, 0.66722029, -0.16453516, -0.03354550, -0.17748120, 99.96700287, 113.66096497, 32.41999817, 0.00000000
1, 14.1650, 1433, 0.44118398, -0.93641531, 0.21802370, -4.62754154, 159.34838867, -37.52918243, -33.99590683, 7.60011673, -107.95088959, 93.33612823, 14.06325912, 167.33813477, -0.16360381, -0.00388625, 0.72678012, 0.66709024, -0.19933450, -0.03251990, -0.16275083, 99.96700287, 113.66096497, 32.41999817, 0.00000000
1, 14.1950, 1434, 0.62279224, -0.93388724, 0.11517833, -4.89233303, 116.41228485, -24.98401260, -31.56971550, 9.17860222, -108.44782257, 94.27635193, 14.76158905, 171.58770752, -0.14338817, -0.03383277, 0.73137414, 0.66587317, -0.36861873, -0.03073316, -0.04358382, 99.96700287, 113.66096497, 32.41999817, 0.00000000
1, 14.2000, 1435, 0.61937010, -0.92324042, 0.09365331, -5.38527966, 107.86994934, -21.88644409, -31.56971550, 9.17860222, -108.44782257, 94.39337921, 14.83076382, 172.15237427, -0.14057787, -0.03770305, 0.73184985, 0.66574192, -0.36391720, -0.04086961, -0.02004751, 99.96700287, 113.66096497, 32.41999817, 0.00000000
1, 14.2050, 1436, 0.60931885, -0.91329896, 0.09042080, -5.72280359, 101.42752838, -17.68922997, -31.56971550, 9.17860222, -108.44782257, 94.50045013, 14.88039398, 172.68247986, -0.13784732, -0.04125318, 0.73226750, 0.66564310, -0.35295182, -0.05042515, -0.01501463, 99.96700287, 113.66096497, 32.41999817, 0.00000000
1, 14.2100, 1437, 0.59550047, -0.90664887, 0.10068192, -4.88593626, 86.11249542, -13.47308826, -31.45279121, 10.69862556, -107.83396912, 94.59142303, 14.91406822, 173.13208008, -0.13548185, -0.04421742, 0.73261255, 0.66555876, -0.33850837, -0.05679260, -0.02370557, 99.96700287, 113.66096497, 32.41999817, 0.00000000
1, 14.2150, 1438, 0.59302312, -0.90389204, 0.09874006, -5.10306549, 78.39726257, -9.90363693, -31.45279121, 10.69862556, -107.83396912, 94.67098999, 14.93235970, 173.54052734, -0.13325655, -0.04684399, 0.73290336, 0.66550809, -0.33565050, -0.05933424, -0.02038190, 99.96700287, 113.66096497, 32.41999817, 0.00000000
1, 14.2200, 1439, 0.59701633, -0.89160192, 0.09259192, -5.59872627, 70.25428772, -6.02536583, -30.60508537, 10.11400127, -108.79859924, 94.73694611, 14.93408585, 173.90539551, -0.13117602, -0.04911209, 0.73313278, 0.66550529, -0.33953208, -0.07149321, -0.01304118, 99.96700287, 113.66096497, 32.41999817, 0.00000000
1, 14.2250, 1440, 0.60153341, -0.87980747, 0.09196014, -5.37287283, 61.24909210, -2.24693441, -30.60508537, 10.11400127, -108.79859924, 94.79167175, 14.92028046, 174.22221375, -0.12927264, -0.05099577, 0.73331952, 0.66553026, -0.34421483, -0.08325103, -0.01141221, 99.96700287, 113.66096497, 32.41999817, 0.00000000
1, 14.2300, 1441, 0.60774052, -0.87517500, 0.09409677, -4.94285822, 52.94865036, 1.26527798, -31.27740479, 10.26015759, -108.65244293, 94.83706665, 14.89212227, 174.49472046, -0.12753245, -0.05252302, 0.73347545, 0.66557550, -0.35084397, -0.08793029, -0.01271517, 99.96700287, 113.66096497, 32.41999817, 0.00000000
1, 14.2350, 1442, 0.62010622, -0.87849092, 0.10322375, -4.77403831, 45.49891281, 4.06499672, -31.27740479, 10.26015759, -108.65244293, 94.87302399, 14.85293484, 174.72752380, -0.12594873, -0.05374290, 0.73359811, 0.66564441, -0.36385053, -0.08473849, -0.02115950, 99.96700287, 113.66096497, 32.41999817, 0.00000000
1, 14.2400, 1443, 0.62869126, -0.88214910, 0.11964596, -4.99808979, 38.02756500, 6.16815805, -31.27740479, 10.26015759, -108.65244293, 94.91445923, 14.93773174, 174.92433167, -0.12536244, -0.05545634, 0.73369682, 0.66550577, -0.37212574, -0.08096220, -0.03696794, 99.96700287, 113.66096497, 32.41999817, 0.00000000
1, 14.2450, 1444, 0.63078791, -0.88082123, 0.12829131, -5.08125401, 30.63127708, 8.09605408, -30.92663002, 9.79245853, -108.71089935, 94.92887115, 14.88444233, 175.07872009, -0.12413509, -0.05611579, 0.73373622, 0.66563714, -0.37400728, -0.08220543, -0.04518579, 99.96700287, 113.66096497, 32.41999817, 0.00000000
1, 14.2500, 1445, 0.62393469, -0.87936199, 0.12287565, -4.96161747, 24.01352119, 9.58424568, -30.92663002, 9.79245853, -108.71089935, 94.93484497, 14.82649517, 175.19831848, -0.12307594, -0.05653442, 0.73374587, 0.66578770, -0.36810166, -0.08389875, -0.03963231, 99.96700287, 113.66096497, 32.41999817, 0.00000000
1, 14.2550, 1446, 0.61414212, -0.87651289, 0.11652526, -4.49975491, 18.44987297, 10.81278992, -30.37123680, 10.66939449, -108.71089935, 94.93555450, 14.76478195, 175.28866577, -0.12216001, -0.05674934, 0.73374140, 0.66594303, -0.35931885, -0.08700483, -0.03324636, 99.96700287, 113.66096497, 32.41999817, 0.00000000
1, 14.2600, 1447, 0.61063844, -0.87367713, 0.11586401, -4.09554625, 14.63552189, 11.69818974, -30.37123680, 10.66939449, -108.71089935, 94.93309021, 14.70028114, 175.35894775, -0.12134129, -0.05682272, 0.73372996, 0.66609895, -0.35689342, -0.09012558, -0.03259658, 99.96700287, 113.66096497, 32.41999817, 0.00000000
1, 14.2650, 1448, 0.61785984, -0.87534046, 0.13214798, -2.64188266, 6.31072998, 12.21735668, -30.37123680, 10.66939449, -108.71089935, 94.92691040, 14.63671589, 175.38612366, -0.12077709, -0.05662955, 0.73371774, 0.66623145, -0.36523288, -0.08877750, -0.04892625, 99.96700287, 113.66096497, 32.41999817, 0.00000000
1, 14.2700, 1449, 0.61997622, -0.87552965, 0.14070249, -2.38097858, 2.44050908, 12.47230721, -30.42969894, 10.08477020, -108.44782257, 94.91696167, 14.57351971, 175.39326477, -0.12032989, -0.05631410, 0.73369312, 0.66636622, -0.36844030, -0.08889341, -0.05760276, 99.96700287, 113.66096497, 32.41999817, 0.00000000
1, 14.2750, 1450, 0.62350893, -0.87530446, 0.14294291, -1.94529903, -1.24657738, 12.41392994, -30.42969894, 10.08477020, -108.44782257, 94.90443420, 14.51217270, 175.38146973, -0.12000332, -0.05589086, 0.73366147, 0.66649562, -0.37302351, -0.08940993, -0.06001174, 99.96700287, 113.66096497, 32.41999817, 0.00000000
1, 14.2800, 1451, 0.62901193, -0.87394130, 0.14179757, -1.47479057, -4.89603662, 12.25085068, -30.54662323, 10.84478188, -108.82782745, 94.88960266, 14.45316315, 175.35096741, -0.11979918, -0.05536409, 0.73362380, 0.66661769, -0.37953186, -0.09105182, -0.05907051, 99.96700287, 113.66096497, 32.41999817, 0.00000000
1, 14.2850, 1452, 0.64033407, -0.87576580, 0.14178485, -0.64478534, -8.95085907, 11.68795776, -30.54662323, 10.84478188, -108.82782745, 94.87378693, 14.39865303, 175.29988098, -0.11974314, -0.05473284, 0.73358727, 0.66672009, -0.39179522, -0.08949106, -0.05927207, 99.96700287, 113.66096497, 32.41999817, 0.00000000
1, 14.3000, 1453, 0.68961447, -0.87623000, 0.15467359, -0.27314749, -22.38994789, 10.10102081, -30.45892906, 10.23092651, -108.41858673, 94.83951569, 14.49267101, 175.02424622, -0.12192643, -0.05355785, 0.73346549, 0.66655374, -0.43957430, -0.08869748, -0.07258239, 99.96700287, 113.66096497, 32.41999817, 0.00000000
1, 14.3050, 1454, 0.67033017, -0.87318075, 0.14598937, 0.07049853, -27.29629707, 10.01475334, -30.42969894, 8.71090317, -109.12014008, 94.80382538, 14.45401192, 174.87950134, -0.12250702, -0.05244197, 0.73334610, 0.66666746, -0.42092952, -0.09195168, -0.06450759, 99.96700287, 113.66096497, 32.41999817, 0.00000000
1, 14.3100, 1455, 0.62077802, -0.86386669, 0.14870630, 0.28488475, -33.03120041, 11.03205299, -30.42969894, 8.71090317, -109.12014008, 94.76186371, 14.41253948, 174.70487976, -0.12324149, -0.05112521, 0.73320323, 0.66679150, -0.37206787, -0.10150264, -0.06799822, 99.96700287, 113.66096497, 32.41999817, 0.00000000
1, 14.3150, 1456, 0.54196280, -0.84651721, 0.17275779, 0.95740283, -38.35095978, 12.33383369, -30.42969894, 8.71090317, -109.12014008, 94.71649170, 14.36661434, 174.50242615, -0.12410916, -0.04960810, 0.73305243, 0.66691095, -0.29407442, -0.11914937, -0.09295738, 99.96700287, 113.66096497, 32.41999817, 0.00000000
1, 14.3200, 1457, 0.47569376, -0.84667063, 0.20456129, 2.90179539, -48.03068161, 17.26608467, -31.62817764, 9.12014008, -109.17860413, 94.66828156, 14.29985809, 174.24819946, -0.12514612, -0.04764068, 0.73291385, 0.66701293, -0.22890952, -0.11937495, -0.12570217, 99.96700287, 113.66096497, 32.41999817, 0.00000000
1, 14.3250, 1458, 0.44994384, -0.86068511, 0.20473316, 3.30822825, -51.45340347, 20.71959686, -31.62817764, 9.12014008, -109.17860413, 94.61782074, 14.21703243, 173.97511292, -0.12619187, -0.04546064, 0.73277193, 0.66712391, -0.20449252, -0.10576725, -0.12677443, 99.96700287, 113.66096497, 32.41999817, 0.00000000
1, 14.3300, 1459, 0.44547960, -0.87064481, 0.19756484, 3.50588655, -55.32387161, 23.88468361, -31.56971550, 9.85092068, -109.09090424, 94.56367493, 14.11971188, 173.68106079, -0.12726846, -0.04306537, 0.73261636, 0.66724920, -0.20159680, -0.09626791, -0.12049912, 99.96700287, 113.66096497, 32.41999817, 0.00000000
1, 14.3350, 1460, 0.44449759, -0.88057387, 0.18327834, 4.16522932, -59.24815750, 26.55187416, -31.56971550, 9.85092068, -109.09090424, 94.50827026, 14.01034451, 173.36598206, -0.12839290, -0.04046644, 0.73245794, 0.66737038, -0.20238438, -0.08684121, -0.10712694, 99.96700287, 113.66096497, 32.41999817, 0.00000000
1, 14.3400, 1461, 0.44846126, -0.89025104, 0.16339187, 4.84536791, -62.07886887, 28.64898109, -31.56971550, 9.85092068, -109.09090424, 94.47211456, 13.93570900, 173.03967285, -0.12981012, -0.03798006, 0.73239112, 0.66731572, -0.20790018, -0.07759000, -0.08798595, 99.96700287, 113.66096497, 32.41999817, 0.00000000
1, 14.3450, 1462, 0.45468023, -0.89982307, 0.14514020, 5.34559298, -64.89450073, 30.04769325, -31.59894753, 9.96784592, -109.17860413, 94.41648865, 13.81058216, 172.69468689, -0.13101308, -0.03509789, 0.73222798, 0.66741741, -0.21579650, -0.06847340, -0.07048136, 99.96700287, 113.66096497, 32.41999817, 0.00000000
1, 14.3550, 1463, 0.46352965, -0.91634035, 0.11392485, 7.33268023, -70.03515625, 31.61742210, -32.35895920, 10.64016342, -108.62320709, 94.31202698, 13.55041313, 171.96362305, -0.13360469, -0.02900602, 0.73191941, 0.66753465, -0.22895238, -0.05310876, -0.04098060, 99.96700287, 113.66096497, 32.41999817, 0.00000000
1, 14.3600, 1464, 0.46038157, -0.91744959, 0.11318433, 7.71019268, -71.71700287, 32.16841125, -32.35895920, 10.64016342, -108.62320709, 94.26242828, 13.41631413, 171.58377075, -0.13496256, -0.02584262, 0.73176509, 0.66756064, -0.22806960, -0.05260477, -0.04104636, 99.96700287, 113.66096497, 32.41999817, 0.00000000
1, 14.3650, 1465, 0.45168665, -0.91962659, 0.10654856, 7.59024096, -73.50102997, 32.44289017, -32.35895920, 10.64016342, -108.62320709, 94.21102142, 13.28116608, 171.19500732, -0.13636756, -0.02261879, 0.73158818, 0.66758609, -0.22164942, -0.05102440, -0.03525758, 99.96700287, 113.66096497, 32.41999817, 0.00000000
1, 14.3700, 1466, 0.43835256, -0.91510797, 0.09015904, 7.65313196, -75.60675049, 33.12799835, -33.08974075, 11.16632557, -108.09704590, 94.15840912, 13.14301014, 170.79556274, -0.13781799, -0.01931105, 0.73139197, 0.66760701, -0.21060239, -0.05612797, -0.01974203, 99.96700287, 113.66096497, 32.41999817, 0.00000000
1, 14.3750, 1467, 0.42887217, -0.91395724, 0.08134415, 7.64060688, -77.33271790, 33.92826462, -33.08974075, 11.16632557, -108.09704590, 94.10471344, 13.00111198, 170.38734436, -0.13929826, -0.01592721, 0.73117608, 0.66762567, -0.20349607, -0.05788582, -0.01180764, 99.96700287, 113.66096497, 32.41999817, 0.00000000
1, 14.3800, 1468, 0.41196948, -0.91536081, 0.06448465, 7.27936745, -79.52603912, 35.21257019, -33.64513397, 10.40631390, -107.95088959, 94.04769897, 12.85318279, 169.96783447, -0.14080866, -0.01244041, 0.73092687, 0.66765565, -0.18904334, -0.05709536, 0.00409066, 99.96700287, 113.66096497, 32.41999817, 0.00000000
1, 14.3850, 1469, 0.39661068, -0.91691053, 0.05174790, 7.19729233, -81.26516724, 36.53919601, -33.64513397, 10.40631390, -107.95088959, 93.98938751, 12.69881535, 169.53933716, -0.14233360, -0.00886086, 0.73065466, 0.66768748, -0.17624897, -0.05618323, 0.01584136, 99.96700287, 113.66096497, 32.41999817, 0.00000000
1, 14.3900, 1470, 0.38190269, -0.91960943, 0.04396745, 7.61236763, -82.83663177, 38.31916809, -33.64513397, 10.40631390, -107.95088959, 93.92949677, 12.56170177, 169.10186768, -0.14402156, -0.00533003, 0.73035306, 0.66769296, -0.16404194, -0.05410599, 0.02262220, 99.96700287, 113.66096497, 32.41999817, 0.00000000
1, 14.3950, 1471, 0.36704165, -0.92357898, 0.03834919, 7.59084988, -83.60964203, 40.05362320, -33.84975052, 9.55860806, -108.82782745, 93.87270355, 12.38973045, 168.66104126, -0.14551421, -0.00156756, 0.73005539, 0.66771430, -0.15183787, -0.05078615, 0.02724703, 99.96700287, 113.66096497, 32.41999817, 0.00000000
1, 14.4000, 1472, 0.35221744, -0.92607057, 0.03197039, 7.75091124, -84.75729370, 41.49642944, -33.84975052, 9.55860806, -108.82782745, 93.81682587, 12.21051598, 168.21434021, -0.14699882, 0.00227535, 0.72974318, 0.66772836, -0.14002244, -0.04900888, 0.03267288, 99.96700287, 113.66096497, 32.41999817, 0.00000000
1, 14.4250, 1473, 0.28746626, -0.92271137, -0.01367369, 8.38704300, -86.10449982, 47.09961700, -34.84361267, 10.69862556, -108.38935852, 93.56005096, 11.22623253, 165.94972229, -0.15409575, 0.02222216, 0.72798300, 0.66768372, -0.09184518, -0.05604845, 0.07396339, 99.96700287, 113.66096497, 32.41999817, 0.00000000
1, 14.4300, 1474, 0.28572586, -0.92798734, -0.02227690, 8.59844208, -85.67760468, 48.26382828, -35.89593506, 9.20783424, -107.68781281, 93.51673889, 11.01119804, 165.49914551, -0.15539533, 0.02631112, 0.72760773, 0.66764295, -0.09373909, -0.05152560, 0.08184585, 99.96700287, 113.66096497, 32.41999817, 0.00000000
1, 14.4350, 1475, 0.28386027, -0.93617964, -0.03834847, 8.95576191, -85.46747589, 49.80657959, -35.89593506, 9.20783424, -107.68781281, 93.47716522, 10.78807926, 165.04969788, -0.15663983, 0.03044480, 0.72722918, 0.66758883, -0.09562697, -0.04408233, 0.09725023, 99.96700287, 113.66096497, 32.41999817, 0.00000000
1, 14.4400, 1476, 0.28117532, -0.94232464, -0.04417145, 9.23807621, -85.00681305, 51.04079437, -35.89593506, 9.20783424, -107.68781281, 93.42723083, 10.57259083, 164.60026550, -0.15793677, 0.03451653, 0.72676772, 0.66758770, -0.09671704, -0.03869019, 0.10235198, 99.96700287, 113.66096497, 32.41999817, 0.00000000
1, 14.4450, 1477, 0.26998428, -0.95051980, -0.04447907, 9.09238338, -84.44551849, 52.28285217, -36.10055542, 9.55860806, -107.98011780, 93.39276886, 10.33614635, 164.15626526, -0.15907019, 0.03869870, 0.72636920, 0.66752303, -0.08943268, -0.03126074, 0.10194509, 99.96700287, 113.66096497, 32.41999817, 0.00000000
1, 14.4500, 1478, 0.24930261, -0.95355737, -0.04605042, 9.12324905, -83.77822876, 53.52519226, -36.10055542, 9.55860806, -107.98011780, 93.36093140, 10.09305954, 163.71577454, -0.16014317, 0.04290017, 0.72596043, 0.66745430, -0.07289410, -0.02900409, 0.10294665, 99.96700287, 113.66096497, 32.41999817, 0.00000000
1, 14.4550, 1479, 0.22216813, -0.95679390, -0.03988967, 9.60365772, -82.06086731, 54.71673584, -36.91902924, 10.40631390, -107.19087982, 93.33491516, 9.84332371, 163.28408813, -0.16112317, 0.04709176, 0.72556192, 0.66736913, -0.05003738, -0.02655813, 0.09628188, 99.96700287, 113.66096497, 32.41999817, 0.00000000
1, 14.4600, 1480, 0.19738837, -0.96058035, -0.03751384, 9.99901772, -79.19462585, 55.90168762, -36.91902924, 10.40631390, -107.19087982, 93.31520844, 9.58670330, 162.86700439, -0.16197434, 0.05123913, 0.72517931, 0.66727346, -0.02964865, -0.02355117, 0.09351864, 99.96700287, 113.66096497, 32.41999817, 0.00000000
1, 14.4650, 1481, 0.17279197, -0.96258819, -0.03079042, 10.06384373, -75.55542755, 56.68865204, -36.91902924, 10.40631390, -107.19087982, 93.30078125, 9.32501411, 162.46853638, -0.16268450, 0.05530471, 0.72481000, 0.66717744, -0.00955153, -0.02232051, 0.08650262, 99.96700287, 113.66096497, 32.41999817, 0.00000000
1, 14.4700, 1482, 0.14886847, -0.97054768, -0.02643468, 10.15784168, -71.42443085, 57.31169891, -38.17597198, 11.72171879, -106.86933899, 93.29199219, 9.05897999, 162.09112549, -0.16324316, 0.05926933, 0.72445917, 0.66708159, 0.00979517, -0.01512115, 0.08194270, 99.96700287, 113.66096497, 32.41999817, 0.00000000
1, 14.5200, 1483, 0.00218137, -0.98810208, 0.04033997, 19.37783813, 5.13644171, 60.66664505, -39.92984390, 11.48786926, -106.25547791, 93.76583862, 6.12732363, 160.27847290, -0.15532064, 0.08884040, 0.72440255, 0.66575068, 0.10577337, -0.00399106, 0.02290374, 99.96700287, 113.66096497, 32.41999817, 0.00000000
1, 14.5250, 1484, 0.01838365, -0.98967576, 0.04456837, 20.54319000, 11.75953579, 60.87978363, -39.92984390, 11.48786926, -106.25547791, 93.87337494, 5.82000542, 160.31759644, -0.15309851, 0.09055781, 0.72484535, 0.66555196, 0.08424339, -0.00286588, 0.02057136, 99.96700287, 113.66096497, 32.41999817, 0.00000000
1, 14.5300, 1485, 0.04236931, -1.00176167, 0.04710501, 22.00121117, 17.78507042, 61.42547607, -40.71908569, 10.81555080, -106.46009827, 93.99090576, 5.50788832, 160.38612366, -0.15066326, 0.09212604, 0.72536266, 0.66532886, 0.05485355, 0.00881055, 0.02010577, 99.96700287, 113.66096497, 32.41999817, 0.00000000
1, 14.5350, 1486, 0.06998202, -1.01887357, 0.04552092, 23.51385307, 22.30580521, 62.28511429, -40.71908569, 10.81555080, -106.46009827, 94.11764526, 5.18979025, 160.47628784, -0.14805280, 0.09359903, 0.72594357, 0.66507560, 0.02174463, 0.02555558, 0.02392494, 99.96700287, 113.66096497, 32.41999817, 0.00000000
1, 14.5400, 1487, 0.08889780, -1.03407466, 0.04649393, 24.80665970, 24.51525879, 63.58319855, -40.60216141, 10.81555080, -106.43087006, 94.24636841, 4.86441946, 160.57595825, -0.14533503, 0.09505102, 0.72653586, 0.66482228, -0.00280527, 0.04041657, 0.02526509, 99.96700287, 113.66096497, 32.41999817, 0.00000000
1, 14.5450, 1488, 0.12636770, -1.04818976, 0.06559039, 26.71010971, 26.33552551, 65.35496521, -40.60216141, 11.19555664, -106.43087006, 94.38953400, 4.52916002, 160.68360901, -0.14249188, 0.09652220, 0.72720850, 0.66449040, -0.04610102, 0.05419824, 0.00867122, 99.96700287, 113.66096497, 32.41999817, 0.00000000
1, 14.5500, 1489, 0.18815805, -1.06576097, 0.10215460, 26.94810677, 24.75662804, 67.38238525, -40.60216141, 11.19555664, -106.43087006, 94.53255463, 4.18414068, 160.78167725, -0.13963732, 0.09810388, 0.72786188, 0.66414928, -0.11393952, 0.07144073, -0.02524486, 99.96700287, 113.66096497, 32.41999817, 0.00000000
1, 14.5550, 1490, 0.24945243, -1.08490503, 0.13328288, 25.91069031, 19.94858360, 69.98001099, -41.01139832, 11.37094402, -106.22624969, 94.66804504, 3.82781172, 160.85382080, -0.13686259, 0.09990026, 0.72843689, 0.66382861, -0.18146783, 0.09028552, -0.05382389, 99.96700287, 113.66096497, 32.41999817, 0.00000000
1, 14.5600, 1491, 0.29266360, -1.08111727, 0.11420185, 24.22123909, 13.08914566, 72.18650818, -41.01139832, 11.37094402, -106.22624969, 94.79236603, 3.46307898, 160.88996887, -0.13424723, 0.10195464, 0.72890413, 0.66353732, -0.23095094, 0.08629948, -0.03238667, 99.96700287, 113.66096497, 32.41999817, 0.00000000
1, 14.5650, 1492, 0.28970531, -1.02789831, 0.05992571, 22.02614975, 6.60171890, 73.21654510, -41.71294785, 11.89710617, -106.40163422, 94.90355682, 3.09578991, 160.89253235, -0.13181606, 0.10421616, 0.72925705, 0.66328561, -0.23425424, 0.03296114, 0.02398628, 99.96700287, 113.66096497, 32.41999817, 0.00000000
1, 14.5800, 1493, 0.02491329, -0.69865227, 0.13085930, 24.81388283, -20.42852211, 62.54690552, -41.74217987, 11.28325081, -106.05085754, 95.23915863, 2.09851766, 160.62913513, -0.12671661, 0.11208773, 0.73011100, 0.66205531, 0.01265516, -0.29671693, -0.04121719, 99.96700287, 113.66096497, 32.41999817, 0.00000000
1, 14.5850, 1494, -0.02436268, -0.67698944, 0.22171961, 24.57068062, -24.94635963, 57.64016342, -41.74217987, 11.28325081, -106.05085754, 95.35758209, 1.82312512, 160.47872925, -0.12572241, 0.11477737, 0.73040259, 0.66146219, 0.05680397, -0.31851119, -0.13007984, 99.96700287, 113.66096497, 32.41999817, 0.00000000
1, 14.5900, 1495, -0.07714107, -0.69075453, 0.30830586, 22.94094276, -26.04873657, 55.07582474, -42.58988571, 11.95556831, -106.05085754, 95.51886749, 1.54033041, 160.32403564, -0.12465636, 0.11758037, 0.73092002, 0.66059953, 0.10456686, -0.30480659, -0.21440065, 99.96700287, 113.66096497, 32.41999817, 0.00000000
1, 14.5950, 1496, -0.13908394, -0.75613129, 0.30776221, 21.82008553, -27.76928520, 53.78720856, -42.58988571, 11.95556831, -106.05085754, 95.62461090, 1.28615022, 160.16012573, -0.12387596, 0.12021232, 0.73112351, 0.66004711, 0.16186506, -0.23932849, -0.21182665, 99.96700287, 113.66096497, 32.41999817, 0.00000000
1, 14.6000, 1497, -0.15187696, -0.81858003, 0.28366643, 23.31927681, -28.11491585, 54.21556473, -42.58988571, 11.95556831, -106.05085754, 95.73851776, 1.03033435, 159.99382019, -0.12308542, 0.12287492, 0.73136020, 0.65944219, 0.17027859, -0.17674473, -0.18593837, 99.96700287, 113.66096497, 32.41999817, 0.00000000
1, 14.6050, 1498, -0.15006742, -0.93017924, 0.24530654, 25.73994255, -24.93318748, 56.04824829, -43.29143524, 12.13095570, -105.55393219, 95.86553955, 0.76419038, 159.84191895, -0.12212676, 0.12551604, 0.73166800, 0.65878129, 0.16396067, -0.06494029, -0.14557847, 99.96700287, 113.66096497, 32.41999817, 0.00000000
1, 14.6100, 1499, -0.13485190, -0.99926865, 0.20683305, 27.09057617, -21.73594093, 56.84335327, -43.29143524, 12.13095570, -105.55393219, 96.00019073, 0.49282995, 159.70491028, -0.12103496, 0.12809649, 0.73202115, 0.65809339, 0.14411968, 0.00439298, -0.10487251, 99.96700287, 113.66096497, 32.41999817, 0.00000000
1, 14.6150, 1500, -0.13647874, -1.03552604, 0.17793417, 28.21141434, -20.39306450, 56.44047546, -43.87606049, 11.45863724, -105.23238373, 96.14114380, 0.22313951, 159.57415771, -0.11990481, 0.13063005, 0.73240978, 0.65736943, 0.14109856, 0.04091917, -0.07360991, 99.96700287, 113.66096497, 32.41999817, 0.00000000
1, 14.6200, 1501, -0.16043223, -1.04259503, 0.16839679, 28.70488358, -20.35359573, 54.96294022, -43.87606049, 11.45863724, -105.23238373, 96.28514862, -0.03890307, 159.44371033, -0.11881210, 0.13311690, 0.73281509, 0.65661681, 0.16046198, 0.04826048, -0.06165376, 99.96700287, 113.66096497, 32.41999817, 0.00000000
1, 14.6250, 1502, -0.20027541, -1.03787887, 0.20142449, 28.85810471, -21.66733551, 53.14201355, -43.87606049, 11.45863724, -105.23238373, 96.43048096, -0.29084700, 159.30706787, -0.11781180, 0.13558295, 0.73322242, 0.65583736, 0.19578266, 0.04377659, -0.09225651, 99.96700287, 113.66096497, 32.41999817, 0.00000000
1, 14.6600, 1503, -0.43623874, -1.03479755, 0.26550037, 25.91658974, -3.54988885, 46.04002380, -44.92838287, 12.71557999, -104.44314575, 97.43738556, -1.99115574, 158.49723816, -0.11022989, 0.15142809, 0.73603773, 0.65051317, 0.40180486, 0.04326699, -0.13947490, 99.96700287, 113.66096497, 32.41999817, 0.00000000
1, 14.6650, 1504, -0.43306249, -1.05324626, 0.23620941, 25.77673721, 4.45627022, 43.28825378, -44.89915085, 13.12481689, -104.82315063, 97.56701660, -2.20835114, 158.49148560, -0.10868648, 0.15281165, 0.73650682, 0.64991814, 0.39487416, 0.06219367, -0.10797553, 99.96700287, 113.66096497, 32.41999817, 0.00000000
1, 14.6700, 1505, -0.43594638, -1.07976365, 0.20125070, 24.93274879, 11.86434555, 40.53118515, -44.89915085, 13.12481689, -104.82315063, 97.69087219, -2.41673207, 158.52377319, -0.10698886, 0.15389161, 0.73700184, 0.64938360, 0.39417332, 0.08920178, -0.07091380, 99.96700287, 113.66096497, 32.41999817, 0.00000000
1, 14.6750, 1506, -0.44122860, -1.09606767, 0.15289502, 23.03371048, 18.41333008, 38.36296463, -44.89915085, 13.12481689, -104.82315063, 97.80362701, -2.61881065, 158.58956909, -0.10515468, 0.15470657, 0.73748481, 0.64894110, 0.39602581, 0.10600726, -0.02062037, 99.96700287, 113.66096497, 32.41999817, 0.00000000
1, 14.6800, 1507, -0.44602594, -1.10502422, 0.10012727, 21.14817429, 23.87907028, 36.34400940, -45.36685181, 12.48173046, -103.91698456, 97.90534210, -2.81472969, 158.68347168, -0.10321431, 0.15529239, 0.73794955, 0.64858431, 0.39751285, 0.11545710, 0.03390110, 99.96700287, 113.66096497, 32.41999817, 0.00000000
1, 14.6850, 1508, -0.44012818, -1.10103762, 0.05699623, 20.23341560, 28.57672119, 34.75006866, -45.36685181, 12.48173046, -103.91698456, 98.00095367, -3.00613308, 158.80143738, -0.10117380, 0.15568905, 0.73841703, 0.64827859, 0.38836718, 0.11194007, 0.07870057, 99.96700287, 113.66096497, 32.41999817, 0.00000000
1, 14.6900, 1509, -0.40947416, -1.08510673, 0.04779496, 19.95086098, 31.04532242, 33.37536621, -45.68839645, 13.03712368, -103.80005646, 98.07629395, -3.25315189, 158.93447876, -0.09871239, 0.15627830, 0.73872149, 0.64816940, 0.35393542, 0.09643234, 0.08943806, 99.96700287, 113.66096497, 32.41999817, 0.00000000
1, 14.6950, 1510, -0.37237790, -1.05935740, 0.06215417, 19.51603508, 31.42046738, 32.09291077, -45.68839645, 13.03712368, -103.80005646, 98.16649628, -3.43374014, 159.06788635, -0.09665925, 0.15650342, 0.73919147, 0.64788866, 0.31310165, 0.07107078, 0.07659813, 99.96700287, 113.66096497, 32.41999817, 0.00000000
1, 14.7000, 1511, -0.33486879, -1.02564049, 0.07156711, 19.09366035, 30.65777206, 30.32750130, -45.68839645, 13.03712368, -103.80005646, 98.25431824, -3.60526586, 159.19853210, -0.09468316, 0.15669084, 0.73965484, 0.64760631, 0.27254018, 0.03774000, 0.06883219, 99.96700287, 113.66096497, 32.41999817, 0.00000000
1, 14.7050, 1512, -0.29509377, -0.99015522, 0.06697523, 19.59863853, 29.66131210, 28.47460747, -45.74685669, 12.89096737, -103.80005646, 98.34452057, -3.76709485, 159.32530212, -0.09278792, 0.15684809, 0.74013793, 0.64729053, 0.22991532, 0.00266612, 0.07509294, 99.96700287, 113.66096497, 32.41999817, 0.00000000
1, 14.7400, 1513, -0.15919088, -1.08689988, 0.08028380, 18.96378708, 12.33223915, 18.74576378, -45.24992752, 12.45249939, -103.59543610, 99.04775238, -4.69103432, 159.92401123, -0.08239532, 0.15863544, 0.74377412, 0.64408541, 0.07785062, 0.10244595, 0.07415751, 99.96700287, 113.66096497, 32.41999817, 0.00000000
1, 14.7450, 1514, -0.17819887, -1.07536578, 0.09728009, 16.81987953, 9.84421730, 17.13640213, -45.24992752, 12.45249939, -103.59543610, 99.12912750, -4.78315735, 159.95938110, -0.08147816, 0.15897278, 0.74416471, 0.64366752, 0.09496042, 0.09122300, 0.05828612, 99.96700287, 113.66096497, 32.41999817, 0.00000000
1, 14.7500, 1515, -0.20037887, -1.05672050, 0.11782943, 15.64389229, 9.85295105, 16.34537888, -45.24992752, 12.45249939, -103.59543610, 99.20452118, -4.87144709, 159.99530029, -0.08059099, 0.15928002, 0.74452686, 0.64328438, 0.11554331, 0.07288364, 0.03900475, 99.96700287, 113.66096497, 32.41999817, 0.00000000
1, 14.7550, 1516, -0.20633660, -1.04321587, 0.12710695, 16.40858269, 11.32272148, 16.33562469, -46.38994217, 12.56942368, -103.94621277, 99.28308868, -4.96088028, 160.03840637, -0.07965108, 0.15954790, 0.74491501, 0.64288563, 0.11993196, 0.05971020, 0.03104076, 99.96700287, 113.66096497, 32.41999817, 0.00000000
1, 14.7600, 1517, -0.19465803, -1.04267108, 0.17397529, 17.73924828, 13.13647652, 16.71244049, -46.38994217, 12.56942368, -103.94621277, 99.36746979, -5.05368328, 160.09005737, -0.07863240, 0.15978140, 0.74534303, 0.64245683, 0.10653985, 0.05945961, -0.01439529, 99.96700287, 113.66096497, 32.41999817, 0.00000000
1, 14.7650, 1518, -0.17277765, -1.04281688, 0.21873094, 17.32984161, 14.69438457, 16.96509743, -45.77608871, 11.60479355, -103.09851074, 99.44907379, -5.14907980, 160.14910889, -0.07755870, 0.15997778, 0.74576205, 0.64205205, 0.08289641, 0.05991089, -0.05770450, 99.96700287, 113.66096497, 32.41999817, 0.00000000
1, 14.7700, 1519, -0.14801359, -1.02272785, 0.29443309, 15.22699451, 17.76588631, 15.94340897, -45.77608871, 11.60479355, -103.09851074, 99.51860809, -5.24203348, 160.22407532, -0.07642831, 0.16004743, 0.74613857, 0.64173275, 0.05631237, 0.04005267, -0.13208200, 99.96700287, 113.66096497, 32.41999817, 0.00000000
1, 14.7750, 1520, -0.13578196, -0.99777651, 0.33528307, 14.09993172, 19.43128395, 14.34999752, -45.77608871, 11.60479355, -103.09851074, 99.58150482, -5.32859659, 160.30853271, -0.07529624, 0.16001469, 0.74649888, 0.64145559, 0.04244761, 0.01535835, -0.17178276, 99.96700287, 113.66096497, 32.41999817, 0.00000000
1, 14.8200, 1521, -0.12134305, -0.94944000, 0.40228450, 9.44907379, 28.73846054, 6.53398752, -46.33148193, 13.70944118, -103.04004669, 100.12630463, -5.98287964, 161.31825256, -0.06456696, 0.15733732, 0.75011677, 0.63906252, 0.01635538, -0.03033202, -0.22941700, 99.96700287, 113.66096497, 32.41999817, 0.00000000
1, 14.8250, 1522, -0.11577640, -0.95061362, 0.36366907, 8.57629490, 30.08028412, 5.45541096, -45.95147705, 10.81555080, -103.50774384, 100.15415192, -6.03587484, 161.46240234, -0.06337293, 0.15669860, 0.75040329, 0.63900256, 0.00994546, -0.02890838, -0.19030485, 99.96700287, 113.66096497, 32.41999817, 0.00000000
1, 14.8300, 1523, -0.11460955, -0.95544052, 0.33325732, 7.82203913, 30.54199600, 4.81002617, -45.95147705, 10.81555080, -103.50774384, 100.17779541, -6.08616495, 161.60940552, -0.06218682, 0.15602350, 0.75067306, 0.63896745, 0.00796812, -0.02386309, -0.15949088, 99.96700287, 113.66096497, 32.41999817, 0.00000000
1, 14.8350, 1524, -0.11118358, -0.96136785, 0.32371294, 6.64448023, 30.65765953, 3.91641617, -45.95147705, 10.81555080, -103.50774384, 100.19528961, -6.13223028, 161.75775146, -0.06102973, 0.15531263, 0.75091487, 0.63896805, 0.00374610, -0.01777528, -0.14963639, 99.96700287, 113.66096497, 32.41999817, 0.00000000
1, 14.8400, 1525, -0.10530031, -0.96058345, 0.32401285, 5.68615961, 30.28789902, 3.00844526, -45.83454895, 12.65711784, -103.44927979, 100.28530121, -6.17090511, 161.89450073, -0.05988850, 0.15467477, 0.75155377, 0.63847953, -0.00285183, -0.01832312, -0.14903948, 99.96700287, 113.66096497, 32.41999817, 0.00000000
1, 14.8450, 1526, -0.09589551, -0.95638418, 0.31064007, 4.83746195, 29.73837090, 2.37521124, -45.83454895, 12.65711784, -103.44927979, 100.29385376, -6.20886183, 162.03959656, -0.05881591, 0.15393461, 0.75175005, 0.63852704, -0.01287359, -0.02228210, -0.13482496, 99.96700287, 113.66096497, 32.41999817, 0.00000000
1, 14.8500, 1527, -0.07894692, -0.95274925, 0.27663827, 4.34889698, 28.90435791, 2.11618614, -45.80532074, 10.43554497, -103.56620789, 100.30031586, -6.24482012, 162.18080139, -0.05778109, 0.15320776, 0.75193113, 0.63858306, -0.03036596, -0.02577309, -0.10067345, 99.96700287, 113.66096497, 32.41999817, 0.00000000
1, 14.8550, 1528, -0.05930641, -0.94887948, 0.24658082, 4.19892883, 26.60372734, 2.13336301, -45.80532074, 10.43554497, -103.56620789, 100.30718231, -6.27884197, 162.31060791, -0.05682207, 0.15254511, 0.75210100, 0.63862783, -0.05053401, -0.02950840, -0.07046080, 99.96700287, 113.66096497, 32.41999817, 0.00000000
1, 14.8600, 1529, -0.03356213, -0.94595218, 0.23021317, 4.99547291, 22.56337738, 2.41249394, -45.80532074, 10.43554497, -103.56620789, 100.32018280, -6.31067276, 162.42016602, -0.05598229, 0.15200618, 0.75228024, 0.63861942, -0.07679792, -0.03231303, -0.05384278, 99.96700287, 113.66096497, 32.41999817, 0.00000000
1, 14.8650, 1530, 0.00041366, -0.94339907, 0.23987108, 5.71984625, 18.62515450, 2.76508212, -46.15609360, 12.51096153, -103.94621277, 100.33893585, -6.34075260, 162.50991821, -0.05525700, 0.15159027, 0.75246704, 0.63856137, -0.11132555, -0.03477018, -0.06312442, 99.96700287, 113.66096497, 32.41999817, 0.00000000
1, 14.8850, 1531, 0.13719435, -0.91219509, 0.26816344, 7.19258976, -2.63105154, 5.11396217, -45.86378098, 12.89096737, -103.59543610, 100.45108032, -6.44371557, 162.62911987, -0.05375863, 0.15142231, 0.75312412, 0.63795400, -0.24999411, -0.06548442, -0.08922906, 99.96700287, 113.66096497, 32.41999817, 0.00000000
1, 14.8900, 1532, 0.12276756, -0.92296422, 0.30171186, 6.75375938, -7.32322264, 5.98916960, -45.60070038, 11.42940617, -103.12773895, 100.62314606, -6.25198555, 162.56530762, -0.05516550, 0.15087901, 0.75422889, 0.63665617, -0.23418285, -0.05459629, -0.12100179, 99.96700287, 113.66096497, 32.41999817, 0.00000000
1, 14.8950, 1533, 0.08771730, -0.93419099, 0.31788510, 5.71640396, -9.58217525, 6.85988855, -45.60070038, 11.42940617, -103.12773895, 100.65766144, -6.27686501, 162.51162720, -0.05525213, 0.15138446, 0.75431979, 0.63642097, -0.19773266, -0.04322876, -0.13550678, 99.96700287, 113.66096497, 32.41999817, 0.00000000
1, 14.9000, 1534, 0.03358732, -0.94810677, 0.29452223, 5.11990499, -10.09239674, 7.59141684, -45.60070038, 13.06635475, -103.30312347, 100.68959808, -6.30484629, 162.45472717, -0.05533901, 0.15192667, 0.75438797, 0.63620341, -0.14401656, -0.02911940, -0.11175719, 99.96700287, 113.66096497, 32.41999817, 0.00000000
1, 14.9050, 1535, -0.04084292, -0.97573912, 0.26901081, 3.98870993, -10.43999958, 8.61404419, -45.60070038, 13.06635475, -103.30312347, 100.71620178, -6.33751583, 162.39514160, -0.05541628, 0.15250944, 0.75441676, 0.63602298, -0.07006851, -0.00129487, -0.08600572, 99.96700287, 113.66096497, 32.41999817, 0.00000000
1, 14.9100, 1536, -0.11563356, -0.98954070, 0.24444269, 2.46433449, -10.64934731, 9.53981686, -45.60070038, 13.06635475, -103.30312347, 100.73545837, -6.37454414, 162.33363342, -0.05548470, 0.15312500, 0.75439650, 0.63589329, 0.00416279, 0.01268259, -0.06129994, 99.96700287, 113.66096497, 32.41999817, 0.00000000
1, 14.9150, 1537, -0.16463940, -0.99900937, 0.20323087, 2.30950069, -6.48991919, 10.34197235, -45.45454407, 12.65711784, -104.20929718, 100.75177765, -6.41933870, 162.29191589, -0.05539506, 0.15365079, 0.75437635, 0.63579816, 0.05252951, 0.02235406, -0.01995900, 99.96700287, 113.66096497, 32.41999817, 0.00000000
1, 14.9200, 1538, -0.19615921, -1.01143491, 0.18583684, 3.25907302, 0.43371126, 11.02069569, -45.45454407, 12.65711784, -104.20929718, 100.76911163, -6.47385597, 162.28381348, -0.05505265, 0.15400866, 0.75439459, 0.63571954, 0.08318920, 0.03496394, -0.00238885, 99.96700287, 113.66096497, 32.41999817, 0.00000000
1, 14.9250, 1539, -0.21828668, -1.01779461, 0.19999847, 3.07722473, 6.66521025, 11.10143661, -46.00993729, 13.41712952, -103.62467194, 100.78208160, -6.53453827, 162.30642700, -0.05450439, 0.15419552, 0.75442219, 0.63568878, 0.10424851, 0.04146236, -0.01639201, 99.96700287, 113.66096497, 32.41999817, 0.00000000
1, 14.9300, 1540, -0.24641660, -1.01262927, 0.20025428, 1.90139019, 12.55893803, 10.38058090, -46.00993729, 13.41712952, -103.62467194, 100.78572083, -6.59716654, 162.35884094, -0.05379021, 0.15419213, 0.75443566, 0.63573444, 0.13129768, 0.03643905, -0.01662465, 99.96700287, 113.66096497, 32.41999817, 0.00000000
1, 14.9400, 1541, -0.21525793, -0.99310970, 0.18134227, 1.64457810, 24.70649147, 9.20119858, -45.86378098, 13.59251690, -102.63080597, 100.77625275, -6.77701998, 162.55574036, -0.05150849, 0.15386805, 0.75442582, 0.63601363, 0.09749772, 0.01723644, 0.00221897, 99.96700287, 113.66096497, 32.41999817, 0.00000000
1, 14.9450, 1542, -0.18476905, -0.98820877, 0.17076893, 1.77814126, 25.43791199, 9.25198555, -45.86378098, 13.59251690, -102.63080597, 100.77133942, -6.84603405, 162.67298889, -0.05040298, 0.15346867, 0.75447053, 0.63614553, 0.06543967, 0.01251988, 0.01273991, 99.96700287, 113.66096497, 32.41999817, 0.00000000
1, 14.9500, 1543, -0.15619360, -0.98477018, 0.13004287, 1.85272884, 25.31660461, 9.98424053, -46.36071396, 12.80327415, -103.50774384, 100.76682281, -6.91851807, 162.78897095, -0.04928055, 0.15309668, 0.75451130, 0.63627481, 0.03572688, 0.00927859, 0.05343001, 99.96700287, 113.66096497, 32.41999817, 0.00000000
1, 14.9550, 1544, -0.12572971, -0.98974800, 0.11338160, 2.20386410, 25.89066505, 10.86975861, -46.36071396, 12.80327415, -103.50774384, 100.76367950, -6.99587297, 162.90699768, -0.04811222, 0.15273836, 0.75455606, 0.63639730, 0.00398544, 0.01443095, 0.07007447, 99.96700287, 113.66096497, 32.41999817, 0.00000000
1, 14.9600, 1545, -0.09185192, -0.99721646, 0.12514974, 2.06245565, 25.94567299, 11.43370438, -46.36071396, 12.80327415, -103.50774384, 100.75971222, -7.07604647, 163.02479553, -0.04692720, 0.15239653, 0.75459218, 0.63652486, -0.03130359, 0.02203431, 0.05827940, 99.96700287, 113.66096497, 32.41999817, 0.00000000
1, 14.9650, 1546, -0.07014452, -1.00050485, 0.16419435, 1.62274897, 24.03040886, 11.25344181, -46.00993729, 12.86173630, -103.04004669, 100.75451660, -7.15355349, 163.13328552, -0.04581305, 0.15210098, 0.75461221, 0.63665301, -0.05446563, 0.02540988, 0.01917373, 99.96700287, 113.66096497, 32.41999817, 0.00000000
1, 14.9700, 1547, -0.06536311, -0.99657977, 0.22378756, 0.91839290, 23.24515724, 10.33233356, -46.00993729, 12.86173630, -103.04004669, 100.74604034, -7.22580385, 163.23880005, -0.04475491, 0.15179543, 0.75461614, 0.63679636, -0.06067117, 0.02152043, -0.04055945, 99.96700287, 113.66096497, 32.41999817, 0.00000000
1, 14.9750, 1548, -0.05083488, -0.98140037, 0.21839085, 0.78785729, 22.08040810, 9.46498108, -46.38994217, 12.65711784, -103.85852051, 100.73738861, -7.29270554, 163.33937073, -0.04376002, 0.15149337, 0.75461906, 0.63693416, -0.07636499, 0.00646784, -0.03528463, 99.96700287, 113.66096497, 32.41999817, 0.00000000
1, 14.9800, 1549, -0.05674605, -0.97946095, 0.17677687, 1.23065627, 17.83304024, 9.53336716, -46.38994217, 12.65711784, -103.85852051, 100.73353577, -7.35600853, 163.41885376, -0.04289995, 0.15131254, 0.75462484, 0.63702863, -0.07146095, 0.00471977, 0.00620237, 99.96700287, 113.66096497, 32.41999817, 0.00000000
1, 14.9850, 1550, -0.09531196, -0.98159051, 0.14065714, 2.36820149, 12.05510044, 9.76674080, -46.38994217, 12.65711784, -103.85852051, 100.73898315, -7.41510630, 163.46948242, -0.04221591, 0.15130222, 0.75464946, 0.63704759, -0.03384841, 0.00704992, 0.04224485, 99.96700287, 113.66096497, 32.41999817, 0.00000000
1, 15.0100, 1551, -0.17836556, -0.98310494, 0.26202890, 5.24019814, 0.69138199, 8.23249531, -45.89301300, 13.38789845, -103.62467194, 100.83371735, -7.66372919, 163.51969910, -0.04014758, 0.15235561, 0.75493556, 0.63659114, 0.04452823, 0.00922509, -0.07791175, 99.96700287, 113.66096497, 32.41999817, 0.00000000
1, 15.0150, 1552, -0.19770674, -0.99781716, 0.29806682, 4.94739056, 4.15442276, 7.51256514, -46.00993729, 12.27711201, -103.80005646, 100.85673523, -7.70445347, 163.53323364, -0.03976916, 0.15249544, 0.75503093, 0.63646841, 0.06307457, 0.02405125, -0.11362307, 99.96700287, 113.66096497, 32.41999817, 0.00000000
1, 15.0200, 1553, -0.21213815, -0.99963427, 0.27687803, 3.39295864, 6.13575268, 7.12390041, -46.00993729, 12.27711201, -103.80005646, 100.87059784, -7.74514675, 163.55694580, -0.03934656, 0.15256479, 0.75508893, 0.63640916, 0.07685336, 0.02604953, -0.09221698, 99.96700287, 113.66096497, 32.41999817, 0.00000000
1, 15.0250, 1554, -0.24570736, -1.00649059, 0.23250823, 2.06603456, 6.93631411, 6.66914320, -46.09763336, 12.89096737, -104.03390503, 100.87721252, -7.78436661, 163.58503723, -0.03891906, 0.15259463, 0.75511432, 0.63639814, 0.10984713, 0.03309738, -0.04781869, 99.96700287, 113.66096497, 32.41999817, 0.00000000
1, 15.0300, 1555, -0.28486291, -1.01456356, 0.21771614, 1.08800411, 11.09869003, 5.58903122, -46.09763336, 12.89096737, -104.03390503, 100.87597656, -7.82218885, 163.63478088, -0.03839112, 0.15247151, 0.75512660, 0.63644516, 0.14838228, 0.04128516, -0.03314182, 99.96700287, 113.66096497, 32.41999817, 0.00000000
1, 15.0350, 1556, -0.29641759, -1.01523495, 0.20304038, 0.68816066, 17.42793465, 4.41299820, -46.09763336, 12.89096737, -104.03390503, 100.86825562, -7.86015272, 163.71702576, -0.03769028, 0.15213288, 0.75514591, 0.63654524, 0.15931627, 0.04204933, -0.01861722, 99.96700287, 113.66096497, 32.41999817, 0.00000000
1, 15.0400, 1557, -0.28933600, -1.01666260, 0.13112602, 0.85910451, 23.68511963, 3.54345131, -46.27301788, 13.00789261, -103.71236420, 100.81563568, -7.98121357, 163.83946228, -0.03626895, 0.15196602, 0.75486553, 0.63700008, 0.15103522, 0.04368068, 0.05274291, 99.96700287, 113.66096497, 32.41999817, 0.00000000
1, 15.0450, 1558, -0.27835605, -1.02264142, 0.11463068, 2.61260700, 28.49260330, 2.68930912, -46.27301788, 13.00789261, -103.71236420, 100.80940247, -8.02089310, 163.97830200, -0.03523965, 0.15126482, 0.75496531, 0.63710648, 0.13870338, 0.04978610, 0.06874010, 99.96700287, 113.66096497, 32.41999817, 0.00000000
1, 15.0500, 1559, -0.24501728, -1.04118586, 0.16603076, 2.82502484, 40.18008423, 1.98372042, -45.01607513, 12.30634308, -103.82929230, 100.79590607, -8.06792831, 164.17581177, -0.03384413, 0.15021479, 0.75509202, 0.63728040, 0.10445869, 0.06831832, 0.01718435, 99.96700287, 113.66096497, 32.41999817, 0.00000000
1, 15.0550, 1560, -0.20548029, -1.05216479, 0.18208446, 1.17214727, 44.45565796, 1.75614953, -45.01607513, 12.30634308, -103.82929230, 100.77098083, -8.11776924, 164.39480591, -0.03232484, 0.14903533, 0.75517797, 0.63753420, 0.06403365, 0.07931872, 0.00081898, 99.96700287, 113.66096497, 32.41999817, 0.00000000
1, 15.0850, 1561, 0.05669887, -0.99731851, 0.19548793, 0.31234741, 43.45969009, 8.15790462, -45.13300323, 13.21251106, -104.26775360, 100.60739136, -8.51184654, 165.71902466, -0.02251729, 0.14241286, 0.75547576, 0.63911504, -0.20485371, 0.02488407, -0.01479519, 99.96700287, 113.66096497, 32.41999817, 0.00000000
1, 15.0900, 1562, 0.09458090, -0.98585963, 0.23993465, -0.76663828, 41.78383255, 9.39357376, -45.42531204, 11.89710617, -104.50160980, 100.59742737, -8.50280571, 165.91230774, -0.02151209, 0.14108722, 0.75566995, 0.63921410, -0.24347517, 0.01338045, -0.05948937, 99.96700287, 113.66096497, 32.41999817, 0.00000000
1, 15.0950, 1563, 0.12732536, -0.97221518, 0.24052210, -2.52613163, 40.51799393, 10.71778297, -45.42531204, 11.89710617, -104.50160980, 100.55644989, -8.59239388, 166.10388184, -0.01989363, 0.14030549, 0.75557137, 0.63955498, -0.27693930, -0.00024599, -0.06046038, 99.96700287, 113.66096497, 32.41999817, 0.00000000
1, 15.1000, 1564, 0.14493911, -0.96636093, 0.23256145, -3.25147200, 39.14439392, 12.55204201, -45.51300812, 13.44636059, -104.47237396, 100.51284027, -8.68961906, 166.28706360, -0.01827341, 0.13962147, 0.75543779, 0.63991064, -0.29618317, -0.00597802, -0.05322626, 99.96700287, 113.66096497, 32.41999817, 0.00000000
1, 15.1050, 1565, 0.16569501, -0.97261250, 0.23619621, -4.29806948, 32.14308929, 15.09750366, -45.51300812, 13.44636059, -104.47237396, 100.46934509, -8.79292488, 166.43319702, -0.01681864, 0.13921602, 0.75525200, 0.64025819, -0.31869626, 0.00039314, -0.05761236, 99.96700287, 113.66096497, 32.41999817, 0.00000000
1, 15.1100, 1566, 0.16884470, -0.98547626, 0.23666006, -4.36136818, 26.13112259, 17.40866661, -45.74685669, 13.09558582, -105.20315552, 100.43017578, -8.90209866, 166.54742432, -0.01549731, 0.13905458, 0.75504416, 0.64057153, -0.32370627, 0.01341405, -0.05882312, 99.96700287, 113.66096497, 32.41999817, 0.00000000
1, 15.1150, 1567, 0.12155639, -0.99787319, 0.22363156, -4.82737303, 21.05718803, 19.67720795, -45.74685669, 13.09558582, -105.20315552, 100.39272308, -9.01781178, 166.63444519, -0.01428215, 0.13910931, 0.75480497, 0.64086980, -0.27835193, 0.02601891, -0.04662675, 99.96700287, 113.66096497, 32.41999817, 0.00000000
1, 15.1200, 1568, 0.04801634, -1.00906801, 0.19005972, -5.46117640, 17.97942734, 21.43462944, -45.74685669, 13.09558582, -105.20315552, 100.35460663, -9.13937473, 166.70465088, -0.01312269, 0.13930748, 0.75453442, 0.64117014, -0.20680061, 0.03747547, -0.01395892, 99.96700287, 113.66096497, 32.41999817, 0.00000000
1, 15.1250, 1569, 0.00671336, -1.02395248, 0.17696224, -5.54126072, 16.13005066, 23.00396538, -45.60070038, 9.76322746, -104.67699432, 100.31764221, -9.26696396, 166.76431274, -0.01198053, 0.13960882, 0.75424993, 0.64146155, -0.16763563, 0.05261070, -0.00168341, 99.96700287, 113.66096497, 32.41999817, 0.00000000
1, 15.1300, 1570, -0.02642324, -1.02825260, 0.17194441, -6.47621059, 14.40980530, 24.69242287, -45.60070038, 9.76322746, -104.67699432, 100.27750397, -9.40132141, 166.81399536, -0.01085310, 0.14001331, 0.75392693, 0.64177316, -0.13677357, 0.05716711, 0.00251550, 99.96700287, 113.66096497, 32.41999817, 0.00000000
1, 15.1550, 1571, -0.16301647, -1.03629923, 0.18796875, -3.64264321, 16.72996712, 30.67052650, -46.06840134, 13.65097904, -104.32621765, 100.11487579, -10.12595177, 167.06655884, -0.00479616, 0.14231072, 0.75245655, 0.64306605, -0.01254582, 0.06676100, -0.01704423, 99.96700287, 113.66096497, 32.41999817, 0.00000000
1, 15.1600, 1572, -0.17797890, -1.03765202, 0.19200054, -3.47162366, 17.50963402, 31.63333893, -46.41917419, 13.41712952, -104.82315063, 100.08732605, -10.29696369, 167.12623596, -0.00335361, 0.14285493, 0.75216776, 0.64329237, -0.00050650, 0.06853767, -0.02167793, 99.96700287, 113.66096497, 32.41999817, 0.00000000
1, 15.1650, 1573, -0.18096358, -1.03659654, 0.21438590, -3.35793924, 20.13051414, 32.78097916, -46.41917419, 13.41712952, -104.82315063, 100.05797577, -10.47587490, 167.19813538, -0.00179216, 0.14336279, 0.75187337, 0.64352959, -0.00062077, 0.06790645, -0.04464852, 99.96700287, 113.66096497, 32.41999817, 0.00000000
1, 15.1700, 1574, -0.16918875, -1.02983260, 0.22857413, -3.48460937, 22.05133629, 33.98509979, -46.41917419, 13.41712952, -104.82315063, 100.02619934, -10.66233540, 167.27873230, -0.00013469, 0.14385562, 0.75156611, 0.64378101, -0.01559849, 0.06160456, -0.05943056, 99.96700287, 113.66096497, 32.41999817, 0.00000000
1, 15.1750, 1575, -0.15400307, -1.03451073, 0.24975331, -2.96382308, 23.35296440, 35.09611130, -46.38994217, 13.65097904, -104.61853027, 99.99570465, -10.85533047, 167.36505127, 0.00159994, 0.14434755, 0.75126410, 0.64402145, -0.03411747, 0.06676813, -0.08120374, 99.96700287, 113.66096497, 32.41999817, 0.00000000
1, 15.1800, 1576, -0.13969377, -1.02755821, 0.27213764, -3.50845504, 24.50752449, 36.14707565, -46.38994217, 13.65097904, -104.61853027, 99.96125793, -11.05446434, 167.45637512, 0.00339855, 0.14484115, 0.75093752, 0.64428449, -0.05187273, 0.06032350, -0.10421394, 99.96700287, 113.66096497, 32.41999817, 0.00000000
1, 15.1850, 1577, -0.13193700, -1.02901757, 0.29759657, -3.85227585, 26.61383629, 36.79754257, -46.30224991, 13.94329166, -105.11546326, 99.92281342, -11.25854492, 167.55793762, 0.00528225, 0.14529611, 0.75059408, 0.64456952, -0.06316265, 0.06230056, -0.13040854, 99.96700287, 113.66096497, 32.41999817, 0.00000000
1, 15.1900, 1578, -0.12478863, -1.03160775, 0.30954945, -4.09872246, 29.55066681, 37.71193314, -46.30224991, 13.94329166, -105.11546326, 99.91181946, -11.44720364, 167.66632080, 0.00713625, 0.14562118, 0.75043213, 0.64466673, -0.07373025, 0.06546247, -0.14290023, 99.96700287, 113.66096497, 32.41999817, 0.00000000
1, 15.1950, 1579, -0.11345001, -1.03505135, 0.30865416, -4.40875530, 31.92325401, 38.89410782, -46.30224991, 13.94329166, -105.11546326, 99.86486816, -11.66604900, 167.79309082, 0.00924913, 0.14599460, 0.75005215, 0.64499754, -0.08858313, 0.06952491, -0.14261073, 99.96700287, 113.66096497, 32.41999817, 0.00000000
1, 15.2000, 1580, -0.11355149, -1.04438925, 0.32244122, -4.34518528, 35.69834900, 39.82452774, -46.65302658, 14.08944702, -105.52469635, 99.81398010, -11.89256477, 167.93835449, 0.01151194, 0.14629118, 0.74966282, 0.64534652, -0.09235875, 0.07948038, -0.15738729, 99.96700287, 113.66096497, 32.41999817, 0.00000000
1, 15.2200, 1581, -0.07465726, -1.06039417, 0.25639015, -3.32502580, 49.52056122, 44.83799362, -46.68225479, 14.55714703, -105.70008850, 99.58510590, -12.88788795, 168.69328308, 0.02210312, 0.14685726, 0.74805856, 0.64680207, -0.14790481, 0.09856586, -0.09568621, 99.96700287, 113.66096497, 32.41999817, 0.00000000
1, 15.2250, 1582, -0.06616902, -1.04959071, 0.23610462, -2.72612810, 53.19097900, 45.96942139, -46.82841110, 13.00789261, -106.31394196, 99.52011108, -13.15834999, 168.92376709, 0.02511995, 0.14685366, 0.74763590, 0.64718133, -0.16090679, 0.08864894, -0.07661734, 99.96700287, 113.66096497, 32.41999817, 0.00000000
1, 15.2300, 1583, -0.03858246, -1.04483128, 0.22754271, -2.18390632, 55.77001190, 47.56628799, -46.82841110, 13.00789261, -106.31394196, 99.45392609, -13.43852425, 169.16658020, 0.02826916, 0.14682695, 0.74720824, 0.64755124, -0.19318983, 0.08481257, -0.06926701, 99.96700287, 113.66096497, 32.41999817, 0.00000000
1, 15.2350, 1584, -0.01840620, -1.04409158, 0.19894010, -2.54851723, 56.94010925, 49.49163818, -46.65302658, 14.87869072, -106.08009338, 99.38362122, -13.72887325, 169.41433716, 0.03150847, 0.14682876, 0.74674892, 0.64793110, -0.21817878, 0.08508521, -0.04196250, 99.96700287, 113.66096497, 32.41999817, 0.00000000
1, 15.2400, 1585, -0.00790888, -1.04156137, 0.16013879, -3.64330006, 56.77499008, 51.63982010, -46.65302658, 14.87869072, -106.08009338, 99.30387115, -13.98834515, 169.66021729, 0.03451964, 0.14667957, 0.74627268, 0.64835995, -0.23328151, 0.08354618, -0.00459914, 99.96700287, 113.66096497, 32.41999817, 0.00000000
1, 15.2450, 1586, 0.00081152, -1.04352498, 0.10813314, -4.31352758, 56.82001495, 53.89276886, -46.65302658, 14.87869072, -106.08009338, 99.22312927, -14.29969406, 169.90516663, 0.03786805, 0.14682727, 0.74572003, 0.64877534, -0.24674860, 0.08658011, 0.04586914, 99.96700287, 113.66096497, 32.41999817, 0.00000000
1, 15.2500, 1587, 0.01191115, -1.04252243, 0.09693910, -4.84359264, 57.13477707, 56.57098007, -46.71148682, 12.42326832, -106.22624969, 99.13838959, -14.62417126, 170.15034485, 0.04129886, 0.14705215, 0.74512589, 0.64919764, -0.26324996, 0.08674301, 0.05546752, 99.96700287, 113.66096497, 32.41999817, 0.00000000
1, 15.2550, 1588, 0.02616729, -1.04406846, 0.11150131, -5.18286562, 56.34057236, 59.08013153, -46.71148682, 12.42326832, -106.22624969, 99.05195618, -14.96008015, 170.39028931, 0.04477249, 0.14737993, 0.74449825, 0.64961296, -0.28316611, 0.08949323, 0.03927255, 99.96700287, 113.66096497, 32.41999817, 0.00000000
1, 15.2600, 1589, 0.02833079, -1.04335630, 0.09838710, -5.71196175, 53.59433746, 61.58021545, -47.35457230, 14.14791012, -106.10932159, 98.96547699, -15.30585957, 170.61509705, 0.04822414, 0.14786592, 0.74383557, 0.65001452, -0.29108694, 0.09011029, 0.05070385, 99.96700287, 113.66096497, 32.41999817, 0.00000000
1, 15.2650, 1590, 0.02410821, -1.05646849, 0.08362303, -6.11144257, 48.99834061, 64.27993011, -47.35457230, 14.14791012, -106.10932159, 98.88233185, -15.66113758, 170.81507874, 0.05160038, 0.14856905, 0.74314445, 0.65038520, -0.29276305, 0.10464159, 0.06378541, 99.96700287, 113.66096497, 32.41999817, 0.00000000
1, 15.2900, 1591, -0.08691180, -1.11841702, 0.04874451, -10.83280468, 38.84799576, 74.85911560, -47.76381302, 16.04793930, -106.95703125, 98.41882324, -17.55579376, 171.64410400, 0.06819189, 0.15394352, 0.73898280, 0.65234631, -0.21346745, 0.17483455, 0.08938952, 99.96700287, 113.66096497, 32.41999817, 0.00000000
1, 15.2950, 1592, -0.06649836, -1.11138797, 0.03381208, -11.55867004, 37.47857666, 76.51821899, -47.76381302, 16.04793930, -106.95703125, 98.32023621, -17.96152115, 171.78099060, 0.07150469, 0.15537216, 0.73802841, 0.65273327, -0.24027526, 0.16959903, 0.10233811, 99.96700287, 113.66096497, 32.41999817, 0.00000000
1, 15.3000, 1593, -0.02840633, -1.11201036, 0.03355266, -10.62825966, 37.47239685, 78.57431793, -48.05612183, 14.96638393, -107.68781281, 98.22554779, -18.37718010, 171.91732788, 0.07488113, 0.15686178, 0.73707604, 0.65307432, -0.28522050, 0.17220429, 0.10079133, 99.96700287, 113.66096497, 32.41999817, 0.00000000
1, 15.3050, 1594, 0.01566674, -1.13187087, 0.07887740, -9.18897915, 36.53333282, 80.49652100, -48.05612183, 14.96638393, -107.68781281, 98.13883972, -18.80146790, 172.04837036, 0.07829097, 0.15843278, 0.73614395, 0.65334660, -0.33639461, 0.19409254, 0.05375362, 99.96700287, 113.66096497, 32.41999817, 0.00000000
1, 15.3100, 1595, 0.04267238, -1.16075933, 0.13537847, -9.24216080, 32.45535660, 82.04745483, -48.37766647, 13.94329166, -107.83396912, 98.05797577, -19.23041725, 172.15789795, 0.08161279, 0.16016783, 0.73520255, 0.65357703, -0.37061054, 0.22509483, -0.00440827, 99.96700287, 113.66096497, 32.41999817, 0.00000000
1, 15.3150, 1596, 0.07089540, -1.17190099, 0.14824668, -10.98015976, 26.58025742, 83.85740662, -48.37766647, 13.94329166, -107.83396912, 97.97809601, -19.66415787, 172.23617554, 0.08478490, 0.16213265, 0.73420906, 0.65380561, -0.40598488, 0.23850566, -0.01887690, 99.96700287, 113.66096497, 32.41999817, 0.00000000
1, 15.3200, 1597, 0.07252378, -1.17710280, 0.12335385, -11.90066433, 23.70631981, 85.72850037, -48.37766647, 13.94329166, -107.83396912, 97.89834595, -20.10511017, 172.29881287, 0.08791089, 0.16424036, 0.73317528, 0.65402663, -0.41476181, 0.24613398, 0.00435283, 99.96700287, 113.66096497, 32.41999817, 0.00000000
1, 15.3250, 1598, 0.05379919, -1.17766738, 0.14059559, -11.87164116, 21.87018013, 88.24317169, -47.82227325, 16.42794418, -108.18473816, 97.82203674, -20.55720520, 172.35073853, 0.09104899, 0.16647831, 0.73212016, 0.65421343, -0.40344733, 0.24918528, -0.01455806, 99.96700287, 113.66096497, 32.41999817, 0.00000000
1, 15.3450, 1599, 0.00229603, -1.16034961, 0.09658140, -11.65357304, 11.44768333, 95.94882202, -49.48845291, 16.57410049, -107.71704102, 97.57382202, -22.39322090, 172.38946533, 0.10285600, 0.17662789, 0.72782862, 0.65459055, -0.38154119, 0.24289787, 0.02371081, 99.96700287, 113.66096497, 32.41999817, 0.00000000
1, 15.3500, 1600, 0.02278222, -1.15955806, 0.09057640, -11.42688084, 10.80862141, 97.99877930, -49.25460434, 17.50950050, -108.30166626, 97.52206421, -22.88623619, 172.37863159, 0.10591651, 0.17947569, 0.72669774, 0.65458429, -0.40991935, 0.24525434, 0.02849790, 99.96700287, 113.66096497, 32.41999817, 0.00000000
1, 15.3550, 1601, 0.04574354, -1.17245567, 0.10336645, -10.78003025, 10.76094151, 100.23274994, -49.25460434, 17.50950050, -108.30166626, 97.47422028, -23.39028168, 172.36639404, 0.10904248, 0.18238898, 0.72555441, 0.65453404, -0.44096637, 0.26141930, 0.01451461, 99.96700287, 113.66096497, 32.41999817, 0.00000000
1, 15.3600, 1602, 0.05721315, -1.19028854, 0.12399367, -10.83145428, 9.59638214, 102.30877686, -49.92692184, 18.32797432, -108.27243042, 97.42919159, -23.90389824, 172.34681702, 0.11218852, 0.18539792, 0.72438425, 0.65445316, -0.46067038, 0.28265524, -0.00729763, 99.96700287, 113.66096497, 32.41999817, 0.00000000
1, 15.3650, 1603, 0.07194276, -1.21045661, 0.12494288, -11.55459690, 8.04791164, 104.17388916, -49.92692184, 18.32797432, -108.27243042, 97.38456726, -24.42578697, 172.31787109, 0.11533090, 0.18850966, 0.72317106, 0.65435970, -0.48368680, 0.30639356, -0.00942644, 99.96700287, 113.66096497, 32.41999817, 0.00000000
1, 15.3700, 1604, 0.08816461, -1.22485006, 0.12405764, -12.28464127, 7.18393946, 106.54614258, -49.92692184, 18.32797432, -108.27243042, 97.33906555, -24.95894623, 172.28289795, 0.11850560, 0.19172058, 0.72190619, 0.65425611, -0.50832283, 0.32451063, -0.00973099, 99.96700287, 113.66096497, 32.41999817, 0.00000000
1, 15.3750, 1605, 0.11416263, -1.24700725, 0.13653283, -12.28283787, 7.57890415, 108.97412872, -50.77462769, 18.41566849, -109.00321198, 97.29357910, -25.50440025, 172.24870300, 0.12175949, 0.19499214, 0.72060317, 0.65412831, -0.54292202, 0.35053766, -0.02339614, 99.96700287, 113.66096497, 32.41999817, 0.00000000
1, 15.3800, 1606, 0.13200115, -1.26288021, 0.14946310, -12.15071201, 9.10881138, 112.05845642, -50.77462769, 18.41566849, -109.00321198, 97.24621582, -26.06613731, 172.22111511, 0.12514786, 0.19831146, 0.71925271, 0.65397727, -0.56958151, 0.37048078, -0.03758106, 99.96700287, 113.66096497, 32.41999817, 0.00000000
1, 15.3850, 1607, 0.13298054, -1.28123796, 0.17205840, -10.46274853, 14.24912739, 114.75335693, -50.95001221, 18.94182968, -108.41858673, 97.19556427, -26.64443016, 172.22056580, 0.12878577, 0.20155382, 0.71788114, 0.65378660, -0.57959485, 0.39308929, -0.06152704, 99.96700287, 113.66096497, 32.41999817, 0.00000000
1, 15.3900, 1608, 0.12327714, -1.27842736, 0.15993609, -10.36716843, 18.52498245, 116.60665894, -50.95001221, 18.94182968, -108.41858673, 97.13464355, -27.17968559, 172.24234009, 0.13224961, 0.20443007, 0.71655536, 0.65365660, -0.57858396, 0.39455211, -0.05087118, 99.96700287, 113.66096497, 32.41999817, 0.00000000
1, 15.4350, 1609, 0.63752770, -1.38101137, 0.21051598, 0.19691764, 90.34069061, 135.39456177, -53.02542877, 20.60800934, -109.73399353, 95.70297241, -33.18958664, 174.73927307, 0.18200991, 0.22406021, 0.70098287, 0.65214455, -1.18283558, 0.54633707, -0.12692738, 99.96700287, 113.66096497, 32.41999817, 0.00000000
1, 15.4400, 1610, 0.64135182, -1.33687639, 0.18483128, -5.22155190, 85.42201996, 135.20606995, -53.02542877, 20.60800934, -109.73399353, 95.44158173, -33.85306549, 175.16992188, 0.18809937, 0.22551888, 0.69894069, 0.65210575, -1.19666910, 0.50846869, -0.10558847, 99.96700287, 113.66096497, 32.41999817, 0.00000000
1, 15.4450, 1611, 0.57897228, -1.24713814, 0.12758650, -8.81610298, 73.89101410, 135.43269348, -53.87313461, 21.48494530, -109.90938568, 95.19100189, -34.56115341, 175.54025269, 0.19412260, 0.22760174, 0.69674373, 0.65196794, -1.14402819, 0.42512602, -0.05265005, 99.96700287, 113.66096497, 32.41999817, 0.00000000
1, 15.4500, 1612, 0.43624413, -1.22718918, 0.04863168, -5.54957247, 65.68345642, 136.07176208, -53.87313461, 21.48494530, -109.90938568, 94.97790527, -35.26755905, 175.86708069, 0.19993846, 0.22989970, 0.69467181, 0.65161484, -1.01124597, 0.41202331, 0.02216168, 99.96700287, 113.66096497, 32.41999817, 0.00000000
1, 15.4550, 1613, 0.28351521, -1.22888649, -0.03430281, -1.95094275, 56.40719223, 136.36567688, -53.87313461, 21.48494530, -109.90938568, 94.80939484, -35.97063065, 176.14263916, 0.20550942, 0.23242943, 0.69275069, 0.65102917, -0.86831641, 0.42073125, 0.10155153, 99.96700287, 113.66096497, 32.41999817, 0.00000000
1, 15.4600, 1614, 0.15321843, -1.24748957, -0.06795568, 2.67632174, 44.58039474, 137.35685730, -54.25314331, 22.39111328, -110.28939056, 94.70223236, -36.67320633, 176.34913635, 0.21078998, 0.23527402, 0.69102901, 0.65014821, -0.74784124, 0.44645268, 0.13249883, 99.96700287, 113.66096497, 32.41999817, 0.00000000
1, 15.4650, 1615, 0.03916204, -1.30334973, -0.01364972, 10.91080284, 31.21523666, 136.96855164, -54.25314331, 22.39111328, -110.28939056, 94.68257904, -37.36820602, 176.47528076, 0.21573296, 0.23840129, 0.68964094, 0.64886028, -0.64366299, 0.50945163, 0.07663038, 99.96700287, 113.66096497, 32.41999817, 0.00000000
1, 15.4700, 1616, -0.10011011, -1.34357512, 0.10786982, 12.56176853, 18.10978508, 136.45988464, -54.69160843, 22.36188316, -110.64015961, 94.71971130, -38.05541992, 176.52008057, 0.22027656, 0.24186091, 0.68840241, 0.64736676, -0.51422232, 0.55680549, -0.04552998, 99.96700287, 113.66096497, 32.41999817, 0.00000000
1, 15.4750, 1617, -0.21472202, -1.32919431, 0.20706286, 9.02407646, 10.65903091, 136.50259399, -54.69160843, 22.36188316, -110.64015961, 94.76830292, -38.73989105, 176.51725769, 0.22455278, 0.24555816, 0.68710995, 0.64587706, -0.40925276, 0.54969180, -0.14493883, 99.96700287, 113.66096497, 32.41999817, 0.00000000
1, 15.4800, 1618, -0.29774174, -1.29566538, 0.25586858, 5.07618046, 10.46985054, 135.70707703, -54.69160843, 22.36188316, -110.64015961, 94.79804230, -39.42035675, 176.51300049, 0.22875084, 0.24926718, 0.68569195, 0.64448857, -0.33560979, 0.52356756, -0.19403961, 99.96700287, 113.66096497, 32.41999817, 0.00000000
1, 15.5000, 1619, -0.51552510, -1.34870303, 0.29896995, -0.46825784, 17.44490433, 142.11308289, -56.41625214, 23.94036865, -111.02017212, 94.74429321, -42.18653488, 176.68145752, 0.24638610, 0.26350310, 0.67912298, 0.63925898, -0.15445983, 0.60771906, -0.24092638, 99.96700287, 113.66096497, 32.41999817, 0.00000000
1, 15.5050, 1620, -0.55597335, -1.35311568, 0.26833913, -3.83551860, 12.98171139, 139.63096619, -56.41625214, 23.94036865, -111.02017212, 94.71931458, -42.88770676, 176.69261169, 0.25062716, 0.26730448, 0.67726576, 0.63800108, -0.12303448, 0.62042415, -0.21140495, 99.96700287, 113.66096497, 32.41999817, 0.00000000
1, 15.5100, 1621, -0.62350005, -1.31758857, 0.13003507, -6.59917736, 8.05932617, 134.71162415, -57.23472595, 24.61268616, -110.43554688, 94.70123291, -43.56239319, 176.67332458, 0.25454459, 0.27111879, 0.67541808, 0.63679844, -0.06386580, 0.59320343, -0.07415031, 99.96700287, 113.66096497, 32.41999817, 0.00000000
1, 15.5150, 1622, -0.63150942, -1.33995247, -0.00620986, -1.21889508, 2.29592299, 125.63756561, -57.23472595, 24.61268616, -110.43554688, 94.73436737, -44.18947983, 176.61900330, 0.25809482, 0.27475759, 0.67386866, 0.63544983, -0.06358339, 0.62349355, 0.06162219, 99.96700287, 113.66096497, 32.41999817, 0.00000000
1, 15.5200, 1623, -0.60389912, -1.39392030, 0.04468987, 5.74352074, -1.45122159, 118.76465607, -57.29319000, 25.69424057, -110.05553436, 94.81928253, -44.78065491, 176.54092407, 0.26141942, 0.27821237, 0.67261755, 0.63391131, -0.09880729, 0.68474501, 0.01102843, 99.96700287, 113.66096497, 32.41999817, 0.00000000
1, 15.5250, 1624, -0.60139430, -1.39679992, 0.14740714, 1.78643477, -2.73231936, 109.70598602, -57.29319000, 25.69424057, -110.05553436, 94.88883972, -45.32612228, 176.45719910, 0.26440075, 0.28147599, 0.67136419, 0.63256115, -0.10845987, 0.69438326, -0.09131376, 99.96700287, 113.66096497, 32.41999817, 0.00000000
1, 15.5300, 1625, -0.62300318, -1.36532414, 0.23430054, -7.21378899, -1.62562263, 100.94367981, -57.29319000, 25.69424057, -110.05553436, 94.90542603, -45.82848740, 176.38519287, 0.26705641, 0.28455171, 0.66994232, 0.63157630, -0.09334006, 0.66914642, -0.17836823, 99.96700287, 113.66096497, 32.41999817, 0.00000000
1, 15.5350, 1626, -0.60581952, -1.24614108, 0.30840597, -18.73402786, -0.39177689, 94.70518494, -57.93627548, 26.36655998, -110.55246735, 94.85602570, -46.30041885, 176.32536316, 0.26942837, 0.28754115, 0.66825294, 0.63100427, -0.11651935, 0.55579162, -0.25315863, 99.96700287, 113.66096497, 32.41999817, 0.00000000
1, 15.5400, 1627, -0.54220957, -1.10218501, 0.40101203, -24.33822250, -2.51071548, 90.97544098, -57.93627548, 26.36655998, -110.55246735, 94.83911133, -46.70824432, 176.21458435, 0.27121353, 0.29040372, 0.66677451, 0.63049245, -0.18559176, 0.41711694, -0.34632462, 99.96700287, 113.66096497, 32.41999817, 0.00000000
1, 15.5450, 1628, -0.52406907, -0.93340266, 0.43861616, -33.14772034, -10.12961388, 87.40076447, -58.60859299, 26.62964058, -110.08477020, 94.76689911, -47.14001846, 176.08805847, 0.27291051, 0.29361144, 0.66487259, 0.63028294, -0.20877795, 0.25348866, -0.38459426, 99.96700287, 113.66096497, 32.41999817, 0.00000000
1, 15.5500, 1629, -0.57811844, -0.82380509, 0.37578404, -37.94536591, -14.38555431, 83.01392365, -58.60859299, 26.62964058, -110.08477020, 94.69254303, -47.54838943, 175.93263245, 0.27429751, 0.29686216, 0.66293424, 0.63019991, -0.15951514, 0.14924997, -0.32302031, 99.96700287, 113.66096497, 32.41999817, 0.00000000
1, 15.5550, 1630, -0.69799435, -0.66234863, 0.27683705, -37.48991394, -15.17697906, 76.92522430, -58.60859299, 26.62964058, -110.08477020, 94.62301636, -47.92621994, 175.77459717, 0.27549556, 0.29994884, 0.66108608, 0.63015723, -0.04389095, -0.00719719, -0.22536018, 99.96700287, 113.66096497, 32.41999817, 0.00000000
1, 15.5600, 1631, -0.66871309, -0.53135037, 0.25199878, -32.08014679, -16.98844719, 70.11821747, -58.81321335, 27.53580856, -109.96784210, 94.58862305, -48.26945496, 175.60647583, 0.27652064, 0.30282018, 0.65948862, 0.63000876, -0.07722867, -0.13363726, -0.20113851, 99.96700287, 113.66096497, 32.41999817, 0.00000000
1, 15.5650, 1632, -0.65181088, -0.51122940, 0.29109758, -24.05708885, -22.94271660, 64.16065979, -58.81321335, 27.53580856, -109.96784210, 94.62654877, -48.58053207, 175.39608765, 0.27731284, 0.30558380, 0.65825498, 0.62961620, -0.09792652, -0.14966023, -0.24027282, 99.96700287, 113.66096497, 32.41999817, 0.00000000
1, 15.5700, 1633, -0.67431897, -0.55208707, 0.29668030, -21.27503395, -30.88397598, 57.83687973, -59.01782990, 27.76965714, -109.61707306, 94.72257996, -48.85672379, 175.12771606, 0.27773732, 0.30834809, 0.65727162, 0.62910849, -0.07872514, -0.10500569, -0.24532874, 99.96700287, 113.66096497, 32.41999817, 0.00000000
1, 15.5750, 1634, -0.68375337, -0.60880888, 0.27839699, -23.18365669, -36.81839752, 48.92162323, -59.01782990, 27.76965714, -109.61707306, 94.84114075, -49.08575439, 174.81771851, 0.27771842, 0.31104118, 0.65642142, 0.62867868, -0.07201559, -0.04497800, -0.22609577, 99.96700287, 113.66096497, 32.41999817, 0.00000000
1, 15.5800, 1635, -0.65146083, -0.65121162, 0.27167997, -29.21512985, -37.64677811, 37.65680695, -59.01782990, 27.76965714, -109.61707306, 94.93090820, -49.25800705, 174.50666809, 0.27728218, 0.31350642, 0.65556300, 0.62854242, -0.10642771, -0.00000871, -0.21844091, 99.96700287, 113.66096497, 32.41999817, 0.00000000
1, 15.5850, 1636, -0.56807435, -0.63549566, 0.27414608, -37.23921204, -35.80873489, 24.86850739, -60.24554062, 28.20812607, -109.82168579, 94.96484375, -49.36720276, 174.21679688, 0.27643573, 0.31565192, 0.65463197, 0.62881178, -0.19124523, -0.01403228, -0.22027305, 99.96700287, 113.66096497, 32.41999817, 0.00000000
1, 15.5900, 1637, -0.45296079, -0.56463361, 0.26988479, -43.53984451, -35.43976212, 11.49746704, -60.24554062, 28.20812607, -109.82168579, 95.03032684, -49.37721252, 173.88298035, 0.27484396, 0.31745270, 0.65403962, 0.62921923, -0.30683833, -0.08427976, -0.21522713, 99.96700287, 113.66096497, 32.41999817, 0.00000000
1, 15.5950, 1638, -0.33236608, -0.45903927, 0.24235927, -47.06069946, -38.49247742, -1.99051440, -59.60245514, 25.28500366, -110.02630615, 95.01753235, -49.35134888, 173.58973694, 0.27304271, 0.31902137, 0.65323192, 0.63004857, -0.42708033, -0.19013579, -0.18694371, 99.96700287, 113.66096497, 32.41999817, 0.00000000
1, 15.6100, 1639, -0.07853855, -0.13603948, 0.11767869, -41.09084320, -62.64133835, -46.17692184, -60.21630859, 27.44811440, -109.35398865, 95.20757294, -48.82743454, 172.44387817, 0.26411942, 0.32238892, 0.65264201, 0.63274384, -0.67526996, -0.51890558, -0.05882233, 99.96700287, 113.66096497, 32.41999817, 0.00000000
1, 15.6150, 1640, -0.04254226, -0.08801305, 0.14013669, -36.76253891, -67.55721283, -59.03808212, -60.21630859, 27.44811440, -109.35398865, 95.37517548, -48.50333023, 171.97489929, 0.26004690, 0.32300395, 0.65322459, 0.63351536, -0.70778406, -0.57081705, -0.07892869, 99.96700287, 113.66096497, 32.41999817, 0.00000000
1, 15.6200, 1641, -0.01550627, -0.06002866, 0.18512866, -31.93835258, -72.29545593, -71.86625671, -60.42092896, 27.74042702, -108.82782745, 95.58086395, -48.11206436, 171.48445129, 0.25554645, 0.32332394, 0.65416163, 0.63421631, -0.73059249, -0.60352552, -0.12108666, 99.96700287, 113.66096497, 32.41999817, 0.00000000
1, 15.6250, 1642, -0.00441197, -0.04770772, 0.24219449, -27.99212837, -77.85388947, -84.21209717, -60.42092896, 27.74042702, -108.82782745, 95.82291412, -47.65533066, 170.96806335, 0.25059423, 0.32339439, 0.65542746, 0.63484925, -0.73668230, -0.62135708, -0.17482647, 99.96700287, 113.66096497, 32.41999817, 0.00000000
1, 15.6300, 1643, -0.00764625, -0.04118875, 0.28686118, -25.71536446, -83.50598145, -96.15333557, -60.42092896, 27.74042702, -108.82782745, 96.09142303, -47.13475037, 170.42698669, 0.24517345, 0.32324654, 0.65696681, 0.63544971, -0.72760975, -0.63409352, -0.21574262, 99.96700287, 113.66096497, 32.41999817, 0.00000000
1, 15.6350, 1644, -0.04594018, -0.05761735, 0.30798405, -23.28935623, -86.69425964, -107.65217590, -60.65477753, 27.53580856, -108.27243042, 96.37199402, -46.55351639, 169.88095093, 0.23936720, 0.32282108, 0.65874630, 0.63603717, -0.68262511, -0.62452841, -0.23291656, 99.96700287, 113.66096497, 32.41999817, 0.00000000
1, 15.6400, 1645, -0.10959833, -0.08036315, 0.30822951, -20.15085983, -86.86420441, -118.38708496, -60.65477753, 27.53580856, -108.27243042, 96.70391846, -45.91694260, 169.31480408, 0.23322935, 0.32215726, 0.66092521, 0.63639355, -0.61146605, -0.60919189, -0.22880486, 99.96700287, 113.66096497, 32.41999817, 0.00000000
1, 15.6450, 1646, -0.17907269, -0.11156105, 0.29137859, -16.24787140, -85.31091309, -128.07415771, -59.98246002, 25.37269783, -107.68781281, 96.97659302, -45.23109818, 168.81706238, 0.22697364, 0.32100505, 0.66311842, 0.63695586, -0.53374100, -0.58590114, -0.20754948, 99.96700287, 113.66096497, 32.41999817, 0.00000000
1, 15.6500, 1647, -0.24980427, -0.14861357, 0.27478036, -12.20387554, -83.40016174, -136.63282776, -59.98246002, 25.37269783, -107.68781281, 97.24286652, -44.50226974, 168.35079956, 0.22058022, 0.31949714, 0.66549331, 0.63748306, -0.45410860, -0.55722272, -0.18681875, 99.96700287, 113.66096497, 32.41999817, 0.00000000
1, 15.6550, 1648, -0.33870891, -0.20574793, 0.27345613, -8.76684761, -81.06645966, -144.15716553, -59.98246002, 25.37269783, -107.68781281, 97.49863434, -43.73605728, 167.91787720, 0.21408103, 0.31765664, 0.66801220, 0.63798386, -0.35574621, -0.50882930, -0.18143266, 99.96700287, 113.66096497, 32.41999817, 0.00000000
1, 15.6700, 1649, -0.45509559, -0.35614443, 0.32759863, -9.41734028, -68.11675262, -168.90254211, -58.84244156, 24.64191818, -106.86933899, 98.07389832, -41.19332123, 166.88874817, 0.19384731, 0.30981541, 0.67591274, 0.63998407, -0.20724155, -0.38693908, -0.22442588, 99.96700287, 113.66096497, 32.41999817, 0.00000000
1, 15.6750, 1650, -0.45079595, -0.38409522, 0.32417586, -13.03995991, -64.41025543, -176.65483093, -58.84244156, 24.64191818, -106.86933899, 98.17491150, -40.27389145, 166.63073730, 0.18682159, 0.30651972, 0.67844713, 0.64097816, -0.19953623, -0.36908302, -0.21809946, 99.96700287, 113.66096497, 32.41999817, 0.00000000
1, 15.6800, 1651, -0.43170109, -0.39000669, 0.30352437, -17.17491150, -59.64891052, -185.00639343, -58.84244156, 24.64191818, -106.86933899, 98.22410583, -39.31625748, 166.41618347, 0.17963418, 0.30285642, 0.68089062, 0.64218193, -0.20590900, -0.37355357, -0.19506960, 99.96700287, 113.66096497, 32.41999817, 0.00000000
1, 15.6850, 1652, -0.40462968, -0.38606843, 0.26651868, -21.72272110, -53.11330414, -193.41554260, -58.75474930, 23.73575020, -106.22624969, 98.21469116, -38.32161713, 166.25418091, 0.17233114, 0.29877356, 0.68321514, 0.64362520, -0.21953435, -0.38814718, -0.15636376, 99.96700287, 113.66096497, 32.41999817, 0.00000000
1, 15.6900, 1653, -0.36567000, -0.38320437, 0.22398534, -25.86063004, -45.18070602, -201.83168030, -58.75474930, 23.73575020, -106.22624969, 98.16510773, -37.29415894, 166.13945007, 0.16496439, 0.29428130, 0.68548656, 0.64520818, -0.24437270, -0.40189090, -0.11277257, 99.96700287, 113.66096497, 32.41999817, 0.00000000
1, 15.6950, 1654, -0.32286042, -0.37861562, 0.18955271, -28.64841461, -37.25752640, -210.82606506, -57.93627548, 20.84185982, -106.51856232, 98.04737091, -36.22470093, 166.09254456, 0.15752651, 0.28923494, 0.68761116, 0.64708549, -0.27235407, -0.41762048, -0.07799392, 99.96700287, 113.66096497, 32.41999817, 0.00000000
1, 15.7000, 1655, -0.28445172, -0.37802079, 0.16234502, -29.42637444, -30.94179726, -220.34004211, -57.93627548, 20.84185982, -106.51856232, 97.89916229, -35.11256409, 166.08973694, 0.14998406, 0.28370401, 0.68972635, 0.64907205, -0.29513282, -0.42962185, -0.05110034, 99.96700287, 113.66096497, 32.41999817, 0.00000000
1, 15.7050, 1656, -0.24308416, -0.38462505, 0.14731652, -28.86463928, -26.59844398, -229.91806030, -57.93627548, 20.84185982, -106.51856232, 97.73641968, -33.95590210, 166.11723328, 0.14229201, 0.27773023, 0.69187832, 0.65109402, -0.32005340, -0.43461144, -0.03669056, 99.96700287, 113.66096497, 32.41999817, 0.00000000
1, 15.7100, 1657, -0.21818471, -0.39722997, 0.14911090, -27.68137932, -23.64373779, -239.46701050, -57.00087738, 20.14031029, -106.66471863, 97.56856537, -32.75377274, 166.16542053, 0.13441598, 0.27134740, 0.69408631, 0.65310585, -0.32765558, -0.43374738, -0.03930453, 99.96700287, 113.66096497, 32.41999817, 0.00000000
1, 15.7150, 1658, -0.19814770, -0.42263061, 0.15255108, -25.67945862, -21.06525040, -250.47244263, -57.00087738, 20.14031029, -106.66471863, 97.40155792, -31.49858284, 166.23222351, 0.12631117, 0.26451486, 0.69638509, 0.65507656, -0.32944012, -0.42017967, -0.04366514, 99.96700287, 113.66096497, 32.41999817, 0.00000000
1, 15.7400, 1659, -0.28231359, -0.59995568, 0.12726626, -16.03427696, -1.65258086, -292.75598145, -54.31160355, 17.68488693, -106.28471375, 96.56215668, -24.60607338, 166.91696167, 0.08394037, 0.22395995, 0.70837379, 0.66408032, -0.14016414, -0.30074763, -0.02477641, 99.96700287, 113.66096497, 32.41999817, 0.00000000
1, 15.7450, 1660, -0.33563614, -0.65457129, 0.10819744, -12.93550968, 2.55438662, -298.61895752, -52.09003067, 16.01870728, -106.43087006, 96.41461945, -23.12387085, 167.11259460, 0.07521170, 0.21470276, 0.71082753, 0.66556007, -0.06331176, -0.25687063, -0.00707944, 99.96700287, 113.66096497, 32.41999817, 0.00000000
1, 15.7500, 1661, -0.37985492, -0.71445215, 0.12896533, -8.91311264, 4.25947905, -302.94094849, -52.09003067, 16.01870728, -106.43087006, 96.28964233, -21.62064934, 167.31398010, 0.06643433, 0.20521167, 0.71331012, 0.66683090, 0.00497156, -0.20730665, -0.02902868, 99.96700287, 113.66096497, 32.41999817, 0.00000000
1, 15.7550, 1662, -0.40481427, -0.78042340, 0.16831969, -5.66009998, 5.25620031, -305.58752441, -50.86231995, 15.02484608, -106.57702637, 96.18527985, -20.10438347, 167.51690674, 0.05762804, 0.19556321, 0.71578223, 0.66789961, 0.05445126, -0.15110481, -0.06926909, 99.96700287, 113.66096497, 32.41999817, 0.00000000
1, 15.7600, 1663, -0.38809931, -0.83499944, 0.19245425, -3.57259727, 5.61174107, -308.05929565, -50.86231995, 15.02484608, -106.57702637, 96.09683228, -18.57568741, 167.71841431, 0.04876798, 0.18578699, 0.71820682, 0.66879296, 0.06273745, -0.10566302, -0.09399775, 99.96700287, 113.66096497, 32.41999817, 0.00000000
1, 15.7650, 1664, -0.35761386, -0.85754061, 0.20272017, -1.36867654, 5.04090405, -311.08035278, -50.86231995, 15.02484608, -106.57702637, 96.02613831, -17.03137398, 167.91455078, 0.03981046, 0.17589410, 0.72059011, 0.66949707, 0.05776148, -0.09161326, -0.10457717, 99.96700287, 113.66096497, 32.41999817, 0.00000000
1, 15.7700, 1665, -0.30631697, -0.93391573, 0.17941295, 2.57224917, 4.43537426, -316.40280151, -48.40689850, 12.51096153, -106.05085754, 95.98120117, -15.46004486, 168.10713196, 0.03070046, 0.16581196, 0.72299516, 0.66995668, 0.03265810, -0.02305688, -0.08131415, 99.96700287, 113.66096497, 32.41999817, 0.00000000
1, 15.7750, 1666, -0.28853306, -0.99471843, 0.16332819, 7.00624990, 4.47062302, -320.66467285, -48.40689850, 12.51096153, -106.05085754, 95.96347809, -13.86737061, 168.29974365, 0.02149214, 0.15555656, 0.72542065, 0.67015314, 0.04166903, 0.03056488, -0.06498417, 99.96700287, 113.66096497, 32.41999817, 0.00000000
1, 15.8100, 1667, -0.17425907, -1.60861015, 0.19750851, 60.14665222, -6.02460670, -340.48440552, -41.74217987, 9.09090900, -105.40777588, 97.04129028, -2.13598990, 169.51420593, -0.04660837, 0.08074230, 0.74480212, 0.66074067, 0.12910521, 0.61668766, -0.07939295, 99.96700287, 113.66096497, 32.41999817, 0.00000000
1, 15.8150, 1668, -0.15327077, -1.72984850, 0.26216298, 60.47952652, -1.59100449, -342.24072266, -41.74217987, 9.09090900, -105.40777588, 97.33494568, -0.43620926, 169.71783447, -0.05633299, 0.06978980, 0.74763769, 0.65802276, 0.13757333, 0.73758042, -0.13897413, 99.96700287, 113.66096497, 32.41999817, 0.00000000
1, 15.8200, 1669, -0.15946226, -1.76113892, 0.28604448, 49.88239670, 5.83266830, -347.71252441, -40.25138855, 7.30780458, -105.70008850, 97.58200073, 1.28481948, 169.96983337, -0.06599091, 0.05840353, 0.75002974, 0.65550709, 0.17362157, 0.76941705, -0.15839814, 99.96700287, 113.66096497, 32.41999817, 0.00000000
1, 15.8250, 1670, -0.13318676, -1.86855173, 0.26584992, 36.52099609, 15.73629951, -351.54766846, -40.25138855, 7.30780458, -105.70008850, 97.77201080, 3.01718378, 170.28015137, -0.07545283, 0.04655725, 0.75190043, 0.65328795, 0.17761388, 0.87823147, -0.13492131, 99.96700287, 113.66096497, 32.41999817, 0.00000000
1, 15.8300, 1671, -0.08869617, -1.92395139, 0.29097000, 26.75130081, 23.65869522, -351.33963013, -37.12364578, 7.77550411, -104.94007111, 97.92564392, 4.74208450, 170.63549805, -0.08464944, 0.03444843, 0.75333989, 0.65125018, 0.16314895, 0.93578100, -0.15738600, 99.96700287, 113.66096497, 32.41999817, 0.00000000
1, 15.8350, 1672, 0.13378985, -2.00110555, 0.36524868, 15.47688580, 29.20069313, -352.64135742, -37.12364578, 7.77550411, -104.94007111, 98.03659821, 6.46872330, 171.02400208, -0.09369866, 0.02209093, 0.75430071, 0.64943290, -0.02954215, 1.01578069, -0.22962072, 99.96700287, 113.66096497, 32.41999817, 0.00000000
1, 15.8400, 1673, 0.15186141, -2.04471231, 0.35442394, 1.98875988, 21.66749191, -349.80999756, -37.12364578, 7.77550411, -104.94007111, 98.08760834, 8.18380928, 171.37692261, -0.10289026, 0.00999154, 0.75467026, 0.64790952, -0.01777354, 1.06314635, -0.21811441, 99.96700287, 113.66096497, 32.41999817, 0.00000000
1, 15.8450, 1674, -0.26082242, -2.00503373, 0.19006522, -21.71829605, 11.37261009, -337.09973145, -34.55130005, 5.84624386, -105.23238373, 98.02076721, 9.84484959, 171.67044067, -0.11205948, -0.00151631, 0.75414592, 0.64707363, 0.42424786, 1.02797699, -0.05595426, 99.96700287, 113.66096497, 32.41999817, 0.00000000
1, 15.8500, 1675, -0.51942790, -1.86421442, -0.03099358, -33.33158112, 9.57049847, -325.60290527, -34.55130005, 5.84624386, -105.23238373, 97.90087128, 11.45055485, 171.94534302, -0.12093906, -0.01264967, 0.75312787, 0.64653867, 0.71119642, 0.89222020, 0.16205367, 99.96700287, 113.66096497, 32.41999817, 0.00000000
1, 15.8550, 1676, -0.72516060, -1.69336951, -0.12370067, -24.79199219, 15.74926567, -309.93106079, -32.27126694, 6.92779875, -105.32008362, 97.83536530, 12.97500896, 172.23948669, -0.12915564, -0.02339576, 0.75224704, 0.64567482, 0.94360876, 0.72681332, 0.25234878, 99.96700287, 113.66096497, 32.41999817, 0.00000000
1, 15.8750, 1677, -0.90134424, -1.67640960, 0.10276674, -5.38388777, 24.27776146, -223.78153992, -29.61122513, 6.28471184, -105.05699921, 98.00368500, 17.94261169, 173.52896118, -0.15407917, -0.06006226, 0.75008327, 0.64033383, 1.20469534, 0.73271000, 0.02471472, 99.96700287, 113.66096497, 32.41999817, 0.00000000
1, 15.8800, 1678, -0.79861230, -1.62998319, 0.26766577, -10.71394157, 15.85490704, -206.98423767, -27.79888916, 7.13241720, -105.17392731, 98.02124023, 18.95659256, 173.76203918, -0.15931830, -0.06734305, 0.74930024, 0.63924319, 1.11866856, 0.69164312, -0.14019334, 99.96700287, 113.66096497, 32.41999817, 0.00000000
1, 15.8850, 1679, -0.72234774, -1.52651727, 0.31204626, -11.60125923, 7.80721903, -189.70877075, -27.79888916, 7.13241720, -105.17392731, 98.02062225, 19.89053535, 173.94171143, -0.16432309, -0.07383546, 0.74843240, 0.63827527, 1.05795038, 0.59350049, -0.18494618, 99.96700287, 113.66096497, 32.41999817, 0.00000000
1, 15.8900, 1680, -0.51990503, -1.30691206, 0.43819177, -13.83274078, -21.24216270, -171.54972839, -27.79888916, 7.13241720, -105.17392731, 97.96860504, 20.71270561, 173.96128845, -0.16945817, -0.07871657, 0.74742126, 0.63753366, 0.86936247, 0.37873137, -0.31155580, 99.96700287, 113.66096497, 32.41999817, 0.00000000
1, 15.8950, 1681, -0.45442683, -1.06693089, 0.51726365, -23.68367386, -49.90991974, -154.61662292, -26.95118332, 6.51856184, -104.85237885, 97.79307556, 21.51217079, 173.80853271, -0.17530376, -0.08253534, 0.74583030, 0.63733333, 0.81665993, 0.14322041, -0.39299840, 99.96700287, 113.66096497, 32.41999817, 0.00000000
1, 15.9000, 1682, -0.57571697, -0.76720810, 0.39609271, -27.16620445, -69.31928253, -135.09022522, -26.95118332, 6.51856184, -104.85237885, 97.55333710, 22.22707939, 173.53428650, -0.18121526, -0.08520026, 0.74403054, 0.63743287, 0.95020735, -0.15209627, -0.27598128, 99.96700287, 113.66096497, 32.41999817, 0.00000000
1, 15.9050, 1683, -0.74876648, -0.52237439, 0.16684917, -14.97887516, -64.27714539, -117.17845917, -26.01578522, 6.98626137, -105.34931183, 97.37591553, 22.84915733, 173.27049255, -0.18650363, -0.08732540, 0.74264830, 0.63723165, 1.13424861, -0.39272696, -0.05055212, 99.96700287, 113.66096497, 32.41999817, 0.00000000
1, 15.9100, 1684, -0.76595086, -0.40310654, 0.05081257, 9.04952049, -38.18659210, -98.31983948, -26.01578522, 6.98626137, -105.34931183, 97.36573029, 23.36106300, 173.13221741, -0.19051072, -0.08937049, 0.74219888, 0.63628572, 1.16041434, -0.50826722, 0.06427704, 99.96700287, 113.66096497, 32.41999817, 0.00000000
1, 15.9150, 1685, -0.64160973, -0.46283934, 0.15759090, 32.71009827, -21.75986671, -74.56927490, -26.01578522, 6.98626137, -105.34931183, 97.50207520, 23.74514389, 173.06645203, -0.19341670, -0.09090792, 0.74262393, 0.63469326, 1.04247808, -0.44562364, -0.04098963, 99.96700287, 113.66096497, 32.41999817, 0.00000000
1, 15.9200, 1686, -0.52698219, -0.65702045, 0.18647429, 43.48725510, -15.72644234, -47.60753632, -25.63577843, 6.54779291, -105.20315552, 97.69818878, 23.99193573, 173.01524353, -0.19542088, -0.09164882, 0.74349922, 0.63294566, 0.93228483, -0.24913222, -0.06723856, 99.96700287, 113.66096497, 32.41999817, 0.00000000
1, 15.9400, 1687, -0.45847207, -1.15186632, -0.05098460, 32.89558411, 13.72462082, 60.34875107, -25.37269783, 6.69394922, -104.32621765, 98.51967621, 23.45723724, 173.25143433, -0.19136181, -0.08876926, 0.74838001, 0.62883073, 0.85871470, 0.24553195, 0.18325809, 99.96700287, 113.66096497, 32.41999817, 0.00000000
1, 15.9450, 1688, -0.55746329, -1.20028269, 0.02091400, 29.13459969, 4.05426168, 86.20989990, -25.46039200, 4.06313944, -104.32621765, 98.64772797, 23.02828026, 173.20402527, -0.18897390, -0.08582600, 0.74954802, 0.62857032, 0.95040673, 0.29109174, 0.11350915, 99.96700287, 113.66096497, 32.41999817, 0.00000000
1, 15.9500, 1689, -0.56164032, -1.25161409, 0.04250886, 25.37080956, 4.73034334, 104.71138000, -25.46039200, 4.06313944, -104.32621765, 98.75282288, 22.50740242, 173.14443970, -0.18603778, -0.08232574, 0.75067484, 0.62856954, 0.94651705, 0.33931294, 0.09409480, 99.96700287, 113.66096497, 32.41999817, 0.00000000
1, 15.9550, 1690, -0.51903611, -1.31092262, 0.02582512, 19.02963638, 6.52503014, 122.11561584, -26.65887070, 5.96316862, -103.56620789, 98.82497406, 21.89915276, 173.07957458, -0.18253691, -0.07835398, 0.75168717, 0.62889379, 0.89448464, 0.39500120, 0.11267321, 99.96700287, 113.66096497, 32.41999817, 0.00000000
1, 15.9600, 1691, -0.32802257, -1.35572898, 0.05662494, 12.55133057, 7.64813137, 138.41894531, -26.65887070, 5.96316862, -103.56620789, 98.86280060, 21.20944977, 173.00701904, -0.17852239, -0.07392733, 0.75256294, 0.62953442, 0.69253117, 0.43559551, 0.08367418, 99.96700287, 113.66096497, 32.41999817, 0.00000000
1, 15.9650, 1692, 0.06160024, -1.41989636, 0.15679128, 6.74403000, 10.95473099, 149.57806396, -26.65887070, 5.96316862, -103.56620789, 98.87554169, 20.46204567, 172.94284058, -0.17406620, -0.06926737, 0.75331169, 0.63041610, 0.29068461, 0.49509960, -0.01462044, 99.96700287, 113.66096497, 32.41999817, 0.00000000
1, 15.9700, 1693, 0.59291667, -1.54712152, 0.14936106, -4.08219433, 29.80219841, 149.91975403, -27.65273285, 6.86933661, -104.18006134, 98.86882782, 19.69844055, 172.97775269, -0.16894104, -0.06519388, 0.75387323, 0.63157260, -0.25309667, 0.61777550, -0.00540494, 99.96700287, 113.66096497, 32.41999817, 0.00000000
1, 15.9750, 1694, 1.14757884, -1.67750466, -0.11838460, -25.12669563, 78.83815765, 136.80979919, -27.65273285, 6.86933661, -104.18006134, 98.84467316, 18.96202469, 173.28001404, -0.16249800, -0.06305554, 0.75414193, 0.63315749, -0.81935620, 0.74425250, 0.26385993, 99.96700287, 113.66096497, 32.41999817, 0.00000000
1, 15.9800, 1695, 1.60613668, -1.70693362, -0.51563340, -46.04346085, 131.01249695, 119.21621704, -28.23735809, 6.86933661, -103.82929230, 98.80336761, 18.27286339, 173.86759949, -0.15475917, -0.06308298, 0.75411111, 0.63512731, -1.28851271, 0.77034068, 0.66219223, 99.96700287, 113.66096497, 32.41999817, 0.00000000
1, 15.9850, 1696, 1.96030033, -1.69552040, -0.92071968, -48.53791428, 120.04450226, 107.91005707, -28.23735809, 6.86933661, -103.82929230, 98.72809601, 17.64833260, 174.40574646, -0.14767779, -0.06319018, 0.75386250, 0.63709480, -1.65232658, 0.75598252, 1.06766415, 99.96700287, 113.66096497, 32.41999817, 0.00000000
1, 16.0250, 1697, -1.11675549, -1.36724246, 0.07290868, 60.09368515, -210.24131775, 198.51834106, -32.18357086, 6.92779875, -103.97544098, 97.30266571, 12.81801224, 165.91029358, -0.16368359, 0.01830862, 0.74942392, 0.64127719, 1.34214556, 0.40077278, 0.04564471, 99.96700287, 113.66096497, 32.41999817, 0.00000000
1, 16.0300, 1698, -0.80621654, -1.49752152, 0.33980757, 71.85607147, -162.66073608, 210.08850098, -34.60976410, 6.75241137, -103.15696716, 97.45849609, 11.87994194, 164.94824219, -0.16303980, 0.03023851, 0.75006610, 0.64023793, 1.01530218, 0.52742755, -0.21813321, 99.96700287, 113.66096497, 32.41999817, 0.00000000
1, 16.0350, 1699, -0.45137393, -1.58003473, 0.44428128, 76.25053406, -118.96659088, 215.45556641, -34.60976410, 6.75241137, -103.15696716, 97.69520569, 10.89018440, 164.20364380, -0.16079104, 0.04114778, 0.75103438, 0.63906235, 0.64346206, 0.60685098, -0.31765494, 99.96700287, 113.66096497, 32.41999817, 0.00000000
1, 16.0400, 1700, -0.24086489, -1.52304125, 0.31678426, 71.73699188, -86.92353821, 215.40045166, -36.15901566, 6.98626137, -102.77696228, 97.95272064, 9.86968994, 163.61921692, -0.15739912, 0.05119454, 0.75201929, 0.63802171, 0.41591820, 0.54742676, -0.18478806, 99.96700287, 113.66096497, 32.41999817, 0.00000000
1, 16.0450, 1701, -0.23119129, -1.23946476, 0.11583089, 64.44283295, -61.93443298, 207.78157043, -36.15901566, 6.98626137, -102.77696228, 98.20295715, 8.88464069, 163.16224670, -0.15348479, 0.06016877, 0.75290340, 0.63714892, 0.38953549, 0.26189598, 0.02137899, 99.96700287, 113.66096497, 32.41999817, 0.00000000
1, 16.0500, 1702, -0.30648774, -0.73778057, 0.14770024, 61.38475418, -46.22669220, 186.28727722, -36.15901566, 6.98626137, -102.77696228, 98.45848083, 7.99666357, 162.79627991, -0.14964782, 0.06797413, 0.75379729, 0.63621902, 0.44884837, -0.24161467, -0.00519251, 99.96700287, 113.66096497, 32.41999817, 0.00000000
1, 16.0550, 1703, -0.32309657, -0.49730822, 0.34119463, 56.88407135, -40.60181046, 164.95661926, -38.00058365, 7.30780458, -101.87079620, 98.70189667, 7.21157598, 162.47100830, -0.14622284, 0.07488874, 0.75461233, 0.63527226, 0.45095348, -0.48366046, -0.19374099, 99.96700287, 113.66096497, 32.41999817, 0.00000000
1, 16.0600, 1704, -0.32045302, -0.20266107, 0.71417063, 45.12693024, -41.63872528, 139.91407776, -38.00058365, 7.30780458, -101.87079620, 98.89171600, 6.55214453, 162.15716553, -0.14355773, 0.08093044, 0.75513506, 0.63451755, 0.43554372, -0.77983397, -0.56253254, 99.96700287, 113.66096497, 32.41999817, 0.00000000
1, 16.0650, 1705, -0.34511465, -0.02914503, 0.93758923, 26.66242981, -50.21210480, 126.13423920, -39.02367783, 6.40163708, -102.13388062, 98.98879242, 5.96796608, 161.81002808, -0.14161557, 0.08663902, 0.75510973, 0.63423038, 0.44922060, -0.95454371, -0.78343296, 99.96700287, 113.66096497, 32.41999817, 0.00000000
1, 16.0700, 1706, -0.46700880, 0.17346984, 0.94303620, 8.94959736, -58.56542969, 115.08412170, -39.02367783, 6.40163708, -102.13388062, 98.99722290, 5.44490480, 161.42980957, -0.14031528, 0.09210449, 0.75455749, 0.63440645, 0.56176031, -1.15803909, -0.78824276, 99.96700287, 113.66096497, 32.41999817, 0.00000000
1, 16.0900, 1707, -0.76752853, -0.26691243, 0.98924905, 59.40787888, -34.15187454, 101.31829834, -40.86524200, 6.84010506, -100.76000977, 99.65069580, 3.55435300, 160.15278625, -0.13446520, 0.11190750, 0.75573534, 0.63107854, 0.82959580, -0.71879578, -0.82605934, 99.96700287, 113.66096497, 32.41999817, 0.00000000
1, 16.0950, 1708, -0.76184118, -0.61275125, 0.88324398, 61.58126831, -19.40205765, 102.90407562, -40.86524200, 6.84010506, -100.76000977, 99.94929504, 3.06428576, 159.97023010, -0.13196531, 0.11618766, 0.75681233, 0.62954009, 0.81524611, -0.37235513, -0.71491063, 99.96700287, 113.66096497, 32.41999817, 0.00000000
1, 16.1000, 1709, -0.75050640, -0.89640510, 0.67627662, 57.48423767, -1.75324690, 100.43251801, -40.86524200, 6.84010506, -100.76000977, 100.23320770, 2.57195187, 159.87443542, -0.12896848, 0.11987425, 0.75787061, 0.62819535, 0.79583150, -0.08792017, -0.50333971, 99.96700287, 113.66096497, 32.41999817, 0.00000000
1, 16.1050, 1710, -0.72496349, -1.14913285, 0.34813952, 50.49792480, 12.98007488, 95.01891327, -42.18064880, 7.33703566, -100.67231750, 100.48601532, 2.09349322, 159.85369873, -0.12566681, 0.12293582, 0.75883037, 0.62711334, 0.76268703, 0.16580351, -0.17101228, 99.96700287, 113.66096497, 32.41999817, 0.00000000
1, 16.1100, 1711, -0.69569588, -1.33788383, 0.29042339, 44.85219574, 19.72178459, 89.25754547, -42.18064880, 7.33703566, -100.67231750, 100.71183777, 1.63723409, 159.86936951, -0.12232761, 0.12558888, 0.75968683, 0.62621039, 0.72545135, 0.35512292, -0.10945018, 99.96700287, 113.66096497, 32.41999817, 0.00000000
1, 16.1150, 1712, -0.63397479, -1.56962752, 0.30640593, 35.50270081, 23.16699791, 80.16985321, -41.97602844, 7.71704149, -100.29231262, 100.89131927, 1.22227693, 159.90879822, -0.11917171, 0.12779513, 0.76034200, 0.62557697, 0.65630835, 0.58726138, -0.12237807, 99.96700287, 113.66096497, 32.41999817, 0.00000000
1, 16.1200, 1713, -0.56192005, -1.71073985, 0.35361105, 24.47862434, 27.18885612, 72.58940887, -41.97602844, 7.71704149, -100.29231262, 101.01576233, 0.84050900, 159.97398376, -0.11614906, 0.12958200, 0.76074797, 0.62528437, 0.57733482, 0.72862542, -0.16721888, 99.96700287, 113.66096497, 32.41999817, 0.00000000
1, 16.1250, 1714, -0.49909174, -1.75739515, 0.29112631, 11.12447834, 38.38807297, 64.08804321, -41.97602844, 7.71704149, -100.29231262, 101.07362366, 0.48957184, 160.10156250, -0.11306100, 0.13071278, 0.76088470, 0.62544858, 0.50839794, 0.77554893, -0.10337023, 99.96700287, 113.66096497, 32.41999817, 0.00000000
1, 16.1300, 1715, -0.43739644, -1.69985461, 0.08011889, 2.45967364, 53.00502396, 55.64348221, -42.76527405, 6.02163124, -101.08155060, 101.08778381, 0.16596876, 160.30870056, -0.10976680, 0.13112016, 0.76089633, 0.62593579, 0.44147551, 0.71839011, 0.10828093, 99.96700287, 113.66096497, 32.41999817, 0.00000000
1, 16.1350, 1716, -0.38978490, -1.55339921, -0.17834651, 3.68795037, 67.90925598, 50.40979385, -42.76527405, 6.02163124, -101.08155060, 101.10686493, -0.14619784, 160.59391785, -0.10611348, 0.13095005, 0.76103312, 0.62643498, 0.38902831, 0.57240015, 0.36735997, 99.96700287, 113.66096497, 32.41999817, 0.00000000
1, 16.1750, 1717, 0.17188233, -0.79190075, 0.13290185, 15.41236210, -24.59603500, 52.78768921, -43.87606049, 6.51856184, -100.78924561, 101.66941071, -2.44606948, 161.65428162, -0.08431942, 0.13687776, 0.76308870, 0.62597966, -0.21388391, -0.18687800, 0.06792928, 99.96700287, 113.66096497, 32.41999817, 0.00000000
1, 16.1800, 1718, 0.03871652, -0.84614718, 0.09903856, 19.36159706, -41.76129532, 55.37781906, -43.81759644, 6.84010506, -100.81847382, 101.77855682, -2.67494130, 161.39372253, -0.08407689, 0.13993149, 0.76313341, 0.62528223, -0.08464179, -0.13203980, 0.10309848, 99.96700287, 113.66096497, 32.41999817, 0.00000000
1, 16.1850, 1719, -0.05544887, -0.92412806, 0.14943911, 20.71029282, -44.43485641, 55.50723267, -43.81759644, 6.84010506, -100.81847382, 101.89614868, -2.90119171, 161.11944580, -0.08391072, 0.14306599, 0.76319659, 0.62451762, 0.00544057, -0.05353883, 0.05429666, 99.96700287, 113.66096497, 32.41999817, 0.00000000
1, 16.1900, 1720, -0.10980235, -0.97936881, 0.26819441, 17.94565964, -42.77068710, 53.37381363, -45.16223145, 9.20783424, -100.43846893, 102.01617432, -3.12972975, 160.85430908, -0.08367032, 0.14615102, 0.76326817, 0.62374759, 0.05556621, 0.00212567, -0.06273904, 99.96700287, 113.66096497, 32.41999817, 0.00000000
1, 16.1950, 1721, -0.16382140, -0.99804246, 0.37084603, 13.67820263, -43.50191498, 50.36116409, -45.16223145, 9.20783424, -100.43846893, 102.10012817, -3.33081174, 160.58894348, -0.08365633, 0.14906096, 0.76316047, 0.62319231, 0.10565165, 0.02118133, -0.16395080, 99.96700287, 113.66096497, 32.41999817, 0.00000000
1, 16.2000, 1722, -0.23025650, -0.98971939, 0.40391141, 11.61584663, -44.21518326, 47.39097595, -45.16223145, 9.20783424, -100.43846893, 102.17469025, -3.51628232, 160.32284546, -0.08375955, 0.15188287, 0.76300681, 0.62268507, 0.16870552, 0.01327198, -0.19591469, 99.96700287, 113.66096497, 32.41999817, 0.00000000
1, 16.2050, 1723, -0.31911871, -0.98691058, 0.42175496, 12.06159210, -43.51277542, 44.38755798, -45.13300323, 9.03244686, -99.76615143, 102.25187683, -3.68745685, 160.06304932, -0.08391763, 0.15458621, 0.76288140, 0.62215191, 0.25448433, 0.01089913, -0.21271640, 99.96700287, 113.66096497, 32.41999817, 0.00000000
1, 16.2100, 1724, -0.38788971, -0.99725258, 0.44911268, 12.30395508, -37.72954941, 41.50782394, -45.13300323, 9.03244686, -99.76615143, 102.32894897, -3.85030913, 159.83435059, -0.08395965, 0.15703624, 0.76279777, 0.62163508, 0.32032150, 0.02166616, -0.23898058, 99.96700287, 113.66096497, 32.41999817, 0.00000000
1, 16.2150, 1725, -0.43591902, -1.00894129, 0.47837999, 11.92863560, -27.97566986, 38.41514206, -44.84069061, 8.00935364, -99.64922333, 102.40124512, -4.00812578, 159.65644836, -0.08376369, 0.15911616, 0.76275641, 0.62118298, 0.36550894, 0.03376416, -0.26717722, 99.96700287, 113.66096497, 32.41999817, 0.00000000
1, 16.2200, 1726, -0.47664902, -1.02178514, 0.49605858, 11.60792160, -19.97838020, 34.50873566, -44.84069061, 8.00935364, -99.64922333, 102.46929932, -4.15518761, 159.52169800, -0.08340997, 0.16084719, 0.76275975, 0.62078071, 0.40359223, 0.04701643, -0.28384718, 99.96700287, 113.66096497, 32.41999817, 0.00000000
1, 16.2400, 1727, -0.36081299, -0.99760211, 0.34957498, 7.13954639, 23.91792107, 25.27151299, -45.71762466, 7.95089149, -99.15229034, 102.67780304, -4.83026981, 159.56968689, -0.07830841, 0.16426599, 0.76312578, 0.62009978, 0.27703458, 0.02467574, -0.13380203, 99.96700287, 113.66096497, 32.41999817, 0.00000000
1, 16.2450, 1728, -0.30200517, -0.98660696, 0.32347792, 7.18107414, 31.80288696, 23.28569031, -45.71762466, 7.95089149, -99.15229034, 102.70285034, -4.97849131, 159.69996643, -0.07656803, 0.16420200, 0.76326275, 0.62016535, 0.21505791, 0.01415454, -0.10686968, 99.96700287, 113.66096497, 32.41999817, 0.00000000
1, 16.2500, 1729, -0.24010769, -0.98805988, 0.32032925, 6.57465792, 37.54098129, 21.99303818, -45.71762466, 7.95089149, -99.15229034, 102.72192383, -5.12672663, 159.85975647, -0.07467592, 0.16393685, 0.76340920, 0.62028593, 0.15059286, 0.01591257, -0.10326751, 99.96700287, 113.66096497, 32.41999817, 0.00000000
1, 16.2550, 1730, -0.18075232, -0.99216115, 0.31258053, 5.77664232, 41.59300995, 21.22347260, -46.21455765, 8.97398376, -99.00613403, 102.73471069, -5.27569532, 160.04022217, -0.07267526, 0.16353309, 0.76354980, 0.62045705, 0.08867218, 0.02030975, -0.09518462, 99.96700287, 113.66096497, 32.41999817, 0.00000000
1, 16.2600, 1731, -0.13351852, -0.99618709, 0.29904160, 4.74853611, 44.20231628, 20.98328400, -46.21455765, 8.97398376, -99.00613403, 102.74066162, -5.42638588, 160.23377991, -0.07060125, 0.16304661, 0.76366919, 0.62067765, 0.03885992, 0.02462370, -0.08146080, 99.96700287, 113.66096497, 32.41999817, 0.00000000
1, 16.2650, 1732, -0.09095665, -1.00154555, 0.28330487, 3.95191550, 45.31589508, 20.73955154, -46.68225479, 9.26629639, -99.06459808, 102.74155426, -5.57713223, 160.43309021, -0.06850211, 0.16251868, 0.76376843, 0.62092906, -0.00628371, 0.03026051, -0.06564667, 99.96700287, 113.66096497, 32.41999817, 0.00000000
1, 16.2700, 1733, -0.06121752, -1.00497603, 0.26029831, 3.32130933, 44.47895432, 20.55236816, -46.68225479, 9.26629639, -99.06459808, 102.73917389, -5.72604609, 160.62854004, -0.06644005, 0.16200463, 0.76384604, 0.62119210, -0.03856313, 0.03397078, -0.04265932, 99.96700287, 113.66096497, 32.41999817, 0.00000000
1, 16.2750, 1734, -0.02179705, -1.00725615, 0.24408619, 3.43001795, 41.44204712, 20.86417389, -46.68225479, 9.26629639, -99.06459808, 102.73837280, -5.87315321, 160.80880737, -0.06446953, 0.16158307, 0.76391214, 0.62142819, -0.08050057, 0.03652348, -0.02643432, 99.96700287, 113.66096497, 32.41999817, 0.00000000
1, 16.2800, 1735, -0.01054368, -1.00471830, 0.24215546, 3.17776275, 38.88512802, 21.36727715, -46.27301788, 7.42472935, -99.79537964, 102.73719788, -6.01991796, 160.97604370, -0.06257193, 0.16124634, 0.76395762, 0.62165362, -0.09430224, 0.03424429, -0.02454075, 99.96700287, 113.66096497, 32.41999817, 0.00000000
1, 16.2850, 1736, -0.00198647, -0.99299157, 0.23616336, 2.40127707, 35.55765533, 21.85868263, -46.27301788, 7.42472935, -99.79537964, 102.73352051, -6.16543961, 161.12646484, -0.06077693, 0.16101383, 0.76396680, 0.62188065, -0.10537514, 0.02277645, -0.01862356, 99.96700287, 113.66096497, 32.41999817, 0.00000000
1, 16.3050, 1737, -0.02595958, -0.96373236, 0.22248572, 1.59242952, 17.75654411, 24.56432533, -46.38994217, 9.14937115, -99.64922333, 102.73613739, -6.68640518, 161.50332642, -0.05520245, 0.16126682, 0.76385456, 0.62247258, -0.09043019, -0.00546451, -0.00515644, 99.96700287, 113.66096497, 32.41999817, 0.00000000
1, 16.3100, 1738, -0.04052147, -0.95762455, 0.23960286, 1.22542489, 15.86087322, 25.04959679, -46.38994217, 9.14937115, -99.64922333, 102.73664856, -6.82596302, 161.55364990, -0.05398377, 0.16167183, 0.76375103, 0.62260127, -0.07832670, -0.01131969, -0.02234909, 99.96700287, 113.66096497, 32.41999817, 0.00000000
1, 16.3150, 1739, -0.06357272, -0.95599151, 0.25951445, 0.88843328, 14.38739204, 25.36928558, -46.44840622, 9.20783424, -99.85384369, 102.73627472, -6.96546793, 161.59638977, -0.05280767, 0.16212653, 0.76363152, 0.62273061, -0.05774376, -0.01270264, -0.04238474, 99.96700287, 113.66096497, 32.41999817, 0.00000000
1, 16.3200, 1740, -0.09666597, -0.95437872, 0.27593550, 0.72485572, 13.20231056, 25.34312248, -46.44840622, 9.20783424, -99.85384369, 102.73567963, -7.10353899, 161.63334656, -0.05167285, 0.16261190, 0.76350373, 0.62285596, -0.02709102, -0.01405672, -0.05895779, 99.96700287, 113.66096497, 32.41999817, 0.00000000
1, 16.3250, 1741, -0.13601829, -0.95977080, 0.27553326, 0.90496892, 12.93376255, 24.98390579, -46.44840622, 9.20783424, -99.85384369, 102.73600769, -7.23957253, 161.66940308, -0.05055534, 0.16309284, 0.76338148, 0.62297165, 0.00989672, -0.00837508, -0.05872759, 99.96700287, 113.66096497, 32.41999817, 0.00000000
1, 16.3300, 1742, -0.19859777, -0.97298121, 0.27408084, 1.24625123, 14.02684689, 24.54993820, -47.12072372, 9.73399544, -100.08769226, 102.73719788, -7.37468576, 161.71131897, -0.04941081, 0.16353011, 0.76327288, 0.62308186, 0.07013843, 0.00513281, -0.05750170, 99.96700287, 113.66096497, 32.41999817, 0.00000000
1, 16.3350, 1743, -0.22419329, -0.97737801, 0.28112474, 1.48102748, 18.07637978, 24.25789833, -47.12072372, 9.73399544, -100.08769226, 102.73685455, -7.51280451, 161.77348328, -0.04813783, 0.16384758, 0.76318026, 0.62321150, 0.09335347, 0.00981958, -0.06467650, 99.96700287, 113.66096497, 32.41999817, 0.00000000
1, 16.3400, 1744, -0.25593913, -0.98248303, 0.29449248, 1.60929322, 24.98794746, 23.68490982, -47.14995575, 6.57702398, -100.46769714, 102.76059723, -7.69982624, 161.86741638, -0.04632599, 0.16422214, 0.76319981, 0.62322634, 0.12222072, 0.01531103, -0.07803862, 99.96700287, 113.66096497, 32.41999817, 0.00000000
1, 16.3700, 1745, -0.16810927, -0.95343995, 0.24417646, 1.15725660, 49.80020523, 20.11086655, -47.47150040, 9.73399544, -99.91230774, 102.63500977, -8.60645199, 162.94047546, -0.03451569, 0.16183656, 0.76285446, 0.62503660, 0.01850584, -0.01182845, -0.02974676, 99.96700287, 113.66096497, 32.41999817, 0.00000000
1, 16.3750, 1746, -0.14251161, -0.95353377, 0.22702052, 2.04276490, 50.05678558, 19.89539719, -47.64688492, 9.82168961, -100.43846893, 102.61145020, -8.75783634, 163.16581726, -0.03229329, 0.16113251, 0.76284492, 0.62534887, -0.00966222, -0.01141129, -0.01302699, 99.96700287, 113.66096497, 32.41999817, 0.00000000
1, 16.3800, 1747, -0.12952134, -0.96059144, 0.23042195, 2.49042463, 51.24773788, 19.77787209, -47.64688492, 9.82168961, -100.43846893, 102.58859253, -8.90983772, 163.39730835, -0.03003128, 0.16039175, 0.76284587, 0.62565082, -0.02528076, -0.00404939, -0.01688002, 99.96700287, 113.66096497, 32.41999817, 0.00000000
1, 16.3850, 1748, -0.06832607, -0.96850216, 0.22757290, 1.61818218, 52.83716965, 20.00212097, -47.64688492, 9.82168961, -100.43846893, 102.55957031, -9.06456089, 163.63658142, -0.02771613, 0.15961295, 0.76281905, 0.62598938, -0.08911708, 0.00417236, -0.01443367, 99.96700287, 113.66096497, 32.41999817, 0.00000000
1, 16.3900, 1749, -0.03017970, -0.96402073, 0.22741435, 1.08540833, 50.08865738, 21.13516808, -47.64688492, 9.85092068, -101.08155060, 102.53372192, -9.17646313, 163.85923767, -0.02577674, 0.15871900, 0.76284105, 0.62627274, -0.12957452, -0.00005632, -0.01474028, 99.96700287, 113.66096497, 32.41999817, 0.00000000
1, 16.3950, 1750, -0.02205648, -0.96783733, 0.21564873, 1.46895719, 42.31525803, 22.97802925, -47.64688492, 9.85092068, -101.08155060, 102.51171875, -9.33417988, 164.04351807, -0.02373050, 0.15832545, 0.76277012, 0.62653959, -0.13999999, 0.00406694, -0.00341430, 99.96700287, 113.66096497, 32.41999817, 0.00000000
1, 16.4000, 1751, -0.05265922, -0.97043180, 0.21156752, 1.91416895, 37.98576355, 23.57021332, -47.58842468, 9.90938282, -101.28617096, 102.49503326, -9.49006844, 164.20587158, -0.02180877, 0.15806991, 0.76269954, 0.62675965, -0.11207581, 0.00703713, 0.00020073, 99.96700287, 113.66096497, 32.41999817, 0.00000000
1, 16.4050, 1752, -0.08899198, -0.97328770, 0.20330855, 1.40334177, 36.19575500, 23.95467377, -47.58842468, 9.90938282, -101.28617096, 102.47689056, -9.64587212, 164.35906982, -0.01993944, 0.15787522, 0.76260799, 0.62698257, -0.07840538, 0.01027959, 0.00796688, 99.96700287, 113.66096497, 32.41999817, 0.00000000
1, 16.4100, 1753, -0.12428979, -0.98148978, 0.21504727, 1.14658391, 33.98942184, 24.36103249, -47.58842468, 9.90938282, -101.28617096, 102.45895386, -9.80125237, 164.50100708, -0.01813391, 0.15775371, 0.76250184, 0.62719685, -0.04581175, 0.01884101, -0.00427569, 99.96700287, 113.66096497, 32.41999817, 0.00000000
1, 16.4150, 1754, -0.14838438, -0.98549485, 0.24128976, 1.48350382, 32.63055420, 24.49961472, -47.20841980, 10.20169544, -100.87693787, 102.44349670, -9.95580196, 164.63618469, -0.01636742, 0.15767376, 0.76240063, 0.62738866, -0.02444442, 0.02319492, -0.03095095, 99.96700287, 113.66096497, 32.41999817, 0.00000000
1, 16.4200, 1755, -0.15738600, -0.97689712, 0.24859704, 1.00244772, 34.12905502, 24.29608917, -47.20841980, 10.20169544, -100.87693787, 102.42389679, -10.11093712, 164.77909851, -0.01455991, 0.15754524, 0.76228607, 0.62760466, -0.01812476, 0.01497621, -0.03867336, 99.96700287, 113.66096497, 32.41999817, 0.00000000
1, 16.4400, 1756, -0.22863679, -0.99174643, 0.21385185, 2.76885152, 34.86775970, 23.16954231, -48.14381790, 10.64016342, -101.57848358, 102.35166931, -10.73298931, 165.38186646, -0.00713840, 0.15683892, 0.76189625, 0.62838262, 0.04262332, 0.03150110, -0.00580160, 99.96700287, 113.66096497, 32.41999817, 0.00000000
1, 16.4450, 1757, -0.24513614, -1.00334787, 0.23347977, 2.50944161, 35.67281723, 22.91161728, -48.14381790, 10.64016342, -101.57848358, 102.33587646, -10.88275051, 165.53457642, -0.00530724, 0.15661986, 0.76182020, 0.62854767, 0.05639294, 0.04351535, -0.02584036, 99.96700287, 113.66096497, 32.41999817, 0.00000000
1, 16.4500, 1758, -0.25278980, -1.01940477, 0.26009759, 1.75463259, 39.12924194, 22.30256653, -48.05612183, 10.11400127, -101.90002441, 102.31249237, -11.03316021, 165.70527649, -0.00338317, 0.15628493, 0.76172549, 0.62875903, 0.06140490, 0.05993677, -0.05296280, 99.96700287, 113.66096497, 32.41999817, 0.00000000
1, 16.4550, 1759, -0.25638384, -1.01347685, 0.24005911, 0.77674365, 40.52054977, 22.03270531, -48.05612183, 10.11400127, -101.90002441, 102.28233337, -11.18365097, 165.88336182, -0.00142699, 0.15590213, 0.76160294, 0.62901002, 0.06247433, 0.05442970, -0.03350890, 99.96700287, 113.66096497, 32.41999817, 0.00000000
1, 16.4600, 1760, -0.26588228, -1.00617802, 0.22103916, 1.14972067, 42.05395126, 22.13461304, -48.05612183, 10.11400127, -101.90002441, 102.25205994, -11.33616352, 166.06913757, 0.00058544, 0.15547985, 0.76148677, 0.62925643, 0.06941581, 0.04755525, -0.01512331, 99.96700287, 113.66096497, 32.41999817, 0.00000000
1, 16.4650, 1761, -0.25599909, -1.00376451, 0.22354496, 1.61545837, 44.61194229, 21.66387177, -48.40689850, 10.17246437, -102.48464966, 102.22098541, -11.48896027, 166.26835632, 0.00267291, 0.15497084, 0.76138324, 0.62950176, 0.05691482, 0.04553961, -0.01822604, 99.96700287, 113.66096497, 32.41999817, 0.00000000
1, 16.4700, 1762, -0.23519044, -1.00571382, 0.25721261, 1.64418447, 48.03468323, 21.28940964, -48.40689850, 10.17246437, -102.48464966, 102.18598175, -11.64340687, 166.48527527, 0.00486384, 0.15435444, 0.76127887, 0.62976629, 0.03338907, 0.04783692, -0.05252152, 99.96700287, 113.66096497, 32.41999817, 0.00000000
1, 16.4750, 1763, -0.20208210, -1.00154757, 0.26763427, 1.32660079, 50.71910477, 21.07702065, -48.05612183, 10.96170712, -102.10464478, 102.14599609, -11.79948616, 166.71603394, 0.00713578, 0.15365632, 0.76116234, 0.63005608, -0.00240726, 0.04405155, -0.06362003, 99.96700287, 113.66096497, 32.41999817, 0.00000000
1, 16.4800, 1764, -0.18032883, -0.99806511, 0.26641658, 1.27303493, 52.24703979, 21.25433159, -48.05612183, 10.96170712, -102.10464478, 102.10353851, -11.95785236, 166.95449829, 0.00946286, 0.15292107, 0.76103830, 0.63035411, -0.02685007, 0.04097170, -0.06316378, 99.96700287, 113.66096497, 32.41999817, 0.00000000
1, 16.4850, 1765, -0.15710500, -1.00153601, 0.26189756, 1.75082099, 54.04818726, 21.85201454, -48.05612183, 10.96170712, -102.10464478, 102.06102753, -12.12083721, 167.20158386, 0.01186928, 0.15215479, 0.76091802, 0.63064402, -0.05282509, 0.04487179, -0.05942621, 99.96700287, 113.66096497, 32.41999817, 0.00000000
1, 16.5700, 1766, 0.12322136, -1.08253467, 0.14789994, -5.23768044, 31.69020844, 73.21519470, -48.52382278, 11.25401878, -103.68313599, 100.93716431, -16.44903755, 171.03942871, 0.06078577, 0.15040456, 0.75389773, 0.63664895, -0.40510622, 0.14020433, 0.03289720, 99.96700287, 113.66096497, 32.41999817, 0.00000000
1, 16.5750, 1767, 0.07845578, -1.10316157, 0.13202733, -5.01107883, 31.39818001, 76.78066254, -49.31306458, 11.54633141, -103.47851563, 100.88850403, -16.85564423, 171.12515259, 0.06392251, 0.15206507, 0.75317168, 0.63680667, -0.36703318, 0.16266604, 0.04743917, 99.96700287, 113.66096497, 32.41999817, 0.00000000
1, 16.5800, 1768, 0.06050622, -1.12331319, 0.13302387, -4.77791166, 33.47763824, 80.22734070, -49.31306458, 11.54633141, -103.47851563, 100.83813477, -17.28104591, 171.21876526, 0.06722414, 0.15377791, 0.75241315, 0.63695186, -0.35610741, 0.18476290, 0.04514617, 99.96700287, 113.66096497, 32.41999817, 0.00000000
1, 16.5850, 1769, 0.04967107, -1.13476503, 0.13429072, -4.38543129, 34.13203812, 83.60292816, -49.31306458, 11.54633141, -103.47851563, 100.78890228, -17.72356415, 171.31304932, 0.07064293, 0.15557978, 0.75163007, 0.63706887, -0.35257697, 0.19830346, 0.04258940, 99.96700287, 113.66096497, 32.41999817, 0.00000000
1, 16.5900, 1770, 0.06021703, -1.14534950, 0.12687831, -4.79906845, 33.74071884, 86.71851349, -49.72230148, 11.40017509, -103.97544098, 100.72574615, -18.12623978, 171.40554810, 0.07376345, 0.15718871, 0.75081795, 0.63727796, -0.37019005, 0.21096313, 0.04866809, 99.96700287, 113.66096497, 32.41999817, 0.00000000
1, 16.5950, 1771, 0.09413413, -1.14324176, 0.09309406, -5.92103148, 33.06793976, 89.69619751, -49.72230148, 11.40017509, -103.97544098, 100.67071533, -18.59755707, 171.48979187, 0.07730484, 0.15921928, 0.74993110, 0.63739830, -0.41132414, 0.21109250, 0.08110936, 99.96700287, 113.66096497, 32.41999817, 0.00000000
1, 16.6000, 1772, 0.15695927, -1.14398277, 0.05174705, -5.61252403, 31.84087753, 93.06308746, -49.86845779, 12.42326832, -103.77082825, 100.61947632, -19.08421898, 171.56513977, 0.08090083, 0.16138998, 0.74902034, 0.63747692, -0.48202318, 0.21439648, 0.12125270, 99.96700287, 113.66096497, 32.41999817, 0.00000000
1, 16.6050, 1773, 0.20134172, -1.15839827, 0.04663778, -3.91821599, 30.79270554, 96.73207092, -49.86845779, 12.42326832, -103.77082825, 100.57891846, -19.58788872, 171.63211060, 0.08457517, 0.16370048, 0.74812061, 0.63746750, -0.53462505, 0.23150784, 0.12521599, 99.96700287, 113.66096497, 32.41999817, 0.00000000
1, 16.6950, 1774, 0.16791186, -1.36270046, 0.05746362, 11.68099594, 57.53994751, 144.91209412, -55.15930939, 16.42794418, -104.73545837, 100.80463409, -31.05105782, 171.18682861, 0.15845200, 0.22714859, 0.72711957, 0.62816691, -0.68098128, 0.51941562, 0.10175699, 99.96700287, 113.66096497, 32.41999817, 0.00000000
1, 16.7000, 1775, 0.12442321, -1.34020066, 0.09978522, 13.18313694, 65.79553986, 145.44027710, -55.68547058, 16.22332573, -105.61239624, 100.75709534, -31.82648277, 171.40771484, 0.16465980, 0.22984922, 0.72557616, 0.62737209, -0.64913690, 0.50360608, 0.05743790, 99.96700287, 113.66096497, 32.41999817, 0.00000000
1, 16.7050, 1776, 0.10945088, -1.33413732, 0.10870210, 14.28758907, 74.44557190, 145.35197449, -55.68547058, 16.22332573, -105.61239624, 100.68418121, -32.60926056, 171.68176270, 0.17114143, 0.23229046, 0.72396564, 0.62659836, -0.64574480, 0.50444746, 0.04618105, 99.96700287, 113.66096497, 32.41999817, 0.00000000
1, 16.7100, 1777, 0.14000633, -1.34090745, 0.09328073, 16.95690918, 83.07723236, 145.13815308, -56.50394440, 17.45103836, -104.99853516, 100.59172058, -33.39849091, 172.01043701, 0.17790733, 0.23445603, 0.72232813, 0.62579668, -0.68781424, 0.51832199, 0.05901807, 99.96700287, 113.66096497, 32.41999817, 0.00000000
1, 16.7150, 1778, 0.19879916, -1.37058663, 0.11922746, 21.08460999, 91.62495422, 144.58828735, -56.50394440, 17.45103836, -104.99853516, 100.48502350, -34.19224167, 172.39494324, 0.18495932, 0.23632525, 0.72070283, 0.62492234, -0.75820017, 0.55521262, 0.03028916, 99.96700287, 113.66096497, 32.41999817, 0.00000000
1, 16.7200, 1779, 0.26406893, -1.42201698, 0.25078493, 23.91208076, 98.65189362, 143.07235718, -56.50394440, 17.45103836, -104.99853516, 100.36011505, -34.98416901, 172.82865906, 0.19220884, 0.23791835, 0.71907216, 0.62400794, -0.83521342, 0.61379981, -0.10429698, 99.96700287, 113.66096497, 32.41999817, 0.00000000
1, 16.7250, 1780, 0.27881664, -1.43138885, 0.36566475, 19.78596878, 103.75231934, 139.49588013, -57.46857452, 18.24028015, -105.96316528, 100.18577576, -35.76209259, 173.30372620, 0.19946663, 0.23928122, 0.71728158, 0.62326932, -0.86139143, 0.63029450, -0.22285175, 99.96700287, 113.66096497, 32.41999817, 0.00000000
1, 16.7300, 1781, 0.18579541, -1.35452914, 0.32691506, 10.11408043, 113.94945526, 133.44749451, -57.46857452, 18.24028015, -105.96316528, 99.91239929, -36.51767349, 173.85574341, 0.20676616, 0.24024858, 0.71515977, 0.62295663, -0.77905416, 0.56058538, -0.18899822, 99.96700287, 113.66096497, 32.41999817, 0.00000000
1, 16.7350, 1782, 0.07123704, -1.25311363, 0.16838446, 7.15712929, 119.03240967, 128.10311890, -57.64396286, 18.94182968, -105.84624481, 99.59008789, -37.24887466, 174.45495605, 0.21403545, 0.24092378, 0.71292549, 0.62280160, -0.67440856, 0.46625686, -0.03618249, 99.96700287, 113.66096497, 32.41999817, 0.00000000
1, 16.7400, 1783, -0.10598980, -1.17212832, -0.02411894, 11.34165668, 122.46928406, 125.71314240, -57.64396286, 18.94182968, -105.84624481, 99.24140930, -37.93104553, 175.10060120, 0.22116147, 0.24114928, 0.71076113, 0.62269837, -0.50644547, 0.39215416, 0.15010525, 99.96700287, 113.66096497, 32.41999817, 0.00000000
1, 16.8500, 1784, -0.64590079, -0.59584677, 0.28909871, 1.00982130, -30.29873276, 54.48255539, -60.83016586, 23.70651817, -109.58783722, 94.36876678, -50.35866928, -177.79605103, 0.32386002, 0.27633449, 0.66928190, 0.60894632, -0.12418932, -0.04162063, -0.24358812, 99.96700287, 113.66096497, 32.41999817, 0.00000000
1, 16.8550, 1785, -0.62649399, -0.66166592, 0.34380007, -7.19887638, -27.87302589, 41.81576920, -60.83016586, 23.70651817, -109.58783722, 94.52085876, -50.55667114, -178.03927612, 0.32407433, 0.27839589, 0.66897976, 0.60822499, -0.14611307, 0.02712372, -0.29667741, 99.96700287, 113.66096497, 32.41999817, 0.00000000
1, 16.8600, 1786, -0.54703999, -0.66002393, 0.38032201, -18.45313263, -23.68814850, 28.77400589, -61.50248337, 24.90499878, -109.61707306, 94.58650208, -50.69110107, -178.24308777, 0.32392615, 0.28012520, 0.66847467, 0.60806531, -0.22732317, 0.02751798, -0.33219621, 99.96700287, 113.66096497, 32.41999817, 0.00000000
1, 16.8650, 1787, -0.42884335, -0.60512555, 0.37895402, -28.52445984, -23.02967453, 16.50943184, -61.50248337, 24.90499878, -109.61707306, 94.59243774, -50.76470947, -178.43470764, 0.32334742, 0.28162238, 0.66784000, 0.60837907, -0.34649521, -0.02616986, -0.33034661, 99.96700287, 113.66096497, 32.41999817, 0.00000000
1, 16.8700, 1788, -0.32077053, -0.50596046, 0.34551084, -35.20563126, -28.94981194, 5.27172565, -61.50248337, 24.90499878, -109.61707306, 94.59584045, -50.78008652, -178.66624451, 0.32221451, 0.28304416, 0.66724640, 0.60897130, -0.45481241, -0.12487873, -0.29649732, 99.96700287, 113.66096497, 32.41999817, 0.00000000
1, 16.8750, 1789, -0.23553486, -0.40252724, 0.27960676, -38.71572495, -38.19457626, -5.62991381, -61.18093872, 24.29114342, -109.76322937, 94.63262939, -50.73744965, -178.96376038, 0.32047763, 0.28444386, 0.66682017, 0.60970217, -0.53957462, -0.22855666, -0.22988240, 99.96700287, 113.66096497, 32.41999817, 0.00000000
1, 16.8800, 1790, -0.17220668, -0.30556616, 0.21285708, -38.98101425, -48.13983917, -16.65965843, -61.18093872, 24.29114342, -109.76322937, 94.72244263, -50.63569260, -179.33203125, 0.31815222, 0.28579035, 0.66665751, 0.61046773, -0.60177636, -0.32650989, -0.16189420, 99.96700287, 113.66096497, 32.41999817, 0.00000000
1, 16.8850, 1791, -0.11491297, -0.22295104, 0.17305748, -35.04938889, -58.24073029, -28.41252899, -61.94095230, 24.34960556, -108.85705566, 94.88546753, -50.47065353, -179.77053833, 0.31526524, 0.28700793, 0.66687983, 0.61115110, -0.65731931, -0.41092944, -0.12006092, 99.96700287, 113.66096497, 32.41999817, 0.00000000
1, 16.8900, 1792, -0.04006266, -0.13176221, 0.17504168, -29.38025093, -68.78961945, -44.12405014, -61.94095230, 24.34960556, -108.85705566, 95.18004608, -50.20500946, 179.68217468, 0.31153613, 0.28797361, 0.66780567, 0.61159801, -0.72959316, -0.50498819, -0.11868045, 99.96700287, 113.66096497, 32.41999817, 0.00000000
1, 16.8950, 1793, -0.00977351, -0.10798123, 0.19479075, -22.17109489, -79.59966278, -57.09226608, -61.94095230, 24.34960556, -108.85705566, 95.51047516, -49.88465500, 179.10557556, 0.30741209, 0.28874335, 0.66900212, 0.61201411, -0.75646245, -0.53260708, -0.13435045, 99.96700287, 113.66096497, 32.41999817, 0.00000000
1, 17.0000, 1794, -0.22329794, -0.44911975, 0.17567898, -34.19800186, -58.95095062, -255.50834656, -56.76702499, 15.69716454, -104.23852539, 100.05149841, -31.07985115, 170.54672241, 0.15360621, 0.23237073, 0.72162527, 0.63377124, -0.29828680, -0.39143062, -0.02752398, 99.96700287, 113.66096497, 32.41999817, 0.00000000
1, 17.0050, 1795, -0.22347137, -0.48417830, 0.17018636, -34.41612244, -57.93985367, -265.85693359, -56.76702499, 15.69716454, -104.23852539, 99.90969086, -29.72100449, 170.48036194, 0.14405499, 0.22583842, 0.72368848, 0.63601899, -0.27786279, -0.36857650, -0.02206422, 99.96700287, 113.66096497, 32.41999817, 0.00000000
1, 17.0100, 1796, -0.22863500, -0.53635824, 0.17652038, -34.29010773, -55.70083618, -274.98883057, -55.48085403, 14.06021595, -104.09236908, 99.75811005, -28.31921005, 170.43238831, 0.13430029, 0.21892200, 0.72572386, 0.63824886, -0.25158763, -0.32850569, -0.02868801, 99.96700287, 113.66096497, 32.41999817, 0.00000000
1, 17.0150, 1797, -0.22692017, -0.56785679, 0.18026470, -34.33892441, -56.03667450, -281.37570190, -55.48085403, 14.06021595, -104.09236908, 99.60488129, -26.88576126, 170.38496399, 0.12433515, 0.21177940, 0.72770739, 0.64041567, -0.23133452, -0.30890930, -0.03284002, 99.96700287, 113.66096497, 32.41999817, 0.00000000
1, 17.0200, 1798, -0.24375622, -0.61197019, 0.18230172, -33.16959381, -56.87408447, -286.73849487, -53.87313461, 12.48173046, -103.59543610, 99.45782471, -25.42527580, 170.33424377, 0.11418389, 0.20444958, 0.72965980, 0.64246333, -0.19179526, -0.27635872, -0.03540166, 99.96700287, 113.66096497, 32.41999817, 0.00000000
1, 17.0250, 1799, -0.29244635, -0.65949726, 0.16123189, -32.29115295, -57.09665298, -291.69732666, -53.87313461, 12.48173046, -103.59543610, 99.31404114, -23.94024467, 170.28327942, 0.10387486, 0.19692963, 0.73155957, 0.64439845, -0.11967000, -0.23995177, -0.01498815, 99.96700287, 113.66096497, 32.41999817, 0.00000000
1, 17.0300, 1800, -0.32286403, -0.70558906, 0.14158814, -31.67881012, -55.89427948, -296.61883545, -53.87313461, 12.48173046, -103.59543610, 99.16918182, -22.43199730, 170.23954773, 0.09345268, 0.18918222, 0.73338675, 0.64623564, -0.06516888, -0.20454457, 0.00391013, 99.96700287, 113.66096497, 32.41999817, 0.00000000
1, 17.0350, 1801, -0.33508295, -0.76678920, 0.16799527, -30.02468300, -55.58440399, -301.71508789, -51.68079376, 11.34171295, -103.94621277, 99.03058624, -20.89891052, 170.19819641, 0.08289322, 0.18122284, 0.73517054, 0.64792854, -0.02831659, -0.15362394, -0.02328452, 99.96700287, 113.66096497, 32.41999817, 0.00000000
1, 17.0400, 1802, -0.32900116, -0.83707416, 0.20831603, -28.82354736, -55.91939163, -306.22500610, -51.68079376, 11.34171295, -103.94621277, 98.90250397, -19.34426498, 170.15368652, 0.07219367, 0.17310309, 0.73691493, 0.64944583, -0.00916565, -0.09310045, -0.06434730, 99.96700287, 113.66096497, 32.41999817, 0.00000000
1, 17.0450, 1803, -0.30940723, -0.87328935, 0.22612259, -29.27951431, -57.32770920, -310.14358521, -49.83922958, 9.03244686, -103.80005646, 98.76825714, -17.76838303, 170.10339355, 0.06131680, 0.16485351, 0.73851639, 0.65088958, -0.00288536, -0.06603977, -0.08293195, 99.96700287, 113.66096497, 32.41999817, 0.00000000
1, 17.1850, 1804, -0.84489685, -0.64477468, 0.41981554, -1.07141447, 75.93224335, -108.15982056, -21.48494530, 2.98158431, -103.06927490, 98.89566803, 25.04686356, 174.71513367, -0.19384247, -0.10662921, 0.74744701, 0.62640113, 1.26549196, -0.25190854, -0.28366381, 99.96700287, 113.66096497, 32.41999817, 0.00000000
1, 17.1900, 1805, -0.77377772, -0.48834184, -0.13600387, 14.98984909, 90.69229889, -74.22216797, -21.48494530, 2.98158431, -103.06927490, 99.16264343, 25.23005104, 175.25801086, -0.19230641, -0.11074580, 0.74817014, 0.62529600, 1.20027196, -0.40469435, 0.27637324, 99.96700287, 113.66096497, 32.41999817, 0.00000000
1, 17.1950, 1806, -0.69701570, -0.43908474, -0.40863943, 31.23393059, 91.37555695, -35.64495087, -21.25109673, 3.68313360, -103.18620300, 99.54498291, 25.33286476, 175.78843689, -0.19045329, -0.11414567, 0.74960560, 0.62353015, 1.12569356, -0.45192319, 0.55454695, 99.96700287, 113.66096497, 32.41999817, 0.00000000
1, 17.2000, 1807, -0.55324423, -0.48647627, -0.39188889, 44.14888382, 76.68466187, 5.20206165, -21.25109673, 3.68313360, -103.18620300, 99.94243622, 25.24353981, 176.20173645, -0.18802881, -0.11570187, 0.75146389, 0.62173969, 0.98121613, -0.40381879, 0.54430497, 99.96700287, 113.66096497, 32.41999817, 0.00000000
1, 17.2050, 1808, -0.47823226, -0.61751211, -0.21759519, 53.74430466, 56.96206284, 45.51571274, -21.25109673, 3.68313360, -103.18620300, 100.32465363, 24.97049713, 176.46772766, -0.18520111, -0.11532129, 0.75361598, 0.62005210, 0.90217793, -0.27366501, 0.37629670, 99.96700287, 113.66096497, 32.41999817, 0.00000000
1, 17.2100, 1809, -0.51979446, -0.78194177, -0.01618188, 56.64813614, 45.59859467, 81.97763824, -21.19263268, 1.43232965, -102.04618073, 100.67825317, 24.52688217, 176.63319397, -0.18176968, -0.11340901, 0.75592673, 0.61860579, 0.93686831, -0.11143212, 0.18067181, 99.96700287, 113.66096497, 32.41999817, 0.00000000
1, 17.2150, 1810, -0.62755978, -0.95106137, 0.16458169, 54.34682846, 39.92636871, 113.06817627, -21.19263268, 1.43232965, -102.04618073, 100.99230957, 23.93492126, 176.73281860, -0.17766795, -0.11033349, 0.75826550, 0.61749029, 1.03533578, 0.05441916, 0.00518656, 99.96700287, 113.66096497, 32.41999817, 0.00000000
1, 17.2200, 1811, -0.68410832, -1.16432035, 0.22287066, 48.03142166, 35.25238419, 137.36338806, -21.54340744, 3.33235884, -101.52001953, 101.25241852, 23.22766495, 176.77828979, -0.17302743, -0.10637281, 0.76048815, 0.61676913, 1.08085871, 0.26372474, -0.04837508, 99.96700287, 113.66096497, 32.41999817, 0.00000000
1, 17.2250, 1812, -0.63616741, -1.44874287, -0.01102167, 39.07021713, 32.49277115, 151.99337769, -21.54340744, 3.33235884, -101.52001953, 101.45429230, 22.45108795, 176.79022217, -0.16803391, -0.10191472, 0.76248306, 0.61643952, 1.02126050, 0.54411101, 0.18959801, 99.96700287, 113.66096497, 32.41999817, 0.00000000
1, 17.2300, 1813, -0.55341780, -1.61286592, -0.19854480, 24.40181160, 27.67850494, 164.54394531, -21.54340744, 3.33235884, -101.52001953, 101.56737518, 21.61756325, 176.76094055, -0.16278706, -0.09701108, 0.76406592, 0.61667871, 0.92568845, 0.70364064, 0.38022161, 99.96700287, 113.66096497, 32.41999817, 0.00000000
1, 17.3350, 1814, -0.22571616, -0.68982172, 1.15506947, 26.57346535, -68.98780823, 140.76026917, -33.08974075, 3.27389646, -100.40923309, 99.41902161, 8.51859283, 165.43588257, -0.13793573, 0.04877774, 0.76062113, 0.63249505, 0.37372065, -0.28735155, -0.99532962, 99.96700287, 113.66096497, 32.41999817, 0.00000000
1, 17.3400, 1815, -0.16510847, -0.54014158, 1.09611559, 40.02736282, -75.44114685, 141.62695313, -33.08974075, 3.27389646, -100.40923309, 99.61239624, 7.86606503, 164.95179749, -0.13625154, 0.05590235, 0.76130158, 0.63145101, 0.30212617, -0.43812063, -0.93315625, 99.96700287, 113.66096497, 32.41999817, 0.00000000
1, 17.3450, 1816, -0.22695203, -0.57574046, 0.80840647, 73.19515991, -76.18091583, 145.18304443, -34.34668350, 3.39082146, -99.94153595, 99.91435242, 7.21528625, 164.45025635, -0.13459146, 0.06325093, 0.76249939, 0.62966603, 0.35335881, -0.40273094, -0.64054322, 99.96700287, 113.66096497, 32.41999817, 0.00000000
1, 17.3500, 1817, -0.39246884, -0.79861438, 0.51332158, 81.27883911, -71.38001251, 143.96775818, -34.34668350, 3.39082146, -99.94153595, 100.26493835, 6.56929874, 163.97055054, -0.13277583, 0.07047002, 0.76390362, 0.62757939, 0.50837421, -0.17970744, -0.34012914, 99.96700287, 113.66096497, 32.41999817, 0.00000000
1, 17.3550, 1818, -0.65000921, -1.00170529, 0.22178695, 67.43656921, -52.01588058, 136.15794373, -34.75592041, 2.89389062, -98.91844177, 100.56229401, 5.94693661, 163.59053040, -0.13056478, 0.07681510, 0.76502168, 0.62593460, 0.75572801, 0.02364008, -0.04393920, 99.96700287, 113.66096497, 32.41999817, 0.00000000
1, 17.3600, 1819, -0.89288670, -1.05158460, 0.00364277, 41.08282089, -19.53277779, 124.36846924, -34.75592041, 2.89389062, -98.91844177, 100.74837494, 5.35402584, 163.37954712, -0.12767476, 0.08172700, 0.76561201, 0.62518656, 0.98872697, 0.07352158, 0.17737834, 99.96700287, 113.66096497, 32.41999817, 0.00000000
1, 17.3650, 1820, -1.04515290, -0.94573367, 0.01814725, 21.85217857, 6.63444042, 114.16049194, -34.75592041, 2.89389062, -98.91844177, 100.85250092, 4.78725958, 163.30583191, -0.12425409, 0.08547482, 0.76583683, 0.62509924, 1.13098955, -0.03285658, 0.16489109, 99.96700287, 113.66096497, 32.41999817, 0.00000000
1, 17.3700, 1821, -1.08753419, -0.81196809, 0.22656175, 18.22051430, 13.71793556, 105.01662445, -36.62671661, 3.33235884, -98.83074951, 100.94243622, 4.25885057, 163.27474976, -0.12085715, 0.08870208, 0.76601630, 0.62509567, 1.16347826, -0.16741721, -0.04171871, 99.96700287, 113.66096497, 32.41999817, 0.00000000
1, 17.3750, 1822, -1.09486830, -0.75760508, 0.46317542, 19.66813660, 12.55459404, 95.89195251, -36.62671661, 3.33235884, -98.83074951, 101.03992462, 3.77640605, 163.24571228, -0.11774053, 0.09166222, 0.76624823, 0.62497914, 1.16162276, -0.22246423, -0.27651370, 99.96700287, 113.66096497, 32.41999817, 0.00000000
1, 17.3800, 1823, -1.06333327, -0.80977738, 0.57830650, 18.96818733, 21.27141953, 86.50433350, -37.26980209, 3.77082729, -99.32768250, 101.13716125, 3.33176517, 163.26773071, -0.11459023, 0.09406550, 0.76652944, 0.62486279, 1.12191308, -0.17064700, -0.38986540, 99.96700287, 113.66096497, 32.41999817, 0.00000000
1, 17.4850, 1824, -0.56373543, -1.03423166, 0.35249531, 5.47614527, 13.35753059, 33.69886398, -41.44986725, 4.32622051, -97.92458344, 102.30041504, -2.51599979, 162.33102417, -0.07942013, 0.13318725, 0.76725280, 0.62231559, 0.51972914, 0.05749222, -0.14286724, 99.96700287, 113.66096497, 32.41999817, 0.00000000
1, 17.4900, 1825, -0.49924529, -1.03642750, 0.39767730, 6.16132307, 23.64387321, 30.57031059, -41.44986725, 4.32622051, -97.92458344, 102.36532593, -2.77862072, 162.41474915, -0.07712103, 0.13408437, 0.76744211, 0.62217885, 0.45129961, 0.05995610, -0.18713957, 99.96700287, 113.66096497, 32.41999817, 0.00000000
1, 17.4950, 1826, -0.43420073, -1.03144312, 0.41821525, 5.17393589, 31.24869347, 28.27544022, -41.56679153, 5.08623219, -98.07073975, 102.38539886, -2.94993734, 162.53752136, -0.07527638, 0.13419686, 0.76752335, 0.62228024, 0.38243538, 0.05527043, -0.20684776, 99.96700287, 113.66096497, 32.41999817, 0.00000000
1, 17.5000, 1827, -0.36044946, -1.01639426, 0.40174708, 3.38064384, 37.90055466, 26.21347809, -41.56679153, 5.08623219, -98.07073975, 102.39428711, -3.11832070, 162.69499207, -0.07327550, 0.13405326, 0.76758683, 0.62247163, 0.30577856, 0.04044291, -0.19000426, 99.96700287, 113.66096497, 32.41999817, 0.00000000
1, 17.5050, 1828, -0.27460888, -0.99626565, 0.35466284, 2.02834368, 43.40417480, 24.25874519, -41.94680023, 4.35545158, -97.71996307, 102.39430237, -3.28304195, 162.88148499, -0.07115128, 0.13368961, 0.76763910, 0.62273175, 0.21716410, 0.02055387, -0.14267817, 99.96700287, 113.66096497, 32.41999817, 0.00000000
1, 17.5100, 1829, -0.21494305, -0.98477602, 0.33106336, 1.79261863, 47.67201614, 21.94487000, -41.94680023, 4.35545158, -97.71996307, 102.39125061, -3.44099951, 163.09136963, -0.06894827, 0.13313092, 0.76770800, 0.62301433, 0.15478282, 0.00925082, -0.11898913, 99.96700287, 113.66096497, 32.41999817, 0.00000000
1, 17.5150, 1830, -0.16439174, -0.97803926, 0.30648860, 1.91392410, 49.19341278, 20.99812508, -41.94680023, 4.35545158, -97.71996307, 102.38767242, -3.59593582, 163.30975342, -0.06671920, 0.13249879, 0.76778591, 0.62329566, 0.10157766, 0.00270301, -0.09437025, 99.96700287, 113.66096497, 32.41999817, 0.00000000
1, 17.5200, 1831, -0.12596723, -0.97266221, 0.28253436, 1.99216175, 48.47641373, 20.41920662, -41.39140701, 4.85238218, -97.89534760, 102.38407898, -3.74726725, 163.52528381, -0.06452906, 0.13186631, 0.76786309, 0.62356526, 0.06055888, -0.00248430, -0.07041269, 99.96700287, 113.66096497, 32.41999817, 0.00000000
1, 17.5250, 1832, -0.09246366, -0.97062683, 0.26132452, 2.12302804, 46.39633560, 20.05249023, -41.39140701, 4.85238218, -97.89534760, 102.38124084, -3.89457774, 163.73107910, -0.06241745, 0.13127793, 0.76793623, 0.62381428, 0.02452630, -0.00432983, -0.04920578, 99.96700287, 113.66096497, 32.41999817, 0.00000000
1, 17.5300, 1833, -0.05599119, -0.97138703, 0.25365669, 2.58694172, 43.30298233, 19.93780327, -41.88833618, 4.50160789, -98.33381653, 102.38121796, -4.03803062, 163.92189026, -0.06040958, 0.13077076, 0.76801050, 0.62402689, -0.01444171, -0.00339080, -0.04149682, 99.96700287, 113.66096497, 32.41999817, 0.00000000
1, 17.6500, 1834, 0.12118811, -0.92494357, 0.21153057, 4.58230829, 49.64860916, 23.32350540, -41.91756821, 3.94621444, -99.70768738, 102.06475067, -7.10777235, 168.48854065, -0.01499584, 0.11661023, 0.76818430, 0.62934095, -0.24472962, -0.04588811, -0.00531067, 99.96700287, 113.66096497, 32.41999817, 0.00000000
1, 17.6550, 1835, 0.10236803, -0.94684279, 0.22628477, 4.46502161, 45.13644409, 25.53089333, -42.09295654, 4.18006420, -99.79537964, 102.06288147, -7.27940369, 168.68438721, -0.01275972, 0.11622523, 0.76820689, 0.62943405, -0.22889745, -0.02365592, -0.02024847, 99.96700287, 113.66096497, 32.41999817, 0.00000000
1, 17.6600, 1836, 0.07841167, -0.95893967, 0.22588120, 2.54926729, 41.84032440, 25.75713158, -42.09295654, 4.18006420, -99.79537964, 102.05294800, -7.44873047, 168.86383057, -0.01063721, 0.11593701, 0.76817000, 0.62957168, -0.20788950, -0.01121475, -0.02012866, 99.96700287, 113.66096497, 32.41999817, 0.00000000
1, 17.6650, 1837, 0.07371743, -0.96009958, 0.17739826, 0.05679010, 36.20829391, 25.86493111, -42.50219345, 4.82315111, -99.85384369, 102.03367615, -7.61273766, 169.01547241, -0.00871266, 0.11580598, 0.76805806, 0.62976176, -0.20593587, -0.00967090, 0.02796502, 99.96700287, 113.66096497, 32.41999817, 0.00000000
1, 17.6700, 1838, 0.05602292, -0.96742392, 0.17840502, 0.32565841, 31.86554337, 26.94977379, -42.50219345, 4.82315111, -99.85384369, 102.01835632, -7.77750397, 169.14468384, -0.00690220, 0.11583042, 0.76794392, 0.62991893, -0.19107699, -0.00203722, 0.02653556, 99.96700287, 113.66096497, 32.41999817, 0.00000000
1, 17.6750, 1839, 0.00621527, -0.97294986, 0.20840770, 1.36861789, 31.34153175, 28.85187531, -42.50219345, 4.82315111, -99.85384369, 102.00850677, -7.95100641, 169.26937866, -0.00505164, 0.11593291, 0.76784617, 0.63003683, -0.14430147, 0.00379838, -0.00386612, 99.96700287, 113.66096497, 32.41999817, 0.00000000
1, 17.6800, 1840, -0.01759625, -0.97632957, 0.22178344, 0.85643524, 29.78267097, 29.76764679, -42.47296143, 4.73545742, -100.70154572, 101.99693298, -8.12735271, 169.38552856, -0.00323057, 0.11610840, 0.76772672, 0.63016194, -0.12357084, 0.00753611, -0.01757794, 99.96700287, 113.66096497, 32.41999817, 0.00000000
1, 17.6850, 1841, -0.06429985, -0.98721087, 0.21898840, 0.05653080, 25.47690773, 30.37624550, -42.47296143, 4.73545742, -100.70154572, 101.98410797, -8.30222988, 169.47984314, -0.00154074, 0.11642252, 0.76757908, 0.63029021, -0.07988791, 0.01880038, -0.01522733, 99.96700287, 113.66096497, 32.41999817, 0.00000000
1, 17.6900, 1842, -0.09570392, -0.98865318, 0.20484880, -0.04083375, 24.86668968, 31.09903336, -42.64834976, 3.59543991, -100.35077667, 101.96857452, -8.46165562, 169.57032776, 0.00002070, 0.11667892, 0.76742738, 0.63042957, -0.05134381, 0.02063025, -0.00149583, 99.96700287, 113.66096497, 32.41999817, 0.00000000
1, 17.6950, 1843, -0.11707497, -0.98865950, 0.19592869, 0.47084054, 26.80738831, 31.69961357, -42.64834976, 3.59543991, -100.35077667, 101.95649719, -8.64433002, 169.66998291, 0.00179359, 0.11699994, 0.76727998, 0.63054687, -0.03292213, 0.02103839, 0.00705236, 99.96700287, 113.66096497, 32.41999817, 0.00000000
1, 17.7900, 1844, 0.19940479, -0.93124330, 0.00102682, 0.23097351, 25.16018295, 53.95658875, -44.51914597, 5.81701231, -100.76000977, 101.52094269, -12.76282501, 172.05918884, 0.04234880, 0.12343456, 0.76299369, 0.63309652, -0.42006403, -0.02435606, 0.19325575, 99.96700287, 113.66096497, 32.41999817, 0.00000000
1, 17.7950, 1845, 0.13579418, -0.87588978, -0.12869680, 2.95270753, 15.55893612, 57.33852768, -44.51914597, 5.81701231, -100.76000977, 101.53197479, -13.05922222, 172.07911682, 0.04446952, 0.12490386, 0.76273906, 0.63296968, -0.36016285, -0.07867408, 0.32233465, 99.96700287, 113.66096497, 32.41999817, 0.00000000
1, 17.8000, 1846, 0.11946627, -0.87526011, -0.11447663, 5.47438049, 13.71911240, 60.90800095, -44.51914597, 5.81701231, -100.76000977, 101.55850220, -13.37125015, 172.08609009, 0.04664110, 0.12653668, 0.76253307, 0.63273740, -0.34910214, -0.07805245, 0.30821300, 99.96700287, 113.66096497, 32.41999817, 0.00000000
1, 17.8050, 1847, 0.15151669, -0.92244780, -0.03599999, 6.91977930, 9.77259541, 64.79148865, -44.81145859, 6.43086815, -100.70154572, 101.59790039, -13.69836426, 172.06901550, 0.04879651, 0.12840362, 0.76234770, 0.63242185, -0.38683686, -0.02958194, 0.23008536, 99.96700287, 113.66096497, 32.41999817, 0.00000000
1, 17.8100, 1848, 0.17629202, -0.99256086, 0.01276698, 5.33934498, 3.33637166, 69.74075317, -44.81145859, 6.43086815, -100.70154572, 101.63864899, -14.04331303, 172.01409912, 0.05086592, 0.13061537, 0.76209843, 0.63210630, -0.41750234, 0.04197788, 0.18166327, 99.96700287, 113.66096497, 32.41999817, 0.00000000
1, 17.8150, 1849, 0.14973433, -1.04701161, 0.03291596, 2.28429699, -1.75362396, 74.67078400, -45.54224014, 4.32622051, -100.81847382, 101.67214203, -14.40729713, 171.92805481, 0.05288483, 0.13313702, 0.76174057, 0.63184583, -0.39707208, 0.09801569, 0.16163774, 99.96700287, 113.66096497, 32.41999817, 0.00000000
1, 17.8200, 1850, 0.08226275, -1.08196437, 0.09252428, -0.06811228, -3.27479100, 79.18620300, -45.54224014, 4.32622051, -100.81847382, 101.69768524, -14.79186058, 171.82926941, 0.05496396, 0.13585474, 0.76128680, 0.63163680, -0.33616316, 0.13458984, 0.10192318, 99.96700287, 113.66096497, 32.41999817, 0.00000000
1, 17.8250, 1851, 0.01247669, -1.09563339, 0.19004209, -0.51699716, -3.66892290, 82.40733337, -45.54224014, 4.32622051, -100.81847382, 101.72315216, -15.19176960, 171.72477722, 0.05711574, 0.13868955, 0.76079315, 0.63142443, -0.27330545, 0.14992541, 0.00426044, 99.96700287, 113.66096497, 32.41999817, 0.00000000
1, 17.9050, 1852, 0.05921407, -1.29612958, 0.19691269, 0.72095275, 25.60826492, 118.63231659, -49.40076065, 9.61707115, -100.87693787, 101.95039368, -23.20537186, 171.85626221, 0.11205609, 0.18035650, 0.75008518, 0.62632841, -0.45128769, 0.39560366, -0.00837328, 99.96700287, 113.66096497, 32.41999817, 0.00000000
1, 17.9100, 1853, 0.06338593, -1.31129611, 0.19015950, 0.05805673, 25.12281990, 121.22305298, -49.40076065, 9.61707115, -100.87693787, 101.95289612, -23.82436180, 171.85450745, 0.11619772, 0.18362620, 0.74900663, 0.62591428, -0.46531188, 0.41496038, -0.00247650, 99.96700287, 113.66096497, 32.41999817, 0.00000000
1, 17.9150, 1854, 0.07295100, -1.32832944, 0.18748231, -0.17410608, 24.35770035, 124.01193237, -50.62847137, 10.28938866, -101.16925049, 101.95728302, -24.45621872, 171.84544373, 0.12038544, 0.18700357, 0.74788117, 0.62546855, -0.48489445, 0.43637332, -0.00066908, 99.96700287, 113.66096497, 32.41999817, 0.00000000
1, 17.9200, 1855, 0.08677427, -1.34093833, 0.17485556, -0.61796933, 23.48291779, 126.94113159, -50.62847137, 10.28938866, -101.16925049, 101.96297455, -25.10150528, 171.82824707, 0.12461744, 0.19049679, 0.74670112, 0.62499517, -0.50887042, 0.45358723, 0.01109311, 99.96700287, 113.66096497, 32.41999817, 0.00000000
1, 17.9250, 1856, 0.09493625, -1.34730721, 0.15325911, -1.24487984, 23.05739975, 129.95343018, -51.50540543, 10.58170128, -100.81847382, 101.96828461, -25.76110649, 171.80516052, 0.12890880, 0.19409685, 0.74545717, 0.62450182, -0.52733290, 0.46478987, 0.03176801, 99.96700287, 113.66096497, 32.41999817, 0.00000000
1, 17.9300, 1857, 0.10676524, -1.34888494, 0.13611919, -1.41868985, 23.30737305, 132.55546570, -51.50540543, 10.58170128, -100.81847382, 101.97379303, -26.43368721, 171.78025818, 0.13327353, 0.19776902, 0.74416000, 0.62398034, -0.54962516, 0.47141033, 0.04795732, 99.96700287, 113.66096497, 32.41999817, 0.00000000
1, 17.9350, 1858, 0.12937024, -1.35036135, 0.13425377, -0.63648903, 23.97693253, 135.43576050, -51.50540543, 10.58170128, -100.81847382, 101.98347473, -27.12104416, 171.75544739, 0.13774066, 0.20150462, 0.74282938, 0.62340027, -0.58289361, 0.47814411, 0.04889278, 99.96700287, 113.66096497, 32.41999817, 0.00000000
1, 17.9400, 1859, 0.16160704, -1.36816823, 0.14308901, 1.00246596, 24.43939972, 138.54554749, -52.03157043, 11.22478771, -100.81847382, 101.99234009, -27.77423096, 171.73257446, 0.14198503, 0.20504259, 0.74153805, 0.62283158, -0.62560725, 0.50124770, 0.03916372, 99.96700287, 113.66096497, 32.41999817, 0.00000000
1, 17.9450, 1860, 0.19309965, -1.38082576, 0.17195342, 2.30114961, 26.50773239, 141.38250732, -52.03157043, 11.22478771, -100.81847382, 102.01425934, -28.49324799, 171.71421814, 0.14671199, 0.20886834, 0.74016541, 0.62209719, -0.66781187, 0.51943970, 0.00943405, 99.96700287, 113.66096497, 32.41999817, 0.00000000
1, 17.9500, 1861, 0.20615464, -1.40219331, 0.19608945, 3.44250321, 29.70202255, 143.68743896, -52.67465591, 12.48173046, -100.93539429, 102.03501129, -29.22681999, 171.71055603, 0.15160911, 0.21266566, 0.73875260, 0.62131518, -0.69210100, 0.54681313, -0.01566065, 99.96700287, 113.66096497, 32.41999817, 0.00000000
1, 18.0350, 1862, -0.29325339, -0.97503424, 0.22308256, -9.38354301, 159.96279907, 126.41495514, -55.33469772, 16.69102669, -104.64776611, 96.39994049, -42.72283173, -177.29716492, 0.28610384, 0.22634265, 0.69979531, 0.61416620, -0.38341838, 0.24272834, -0.14101675, 99.96700287, 113.66096497, 32.41999817, 0.00000000
1, 18.0400, 1863, -0.52609581, -0.98535478, 0.14230685, -3.86378908, 157.84333801, 132.56852722, -56.03624725, 16.89564514, -105.20315552, 95.71524048, -43.44692993, -176.31896973, 0.29432005, 0.22609453, 0.69644153, 0.61418748, -0.15969060, 0.26082453, -0.07058814, 99.96700287, 113.66096497, 32.41999817, 0.00000000
1, 18.0450, 1864, -0.69151199, -1.11050153, 0.12524828, 7.73176765, 152.86238098, 136.75379944, -56.03624725, 16.89564514, -105.20315552, 95.08589935, -44.19832993, -175.35174561, 0.30269739, 0.22602609, 0.69331789, 0.61367488, -0.00358136, 0.39408299, -0.06311233, 99.96700287, 113.66096497, 32.41999817, 0.00000000
1, 18.0500, 1865, -0.79763532, -1.23610616, 0.13003600, 12.67958164, 138.89428711, 141.47552490, -56.41625214, 18.09412384, -105.96316528, 94.52632904, -44.96022797, -174.46160889, 0.31080458, 0.22639194, 0.69041097, 0.61276418, 0.09305611, 0.52829713, -0.07633290, 99.96700287, 113.66096497, 32.41999817, 0.00000000
1, 18.0550, 1866, -0.83263606, -1.34789681, 0.05905148, 12.07299900, 125.24411011, 145.46931458, -56.41625214, 18.09412384, -105.96316528, 94.00998688, -45.73108292, -173.64830017, 0.31857961, 0.22723536, 0.68758315, 0.61163771, 0.11876582, 0.64919829, -0.01278880, 99.96700287, 113.66096497, 32.41999817, 0.00000000
1, 18.0600, 1867, -0.84760749, -1.41031408, -0.07043114, 9.21597481, 116.28011322, 140.55995178, -56.41625214, 18.09412384, -105.96316528, 93.50148010, -46.46947479, -172.87626648, 0.32590517, 0.22819641, 0.68480539, 0.61053568, 0.12495185, 0.72078812, 0.10975084, 99.96700287, 113.66096497, 32.41999817, 0.00000000
1, 18.0650, 1868, -0.77458411, -1.49239814, -0.00353272, 8.01069832, 116.83628082, 131.40490723, -56.29932785, 18.76644325, -106.69394684, 92.95996094, -47.15740585, -172.07649231, 0.33297077, 0.22887331, 0.68203622, 0.60956872, 0.04337548, 0.81125534, 0.03606050, 99.96700287, 113.66096497, 32.41999817, 0.00000000
1, 18.0700, 1869, -0.64489633, -1.48632479, 0.03266836, -6.24705982, 122.22538757, 117.90428162, -56.29932785, 18.76644325, -106.69394684, 92.29309845, -47.77342987, -171.21192932, 0.33967620, 0.22920065, 0.67890501, 0.60924143, -0.09387923, 0.81284988, -0.00775702, 99.96700287, 113.66096497, 32.41999817, 0.00000000
1, 18.0750, 1870, -0.50859129, -1.44739318, 0.10217974, -19.33807564, 119.18044281, 103.55686188, -56.62086868, 19.90645981, -106.86933899, 91.55367279, -48.31027603, -170.34588623, 0.34576163, 0.22936895, 0.67557842, 0.60945272, -0.23690656, 0.78073806, -0.08557981, 99.96700287, 113.66096497, 32.41999817, 0.00000000
1, 18.0800, 1871, -0.44711465, -1.30754840, 0.20528126, -25.96546745, 103.57821655, 95.20732880, -56.62086868, 19.90645981, -106.86933899, 90.84911346, -48.79656982, -169.57756042, 0.35108414, 0.22979759, 0.67236441, 0.60980254, -0.30440974, 0.64702773, -0.19675873, 99.96700287, 113.66096497, 32.41999817, 0.00000000
1, 18.1750, 1872, -0.33169574, -0.23116638, 0.17622173, -22.11474609, -154.23991394, -67.52995300, -57.05933762, 21.54340744, -105.26161957, 90.80014801, -49.34266663, -173.10334778, 0.33504915, 0.25363827, 0.66348833, 0.61902589, -0.42837679, -0.41943389, -0.17062211, 99.96700287, 113.66096497, 32.41999817, 0.00000000
1, 18.1800, 1873, -0.36043006, -0.22822334, 0.18251012, -21.32296371, -162.61805725, -75.24089813, -57.05933762, 21.54340744, -105.26161957, 91.62418365, -48.95092392, -174.33491516, 0.32806584, 0.25617138, 0.66609514, 0.61892349, -0.39530140, -0.42727566, -0.16754025, 99.96700287, 113.66096497, 32.41999817, 0.00000000
1, 18.1850, 1874, -0.40256163, -0.23387691, 0.18411651, -20.06618500, -179.38676453, -93.18266296, -57.05933762, 21.54340744, -105.26161957, 92.52487183, -48.45452118, -175.66877747, 0.32010114, 0.25860226, 0.66912860, 0.61881113, -0.34780866, -0.42742330, -0.15896496, 99.96700287, 113.66096497, 32.41999817, 0.00000000
1, 18.1900, 1875, -0.44605285, -0.25084567, 0.16588227, -19.36533928, -186.72666931, -103.56672668, -56.97164536, 21.51417732, -104.15083313, 93.46037292, -47.90091324, -177.04298401, 0.31164801, 0.26098731, 0.67239720, 0.61858165, -0.29798257, -0.41696143, -0.12982792, 99.96700287, 113.66096497, 32.41999817, 0.00000000
1, 18.1950, 1876, -0.47419432, -0.26187733, 0.14765425, -19.31833839, -192.95588684, -114.02114868, -56.97164536, 21.51417732, -104.15083313, 94.37448120, -47.26793671, -178.41381836, 0.30267575, 0.26311955, 0.67575651, 0.61847281, -0.26263011, -0.41306931, -0.10034288, 99.96700287, 113.66096497, 32.41999817, 0.00000000
1, 18.2000, 1877, -0.48902968, -0.27052918, 0.12493425, -20.02338791, -198.77241516, -124.52625275, -56.53317642, 19.67260933, -103.74159241, 95.27704620, -46.56566238, -179.78869629, 0.29320952, 0.26508296, 0.67922544, 0.61839473, -0.23959714, -0.41224432, -0.06623816, 99.96700287, 113.66096497, 32.41999817, 0.00000000
1, 18.2050, 1878, -0.50415975, -0.27265018, 0.10835844, -21.17090034, -203.36602783, -135.34712219, -56.53317642, 19.67260933, -103.74159241, 96.15503693, -45.79278564, 178.84565735, 0.28326905, 0.26683626, 0.68277216, 0.61836827, -0.21533069, -0.41856977, -0.03817609, 99.96700287, 113.66096497, 32.41999817, 0.00000000
1, 18.2100, 1879, -0.49328181, -0.26368955, 0.08742108, -21.13013840, -203.31318665, -146.31768799, -56.53317642, 19.67260933, -103.74159241, 96.98738098, -44.95140839, 177.52525330, 0.27300066, 0.26823029, 0.68636638, 0.61840469, -0.21608496, -0.43656483, -0.00579926, 99.96700287, 113.66096497, 32.41999817, 0.00000000
1, 18.2150, 1880, -0.45827734, -0.26183677, 0.08406205, -19.79587173, -198.38092041, -156.94309998, -56.76702499, 20.08184814, -102.07541656, 97.75580597, -44.04758835, 176.28509521, 0.26257458, 0.26912513, 0.68997860, 0.61851096, -0.24005879, -0.44802499, 0.00867199, 99.96700287, 113.66096497, 32.41999817, 0.00000000
1, 18.2200, 1881, -0.43901169, -0.30121541, 0.14360045, -18.66944885, -190.66157532, -166.20248413, -56.76702499, 20.08184814, -102.07541656, 98.44843292, -43.09206009, 175.14193726, 0.25211096, 0.26948702, 0.69355679, 0.61870503, -0.24758869, -0.41879529, -0.04042145, 99.96700287, 113.66096497, 32.41999817, 0.00000000
1, 18.3250, 1882, -0.41098514, -0.87083817, 0.13259248, -55.89821625, -21.41256142, -286.26992798, -45.60070038, 11.51710033, -98.42151642, 97.01843262, -16.60049438, 169.02688599, 0.04495963, 0.16607022, 0.72867578, 0.66289592, 0.11894379, -0.07854424, -0.01691457, 99.96700287, 113.66096497, 32.41999817, 0.00000000
1, 18.3300, 1883, -0.42439479, -0.89260304, 0.12704226, -53.31574249, -19.01517487, -293.85195923, -45.60070038, 11.51710033, -98.42151642, 96.72579193, -15.13096619, 169.10887146, 0.03544974, 0.15738909, 0.72921687, 0.66499239, 0.15682352, -0.06443739, -0.01550592, 99.96700287, 113.66096497, 32.41999817, 0.00000000
1, 18.3350, 1884, -0.39918023, -0.93902540, 0.10532539, -49.53251648, -16.06820679, -302.13723755, -43.61297989, 10.90324497, -99.09383392, 96.45110321, -13.62151623, 169.20274353, 0.02581207, 0.14832535, 0.72979230, 0.66688573, 0.15697536, -0.02514431, 0.00229340, 99.96700287, 113.66096497, 32.41999817, 0.00000000
1, 18.3400, 1885, -0.35664505, -0.99274707, 0.11092487, -45.26739502, -14.78377533, -310.64355469, -43.61297989, 10.90324497, -99.09383392, 96.19975281, -12.07738876, 169.30027771, 0.01603854, 0.13896282, 0.73040497, 0.66853631, 0.14053288, 0.02198014, -0.00696280, 99.96700287, 113.66096497, 32.41999817, 0.00000000
1, 18.3450, 1886, -0.30572242, -1.05966878, 0.17212179, -39.42096329, -18.11841393, -320.61209106, -43.61297989, 10.90324497, -99.09383392, 95.98320770, -10.47416401, 169.37905884, 0.00585040, 0.12930818, 0.73111504, 0.66986275, 0.11657490, 0.08282120, -0.07137433, 99.96700287, 113.66096497, 32.41999817, 0.00000000
1, 18.3500, 1887, -0.25976789, -1.10837281, 0.19257069, -32.89369965, -21.70821571, -329.85925293, -41.12832642, 10.26015759, -99.56153107, 95.80464935, -8.82278824, 169.43853760, -0.00468737, 0.11943504, 0.73191887, 0.67082644, 0.09879291, 0.12618352, -0.09444790, 99.96700287, 113.66096497, 32.41999817, 0.00000000
1, 18.3550, 1888, -0.19651312, -1.12595356, 0.19821008, -30.00284576, -29.41342735, -334.35607910, -41.12832642, 10.26015759, -99.56153107, 95.64797211, -7.14505291, 169.45637512, -0.01558704, 0.10961948, 0.73267269, 0.67151421, 0.06435768, 0.13923647, -0.10233137, 99.96700287, 113.66096497, 32.41999817, 0.00000000
1, 18.3600, 1889, -0.18125968, -1.16836107, 0.19665179, -25.85718727, -31.96271706, -338.43051147, -39.69599533, 9.52937698, -99.23999023, 95.51419067, -5.44572783, 169.45901489, -0.02666495, 0.09972741, 0.73340535, 0.67190772, 0.07846034, 0.17796800, -0.10288562, 99.96700287, 113.66096497, 32.41999817, 0.00000000
1, 18.3650, 1890, -0.18864891, -1.24580729, 0.20127787, -20.81611061, -32.19389343, -342.98687744, -39.69599533, 9.52937698, -99.23999023, 95.40583038, -3.72355223, 169.45907593, -0.03785643, 0.08967957, 0.73414075, 0.67198348, 0.11568251, 0.25261122, -0.10938193, 99.96700287, 113.66096497, 32.41999817, 0.00000000
1, 18.3700, 1891, -0.19634587, -1.31458080, 0.20407210, -18.88784218, -30.91768646, -347.60784912, -39.69599533, 9.52937698, -99.23999023, 95.30681610, -1.97893190, 169.46452332, -0.04912657, 0.07942867, 0.73478419, 0.67184079, 0.15367094, 0.31948525, -0.11388186, 99.96700287, 113.66096497, 32.41999817, 0.00000000
1, 18.4900, 1892, -0.31003615, -0.61046135, -0.06189251, 45.53636551, 91.07958984, 43.31376266, -21.39725113, 6.98626137, -99.12306213, 97.62184143, 26.15627098, 178.67956543, -0.17766491, -0.14055887, 0.73468965, 0.63946033, 0.75281572, -0.27842242, 0.17750739, 99.96700287, 113.66096497, 32.41999817, 0.00000000
1, 18.4950, 1893, -0.32170603, -0.77535486, 0.01142085, 50.76533508, 77.39373779, 74.29270172, -21.39725113, 6.98626137, -99.12306213, 98.03894043, 25.73674774, 179.05044556, -0.17342477, -0.13995117, 0.73715675, 0.63791662, 0.75768954, -0.11597925, 0.11077529, 99.96700287, 113.66096497, 32.41999817, 0.00000000
1, 18.5000, 1894, -0.40681013, -0.95471025, 0.04077047, 50.23599243, 65.27045441, 100.47487640, -21.39725113, 6.43086815, -98.94767761, 98.41150665, 25.19389915, 179.32963562, -0.16883582, -0.13816373, 0.73965776, 0.63664091, 0.83463860, 0.06035375, 0.08746442, 99.96700287, 113.66096497, 32.41999817, 0.00000000
1, 18.5050, 1895, -0.51320761, -1.09750843, 0.04266727, 46.27646255, 53.62286758, 122.99652100, -21.39725113, 6.43086815, -98.94767761, 98.72542572, 24.54670715, 179.52207947, -0.16396575, -0.13534984, 0.74207467, 0.63570499, 0.93119180, 0.19937427, 0.09089217, 99.96700287, 113.66096497, 32.41999817, 0.00000000
1, 18.5100, 1896, -0.63388288, -1.18918753, 0.04574493, 42.41804504, 41.86308670, 142.95538330, -22.71265602, 6.69394922, -98.80152130, 98.98337555, 23.80892754, 179.62957764, -0.15889150, -0.13158512, 0.74438876, 0.63507807, 1.04047501, 0.28661525, 0.09241454, 99.96700287, 113.66096497, 32.41999817, 0.00000000
1, 18.5150, 1897, -0.56274223, -1.31643939, 0.02859357, 39.44530869, 33.12844849, 161.99363708, -22.71265602, 6.69394922, -98.80152130, 99.19867706, 22.98352623, 179.66986084, -0.15354705, -0.12697384, 0.74663353, 0.63469630, 0.95655257, 0.40893012, 0.11397410, 99.96700287, 113.66096497, 32.41999817, 0.00000000
1, 18.5200, 1898, -0.39255074, -1.39301157, -0.03398716, 37.22541428, 35.90408325, 168.95826721, -22.71265602, 6.69394922, -98.80152130, 99.40428925, 22.12134171, 179.71540833, -0.14789753, -0.12222030, 0.74883097, 0.63438219, 0.77271295, 0.48041695, 0.18103889, 99.96700287, 113.66096497, 32.41999817, 0.00000000
1, 18.5250, 1899, 0.07290135, -1.53231847, -0.15867957, 31.93283653, 47.26462173, 169.75212097, -24.55422401, 6.63548660, -98.53843689, 99.60358429, 21.24575043, 179.81700134, -0.14181793, -0.11778229, 0.75091481, 0.63414681, 0.29341406, 0.61485428, 0.31084111, 99.96700287, 113.66096497, 32.41999817, 0.00000000
1, 18.5300, 1900, 0.60069740, -1.57094181, -0.19392703, 20.59508705, 37.60356140, 169.10530090, -24.55422401, 6.63548660, -98.53843689, 99.72578430, 20.38099670, 179.86494446, -0.13600521, -0.11315959, 0.75257778, 0.63429034, -0.24845618, 0.64856499, 0.35059941, 99.96700287, 113.66096497, 32.41999817, 0.00000000
1, 18.5350, 1901, 1.17311060, -1.57344687, -0.20321448, 8.49963760, 9.79693985, 162.25205994, -25.51885414, 6.40163708, -98.15843201, 99.73857880, 19.57310104, 179.77177429, -0.13122627, -0.10805538, 0.75366640, 0.63489431, -0.83436817, 0.64629322, 0.36277932, 99.96700287, 113.66096497, 32.41999817, 0.00000000
1, 18.6450, 1902, -0.39478219, -0.81902158, 0.52890134, 75.91244507, -72.02370453, 129.57923889, -36.39286804, 5.40777540, -96.93071747, 98.35974121, 6.63679600, 163.09623718, -0.13924663, 0.07361493, 0.75285286, 0.63906479, 0.51157194, -0.16449474, -0.38824055, 99.96700287, 113.66096497, 32.41999817, 0.00000000
1, 18.6500, 1903, -0.65316582, -0.98348939, 0.24329774, 61.38303757, -49.01763916, 120.70826721, -36.39286804, 5.40777540, -96.93071747, 98.63127899, 6.07628155, 162.76358032, -0.13728590, 0.07931273, 0.75387347, 0.63760251, 0.76079941, 0.00006589, -0.09840760, 99.96700287, 113.66096497, 32.41999817, 0.00000000
1, 18.6550, 1904, -0.86014903, -0.98996949, 0.10437871, 40.97071075, -19.71168327, 108.45194244, -36.39286804, 5.40777540, -96.93071747, 98.81919098, 5.55544615, 162.58387756, -0.13476887, 0.08366748, 0.75451827, 0.63681972, 0.95890993, 0.00636656, 0.04369178, 99.96700287, 113.66096497, 32.41999817, 0.00000000
1, 18.6600, 1905, -0.97896671, -0.90223086, 0.17988937, 31.36508179, 1.79337943, 98.57115173, -37.85442734, 5.93393755, -96.63841248, 98.97100830, 5.06739044, 162.51710510, -0.13185100, 0.08704071, 0.75504059, 0.63635927, 1.06893313, -0.08188698, -0.02915957, 99.96700287, 113.66096497, 32.41999817, 0.00000000
1, 18.6650, 1906, -1.08455980, -0.82634854, 0.34229237, 33.73567963, 13.17944622, 92.29265594, -37.85442734, 5.93393755, -96.63841248, 99.14023590, 4.60169888, 162.51037598, -0.12872174, 0.08990216, 0.75570297, 0.63581544, 1.16593218, -0.15829080, -0.18877928, 99.96700287, 113.66096497, 32.41999817, 0.00000000
1, 18.6700, 1907, -1.15668154, -0.81644344, 0.46865317, 36.35287857, 27.51367378, 85.16994476, -38.49751663, 4.53083897, -96.40455627, 99.32823944, 4.15982676, 162.57882690, -0.12530616, 0.09214351, 0.75653219, 0.63519067, 1.22994685, -0.16849619, -0.31204289, 99.96700287, 113.66096497, 32.41999817, 0.00000000
1, 18.6750, 1908, -1.17330265, -0.93006790, 0.53862441, 33.41639328, 53.77505493, 76.89496613, -38.49751663, 4.53083897, -96.40455627, 99.51022339, 3.73724174, 162.78239441, -0.12126405, 0.09336528, 0.75744230, 0.63471198, 1.23896301, -0.05497957, -0.37896326, 99.96700287, 113.66096497, 32.41999817, 0.00000000
1, 18.6800, 1909, -1.07103562, -1.12761438, 0.47958222, 22.93304443, 83.77523804, 69.78663635, -38.49751663, 4.53083897, -96.40455627, 99.64762115, 3.32428122, 163.13874817, -0.11646855, 0.09346355, 0.75823319, 0.63465130, 1.12961400, 0.14264427, -0.31733376, 99.96700287, 113.66096497, 32.41999817, 0.00000000
1, 18.6850, 1910, -0.93546832, -1.25998485, 0.35058704, 13.97011185, 102.68458557, 62.35954666, -39.16983414, 6.60625553, -96.28763580, 99.74308014, 2.93138838, 163.59365845, -0.11128753, 0.09274407, 0.75888264, 0.63491017, 0.98744190, 0.27514139, -0.18638921, 99.96700287, 113.66096497, 32.41999817, 0.00000000
1, 18.6900, 1911, -0.67054117, -1.34854376, 0.09580231, 2.68936563, 128.04426575, 55.29096985, -39.16983414, 6.60625553, -96.28763580, 99.77569580, 2.51935744, 164.17950439, -0.10529953, 0.09119688, 0.75927371, 0.63568753, 0.71616709, 0.36392868, 0.06984361, 99.96700287, 113.66096497, 32.41999817, 0.00000000
1, 18.8250, 1912, 0.00699804, -0.97289991, 0.26076931, 6.32144785, 46.76405334, 22.21609688, -42.64834976, 7.42472935, -96.02455139, 101.48328400, -3.51866841, 163.30757141, -0.06829304, 0.13156298, 0.76291823, 0.62927181, -0.06835405, -0.00572199, -0.06371824, 99.96700287, 113.66096497, 32.41999817, 0.00000000
1, 18.8300, 1913, 0.02610127, -0.97643244, 0.24715073, 6.61424780, 43.11217880, 22.09027290, -42.64834976, 7.42472935, -96.02455139, 101.50474548, -3.66946459, 163.49745178, -0.06621409, 0.13113025, 0.76310205, 0.62936157, -0.09006752, -0.00193214, -0.04972713, 99.96700287, 113.66096497, 32.41999817, 0.00000000
1, 18.8350, 1914, 0.03404320, -0.97418082, 0.22833781, 6.06536770, 38.44575119, 21.84582710, -42.85296631, 7.48319197, -96.08301544, 101.52442932, -3.81451893, 163.66461182, -0.06429991, 0.13081573, 0.76325524, 0.62943965, -0.10051651, -0.00392067, -0.03057848, 99.96700287, 113.66096497, 32.41999817, 0.00000000
1, 18.8400, 1915, 0.03411052, -0.96702123, 0.21414326, 5.34506226, 33.31771088, 21.90802574, -42.85296631, 7.48319197, -96.08301544, 101.54808044, -3.91498375, 163.80490112, -0.06282775, 0.13043961, 0.76344407, 0.62943739, -0.10266156, -0.01084499, -0.01604186, 99.96700287, 113.66096497, 32.41999817, 0.00000000
1, 18.8450, 1916, 0.02488027, -0.95838702, 0.20268141, 4.75884676, 28.94840050, 22.33712769, -42.67757797, 7.48319197, -95.20607758, 101.56383514, -4.05313969, 163.92486572, -0.06122291, 0.13039863, 0.76352799, 0.62950212, -0.09546999, -0.01925296, -0.00428947, 99.96700287, 113.66096497, 32.41999817, 0.00000000
1, 18.8500, 1917, 0.00672131, -0.94357741, 0.17363340, 4.69120884, 25.80381012, 22.71871376, -42.67757797, 7.48319197, -95.20607758, 101.58010101, -4.19008112, 164.02899170, -0.05971238, 0.13045649, 0.76359767, 0.62955087, -0.07962773, -0.03379197, 0.02497592, 99.96700287, 113.66096497, 32.41999817, 0.00000000
1, 18.8550, 1918, -0.01161164, -0.94547367, 0.17116570, 5.15973139, 22.42197990, 23.01771545, -42.91143036, 7.48319197, -95.14761353, 101.59971619, -4.32514000, 164.11616516, -0.05830336, 0.13061821, 0.76366800, 0.62956405, -0.06365322, -0.03165739, 0.02766804, 99.96700287, 113.66096497, 32.41999817, 0.00000000
1, 18.8600, 1919, -0.03623215, -0.95790124, 0.18138839, 6.17405462, 18.12819099, 23.77876472, -42.91143036, 8.27243519, -95.14761353, 101.62587738, -4.45966053, 164.18145752, -0.05701047, 0.13092570, 0.76374948, 0.62951964, -0.04139154, -0.01898441, 0.01775644, 99.96700287, 113.66096497, 32.41999817, 0.00000000
1, 18.9750, 1920, -0.10471045, -0.98346293, 0.19264980, 5.02632523, 13.22268677, 37.73237228, -44.05144501, 8.79859638, -96.52148438, 102.02780151, -8.33790207, 167.33073425, -0.01306921, 0.13099399, 0.76546204, 0.62987113, -0.03992886, 0.01529532, 0.01159441, 99.96700287, 113.66096497, 32.41999817, 0.00000000
1, 18.9800, 1921, -0.14320394, -0.98359454, 0.20601679, 4.86044598, 12.24478722, 37.78128433, -45.30838776, 8.68167210, -96.25839996, 102.04949951, -8.53531933, 167.35177612, -0.01159239, 0.13191909, 0.76538837, 0.62979650, -0.00487909, 0.01597526, -0.00160575, 99.96700287, 113.66096497, 32.41999817, 0.00000000
1, 18.9850, 1922, -0.17488979, -0.97980654, 0.21864925, 4.88501883, 13.18243885, 37.90847397, -45.30838776, 8.68167210, -96.25839996, 102.07057953, -8.73435307, 167.37725830, -0.01008058, 0.13282235, 0.76531273, 0.62972456, 0.02334707, 0.01274957, -0.01405842, 99.96700287, 113.66096497, 32.41999817, 0.00000000
1, 18.9900, 1923, -0.20618574, -0.97719085, 0.22232755, 5.00486612, 14.99877167, 37.73992920, -45.30838776, 8.68167210, -96.25839996, 102.09699249, -8.95565128, 167.41151428, -0.00836314, 0.13378631, 0.76524973, 0.62962222, 0.05100495, 0.01076172, -0.01753033, 99.96700287, 113.66096497, 32.41999817, 0.00000000
1, 18.9950, 1924, -0.23000352, -0.97920299, 0.22710443, 5.26330137, 17.12881470, 37.61214828, -44.95761490, 9.00321579, -96.52148438, 102.11666870, -9.15735531, 167.45672607, -0.00672568, 0.13457029, 0.76518273, 0.62955636, 0.07115768, 0.01341432, -0.02210567, 99.96700287, 113.66096497, 32.41999817, 0.00000000
1, 19.0000, 1925, -0.24552482, -0.98191047, 0.23651765, 5.66430283, 19.22615051, 37.44672394, -44.95761490, 9.00321579, -96.52148438, 102.13648224, -9.36044788, 167.51243591, -0.00502054, 0.13529067, 0.76512545, 0.62948728, 0.08316552, 0.01673101, -0.03134748, 99.96700287, 113.66096497, 32.41999817, 0.00000000
1, 19.0050, 1926, -0.25209969, -0.98712766, 0.24311809, 5.95620775, 21.53055191, 37.32267380, -45.54224014, 9.20783424, -96.72610474, 102.15567017, -9.56535435, 167.57969666, -0.00324024, 0.13594307, 0.76507497, 0.62941992, 0.08620146, 0.02257884, -0.03776746, 99.96700287, 113.66096497, 32.41999817, 0.00000000
1, 19.0100, 1927, -0.25552103, -0.98876727, 0.24649869, 6.10125256, 24.15364075, 36.92766571, -45.54224014, 9.20783424, -96.72610474, 102.17311096, -9.77109528, 167.66032410, -0.00138251, 0.13650967, 0.76502836, 0.62936068, 0.08607696, 0.02486315, -0.04098697, 99.96700287, 113.66096497, 32.41999817, 0.00000000
1, 19.0150, 1928, -0.25558940, -0.99023378, 0.27380568, 6.13709545, 26.95315933, 36.39805222, -45.54224014, 9.20783424, -96.72610474, 102.18791962, -9.97719097, 167.75543213, 0.00055416, 0.13698095, 0.76498300, 0.62931478, 0.08253501, 0.02694097, -0.06816318, 99.96700287, 113.66096497, 32.41999817, 0.00000000
1, 19.0200, 1929, -0.26578271, -0.99262702, 0.30228183, 6.03330421, 29.54172516, 35.90024185, -45.74685669, 9.32475853, -96.75533295, 102.19953156, -10.18359852, 167.86390686, 0.00256279, 0.13736396, 0.76493448, 0.62928516, 0.08911019, 0.02994522, -0.09659555, 99.96700287, 113.66096497, 32.41999817, 0.00000000
1, 19.1550, 1930, -0.04378321, -1.11470151, 0.29293630, 7.77510500, 35.57804108, 88.70538330, -49.25460434, 11.16632557, -97.33995819, 102.20511627, -18.07609367, 171.07139587, 0.07361766, 0.15816949, 0.75859809, 0.62776732, -0.26526093, 0.18442632, -0.09381361, 99.96700287, 113.66096497, 32.41999817, 0.00000000
1, 19.1600, 1931, -0.05051189, -1.12465119, 0.27210775, 7.72783852, 37.02445984, 90.84358978, -49.25460434, 11.16632557, -97.33995819, 102.21652985, -18.55895042, 171.16163635, 0.07738838, 0.16012855, 0.75806320, 0.62746322, -0.26643860, 0.19700995, -0.07337460, 99.96700287, 113.66096497, 32.41999817, 0.00000000
1, 19.1650, 1932, -0.05147479, -1.14023268, 0.24798988, 7.53915882, 38.39999008, 92.98191071, -49.25460434, 11.16632557, -97.33995819, 102.22470856, -19.05372429, 171.25677490, 0.08126053, 0.16211805, 0.75748944, 0.62715578, -0.27354687, 0.21534958, -0.04972193, 99.96700287, 113.66096497, 32.41999817, 0.00000000
1, 19.1700, 1933, -0.03364302, -1.15603721, 0.23850617, 7.23688316, 40.33318710, 95.06486511, -50.36539078, 12.10172462, -97.66149902, 102.22800446, -19.56072617, 171.35986328, 0.08524990, 0.16412121, 0.75687081, 0.62685198, -0.29966170, 0.23401031, -0.04075678, 99.96700287, 113.66096497, 32.41999817, 0.00000000
1, 19.1750, 1934, 0.00239086, -1.17854798, 0.22044668, 7.09298086, 41.00619125, 97.46628571, -50.36539078, 12.10172462, -97.66149902, 102.22933197, -20.08018875, 171.46406555, 0.08932451, 0.16618221, 0.75621271, 0.62653565, -0.34413511, 0.25952327, -0.02326519, 99.96700287, 113.66096497, 32.41999817, 0.00000000
1, 19.1800, 1935, 0.02541810, -1.21062112, 0.20005386, 7.11279345, 39.99878693, 100.28125000, -50.19000244, 11.75094986, -98.39228058, 102.23273468, -20.61234093, 171.56018066, 0.09344129, 0.16835971, 0.75552255, 0.62618637, -0.37577528, 0.29475728, -0.00349699, 99.96700287, 113.66096497, 32.41999817, 0.00000000
1, 19.1850, 1936, 0.04538542, -1.26131225, 0.19631135, 6.74424076, 38.74507904, 103.06021881, -50.19000244, 11.75094986, -98.39228058, 102.23682404, -21.15677643, 171.64691162, 0.09758811, 0.17066085, 0.75479001, 0.62581444, -0.40456849, 0.34873956, -0.00043414, 99.96700287, 113.66096497, 32.41999817, 0.00000000
1, 19.1900, 1937, 0.06835304, -1.29850781, 0.19622800, 5.98806667, 37.39657974, 106.75325012, -50.19000244, 11.75094986, -98.39228058, 102.23291016, -21.67104912, 171.72402954, 0.10146491, 0.17287026, 0.75403625, 0.62549996, -0.43622607, 0.38924354, -0.00107141, 99.96700287, 113.66096497, 32.41999817, 0.00000000
1, 19.1950, 1938, 0.09151203, -1.33729053, 0.19404723, 4.73917055, 32.66603470, 110.40697479, -51.41771317, 12.62788677, -97.95381165, 102.24044037, -22.24502945, 171.77099609, 0.10559361, 0.17557976, 0.75318593, 0.62508619, -0.46823594, 0.43150705, 0.00039594, 99.96700287, 113.66096497, 32.41999817, 0.00000000
1, 19.2000, 1939, 0.09741613, -1.35868013, 0.18898746, 3.39590263, 29.69366455, 113.33266449, -51.41771317, 12.62788677, -97.95381165, 102.24807739, -22.83020782, 171.79902649, 0.10969187, 0.17846818, 0.75227082, 0.62466419, -0.48352480, 0.45671418, 0.00473161, 99.96700287, 113.66096497, 32.41999817, 0.00000000
1, 19.2900, 1940, 0.74641776, -1.63758588, 0.17433849, 18.80867004, 126.95280457, 144.89851379, -57.29319000, 17.71411896, -101.05232239, 101.39360809, -35.95705414, 174.63600159, 0.21038862, 0.22973965, 0.72606665, 0.61301190, -1.33132958, 0.84206712, -0.01396417, 99.96700287, 113.66096497, 32.41999817, 0.00000000
1, 19.2950, 1941, 0.63985825, -1.54131842, 0.01112360, 17.80375290, 126.51293945, 139.60794067, -57.29319000, 17.71411896, -101.05232239, 101.12693787, -36.76417160, 175.23881531, 0.21830598, 0.23059000, 0.72396690, 0.61240739, -1.23560870, 0.75339425, 0.14386937, 99.96700287, 113.66096497, 32.41999817, 0.00000000
1, 19.3000, 1942, 0.46326330, -1.41460729, -0.11304812, 24.19630432, 125.94677734, 133.51913452, -57.29319000, 17.71411896, -101.05232239, 100.87660980, -37.53853989, 175.85629272, 0.22609165, 0.23118621, 0.72205597, 0.61161321, -1.06963062, 0.63425994, 0.26268899, 99.96700287, 113.66096497, 32.41999817, 0.00000000
1, 19.3050, 1943, 0.39414418, -1.36950290, -0.04954068, 30.87967682, 125.64782715, 130.93821716, -57.64396286, 19.11721611, -101.92926025, 100.64599609, -38.29780197, 176.48542786, 0.23385116, 0.23162799, 0.72030580, 0.61059129, -1.01118147, 0.59643197, 0.19437775, 99.96700287, 113.66096497, 32.41999817, 0.00000000
1, 19.3100, 1944, 0.28571245, -1.31098425, 0.18208225, 35.56365967, 129.04516602, 128.92657471, -57.64396286, 19.11721611, -101.92926025, 100.41086578, -39.04820633, 177.14877319, 0.24169531, 0.23185319, 0.71861905, 0.60943753, -0.91360092, 0.54498881, -0.04199431, 99.96700287, 113.66096497, 32.41999817, 0.00000000
1, 19.3150, 1945, 0.17526382, -1.26187849, 0.40022203, 31.58137321, 134.13433838, 125.87376404, -57.93627548, 19.78953552, -102.74773407, 100.11905670, -39.78577423, 177.85945129, 0.24956143, 0.23187479, 0.71675617, 0.60845208, -0.81371868, 0.50291079, -0.26545250, 99.96700287, 113.66096497, 32.41999817, 0.00000000
1, 19.3200, 1946, 0.05848565, -1.18428218, 0.46890375, 19.58272171, 137.09762573, 121.43519592, -57.93627548, 19.78953552, -102.74773407, 99.73628998, -40.50090790, 178.60731506, 0.25726491, 0.23179555, 0.71453995, 0.60788023, -0.70675516, 0.43232483, -0.34043258, 99.96700287, 113.66096497, 32.41999817, 0.00000000
1, 19.3250, 1947, -0.06472072, -1.11421323, 0.40424126, 9.01685715, 139.67709351, 119.00225067, -57.93627548, 19.78953552, -102.74773407, 99.27116394, -41.20201111, 179.38955688, 0.26486123, 0.23167628, 0.71199280, 0.60765195, -0.59269935, 0.36926618, -0.28311592, 99.96700287, 113.66096497, 32.41999817, 0.00000000
1, 19.3300, 1948, -0.24600972, -1.02125609, 0.28379035, 3.05820942, 141.63789368, 120.80734253, -58.11166382, 20.02338409, -103.62467194, 98.75074768, -41.90849686, -179.80075073, 0.27248940, 0.23161490, 0.70920044, 0.60756803, -0.42033762, 0.28347325, -0.17083785, 99.96700287, 113.66096497, 32.41999817, 0.00000000
1, 19.3350, 1949, -0.44985741, -0.97454631, 0.19019823, 5.53981018, 139.99098206, 123.57572937, -58.11166382, 20.02338409, -103.62467194, 98.23265839, -42.62189865, -178.98693848, 0.28014714, 0.23163730, 0.70641875, 0.60731733, -0.22547632, 0.24413475, -0.08561167, 99.96700287, 113.66096497, 32.41999817, 0.00000000
1, 19.4650, 1950, -0.25857431, -0.12797838, 0.13714182, -31.18425369, -77.72843170, -54.09370041, -58.87167358, 23.41420555, -110.11399841, 90.16210938, -49.40215302, -171.01632690, 0.34523794, 0.24378131, 0.66444796, 0.61635250, -0.50186408, -0.52205473, -0.13705976, 99.96700287, 113.66096497, 32.41999817, 0.00000000
1, 19.4700, 1951, -0.25784004, -0.11144102, 0.14463493, -25.36102867, -85.60009003, -66.62371826, -58.87167358, 23.41420555, -110.11399841, 90.52919769, -49.06748199, -171.66954041, 0.34069127, 0.24454235, 0.66575110, 0.61717427, -0.49895942, -0.54283923, -0.14045696, 99.96700287, 113.66096497, 32.41999817, 0.00000000
1, 19.4750, 1952, -0.25775146, -0.11082794, 0.16165572, -22.06524086, -108.17429352, -79.92768860, -58.87167358, 23.41420555, -110.11399841, 91.03162384, -48.66167450, -172.48442078, 0.33515549, 0.24547067, 0.66760015, 0.61783904, -0.49468324, -0.54847860, -0.15210572, 99.96700287, 113.66096497, 32.41999817, 0.00000000
1, 19.4800, 1953, -0.25978744, -0.10824790, 0.16213875, -21.71984100, -124.48982239, -90.90671539, -58.69628525, 23.88190651, -110.28939056, 91.61253357, -48.19418716, -173.40757751, 0.32883841, 0.24650551, 0.66978663, 0.61845469, -0.48742807, -0.55683196, -0.14598688, 99.96700287, 113.66096497, 32.41999817, 0.00000000
1, 19.4850, 1954, -0.26767114, -0.09519742, 0.15209632, -22.21151161, -142.23425293, -102.15454102, -58.69628525, 23.88190651, -110.28939056, 92.26942444, -47.66102219, -174.44383240, 0.32167658, 0.24768634, 0.67229939, 0.61902285, -0.47349316, -0.57633531, -0.12828740, 99.96700287, 113.66096497, 32.41999817, 0.00000000
1, 19.4900, 1955, -0.27677584, -0.08414512, 0.13630822, -22.36943817, -158.29055786, -113.96223450, -58.75474930, 23.15112495, -109.32476044, 93.01200867, -47.07309723, -175.59112549, 0.31375343, 0.24906629, 0.67517346, 0.61940747, -0.45753729, -0.59442705, -0.10374836, 99.96700287, 113.66096497, 32.41999817, 0.00000000
1, 19.4950, 1956, -0.27291328, -0.08034332, 0.11942258, -21.97253227, -170.42034912, -126.62984467, -58.75474930, 23.15112495, -109.32476044, 93.76576996, -46.39227676, -176.77923584, 0.30505776, 0.25025147, 0.67825043, 0.61991161, -0.45356467, -0.60600775, -0.07734374, 99.96700287, 113.66096497, 32.41999817, 0.00000000
1, 19.5000, 1957, -0.24778618, -0.09251783, 0.10883252, -20.38484383, -178.20690918, -139.87506104, -58.75474930, 23.15112495, -107.98011780, 94.53176117, -45.63189316, -177.98783875, 0.29576188, 0.25121230, 0.68155509, 0.62040311, -0.46971959, -0.60248220, -0.05686325, 99.96700287, 113.66096497, 32.41999817, 0.00000000
1, 19.5050, 1958, -0.22917394, -0.12063758, 0.13312025, -16.87479019, -182.93872070, -151.98532104, -58.95936966, 22.50803757, -107.98011780, 95.29958344, -44.79796982, -179.19107056, 0.28600442, 0.25187081, 0.68507761, 0.62083119, -0.47839063, -0.58373988, -0.07093463, 99.96700287, 113.66096497, 32.41999817, 0.00000000
1, 19.5100, 1959, -0.22553800, -0.16476963, 0.18891051, -13.31975937, -184.97506714, -161.71847534, -58.95936966, 22.50803757, -107.98011780, 96.05404663, -43.90338516, 179.63175964, 0.27592865, 0.25222149, 0.68875182, 0.62118334, -0.47122347, -0.54952508, -0.11636271, 99.96700287, 113.66096497, 32.41999817, 0.00000000
1, 19.6200, 1960, -0.31851715, -0.86729217, 0.20829052, -56.16781998, -40.92367935, -289.08004761, -49.48845291, 10.52323914, -104.09236908, 97.49410248, -16.45118523, 169.65904236, 0.04831158, 0.16101056, 0.73254204, 0.65963924, 0.02866180, -0.08192828, -0.08450836, 99.96700287, 113.66096497, 32.41999817, 0.00000000
1, 19.6250, 1961, -0.28085452, -0.90332448, 0.19943430, -53.06814575, -37.51102066, -298.15170288, -48.26074219, 8.97398376, -104.76468658, 97.22443390, -14.94935322, 169.66149902, 0.03813905, 0.15268038, 0.73310190, 0.66166133, 0.01602080, -0.05361443, -0.07922451, 99.96700287, 113.66096497, 32.41999817, 0.00000000
1, 19.6300, 1962, -0.26556918, -0.95825756, 0.19562323, -49.11193085, -34.55557632, -308.19161987, -48.26074219, 8.97398376, -104.76468658, 96.97093964, -13.39945602, 169.67828369, 0.02778944, 0.14390945, 0.73370355, 0.66347343, 0.02671914, -0.00590982, -0.07894448, 99.96700287, 113.66096497, 32.41999817, 0.00000000
1, 19.6350, 1963, -0.26632103, -1.02190816, 0.17122097, -45.00249863, -33.03976440, -320.61627197, -48.26074219, 8.97398376, -104.76468658, 96.73649597, -11.78865433, 169.70339966, 0.01714790, 0.13466415, 0.73435676, 0.66505015, 0.05462018, 0.05108777, -0.05793380, 99.96700287, 113.66096497, 32.41999817, 0.00000000
1, 19.6400, 1964, -0.28430805, -1.05985725, 0.16682327, -39.63137817, -31.99418259, -328.93203735, -46.24378967, 8.33089733, -104.73545837, 96.53120422, -10.14220524, 169.73184204, 0.00636025, 0.12512194, 0.73506987, 0.66631556, 0.10068025, 0.08300391, -0.05667716, 99.96700287, 113.66096497, 32.41999817, 0.00000000
1, 19.6450, 1965, -0.31772387, -1.11903441, 0.16624758, -30.78525543, -30.11279297, -337.44735718, -46.24378967, 8.33089733, -104.73545837, 96.36703491, -8.44908047, 169.76934814, -0.00460355, 0.11519043, 0.73591965, 0.66718239, 0.16304156, 0.13692713, -0.05864063, 99.96700287, 113.66096497, 32.41999817, 0.00000000
1, 19.6500, 1966, -0.31240198, -1.17932987, 0.17098914, -23.52215958, -29.04419708, -343.12271118, -44.05144501, 7.24934244, -104.67699432, 96.23967743, -6.72815037, 169.81082153, -0.01566155, 0.10502087, 0.73684460, 0.66767156, 0.18734072, 0.19280763, -0.06534525, 99.96700287, 113.66096497, 32.41999817, 0.00000000
1, 19.6550, 1967, -0.30581158, -1.26125264, 0.18811570, -18.20200539, -28.44264221, -345.98028564, -44.05144501, 7.24934244, -104.67699432, 96.14003754, -4.99319315, 169.85325623, -0.02675604, 0.09472126, 0.73776966, 0.66783822, 0.21075210, 0.27120826, -0.08406977, 99.96700287, 113.66096497, 32.41999817, 0.00000000
1, 19.6600, 1968, -0.29637828, -1.35202742, 0.22522530, -12.84545326, -27.94186592, -348.98092651, -44.05144501, 7.24934244, -104.67699432, 96.06832886, -3.24344778, 169.89704895, -0.03789410, 0.08429440, 0.73869258, 0.66767639, 0.23159608, 0.35937190, -0.12240076, 99.96700287, 113.66096497, 32.41999817, 0.00000000
1, 19.6650, 1969, -0.27812815, -1.42681193, 0.25855249, -10.29376125, -28.00636673, -352.66036987, -41.33294296, 6.08009338, -105.17392731, 96.01070404, -1.47529030, 169.94044495, -0.04912321, 0.07373482, 0.73952872, 0.66726869, 0.24399967, 0.43249720, -0.15668312, 99.96700287, 113.66096497, 32.41999817, 0.00000000
1, 19.7750, 1970, -0.65891314, -0.30684891, -0.03261815, 43.33426666, 82.94649506, 8.16585922, -21.45571518, 2.83542824, -105.58316040, 98.04827118, 26.39633179, 175.84907532, -0.19538614, -0.12299986, 0.73998374, 0.63175899, 1.10412025, -0.57996213, 0.15428902, 99.96700287, 113.66096497, 32.41999817, 0.00000000
1, 19.7800, 1971, -0.57166690, -0.50657272, -0.17469399, 42.86851120, 53.47753906, 46.02678680, -21.45571518, 2.83542824, -105.58316040, 98.37786865, 26.13129807, 176.10806274, -0.19262356, -0.12262881, 0.74186665, 0.63046986, 1.01372111, -0.38093939, 0.30198061, 99.96700287, 113.66096497, 32.41999817, 0.00000000
1, 19.7850, 1972, -0.55709499, -0.70974088, -0.23331538, 44.27545166, 30.16530609, 80.54045868, -21.45571518, 2.83542824, -105.58316040, 98.64420319, 25.71142387, 176.20848083, -0.18966822, -0.12048534, 0.74376851, 0.62953764, 0.99330401, -0.17992637, 0.36504754, 99.96700287, 113.66096497, 32.41999817, 0.00000000
1, 19.7900, 1973, -0.59601176, -0.90138364, -0.10024242, 51.02010727, 17.38747406, 110.50522614, -21.66033363, 3.59543991, -105.61239624, 98.87862396, 25.04947472, 176.20460510, -0.18568373, -0.11637758, 0.74590111, 0.62897485, 1.02280211, 0.00779730, 0.23605260, 99.96700287, 113.66096497, 32.41999817, 0.00000000
1, 19.7950, 1974, -0.67860544, -1.07767236, 0.11085150, 56.56177902, 11.82093906, 135.60966492, -21.66033363, 3.59543991, -105.61239624, 99.14169312, 24.37117004, 176.15330505, -0.18185984, -0.11183630, 0.74823266, 0.62814623, 1.09377098, 0.17926618, 0.02918106, 99.96700287, 113.66096497, 32.41999817, 0.00000000
1, 19.8000, 1975, -0.69374627, -1.30937827, 0.26182327, 56.25711823, 12.07416725, 155.56427002, -22.59573174, 3.62467122, -104.99853516, 99.39627838, 23.59437180, 176.08287048, -0.17746994, -0.10664804, 0.75062156, 0.62745351, 1.09653282, 0.40606558, -0.11728968, 99.96700287, 113.66096497, 32.41999817, 0.00000000
1, 19.8050, 1976, -0.61465675, -1.51262760, 0.20468846, 51.75293732, 14.26616287, 170.11537170, -22.59573174, 3.62467122, -104.99853516, 99.62776184, 22.74422264, 176.00813293, -0.17257783, -0.10107246, 0.75293088, 0.62697411, 1.00417304, 0.60431194, -0.05561106, 99.96700287, 113.66096497, 32.41999817, 0.00000000
1, 19.8100, 1977, -0.37569800, -1.68796110, -0.14072217, 34.13774490, 30.72747421, 174.58769226, -22.59573174, 3.62467122, -104.99853516, 99.80289459, 21.85831261, 176.01417542, -0.16693400, -0.09592588, 0.75485587, 0.62699592, 0.75194985, 0.77496076, 0.29414991, 99.96700287, 113.66096497, 32.41999817, 0.00000000
1, 19.8150, 1978, -0.05337213, -1.70754790, -0.29901958, 22.97458267, 21.88067055, 176.37667847, -24.02806091, 2.89389062, -104.82315063, 99.90373230, 20.97094917, 175.96942139, -0.16147447, -0.09055247, 0.75637317, 0.62739617, 0.41559917, 0.78950661, 0.45612901, 99.96700287, 113.66096497, 32.41999817, 0.00000000
1, 19.8200, 1979, 0.42020851, -1.65472448, -0.23350407, 16.50086594, 0.77503866, 173.92303467, -24.02806091, 2.89389062, -104.82315063, 99.93431854, 20.11365128, 175.81506348, -0.15674198, -0.08472095, 0.75750965, 0.62803936, -0.07228937, 0.73142135, 0.39353478, 99.96700287, 113.66096497, 32.41999817, 0.00000000
1, 19.9250, 1980, -0.41756061, -0.21770185, 1.12070656, 48.07125473, -71.04901123, 110.78333282, -37.29903412, 2.74773455, -102.89389038, 98.40402985, 6.74532795, 162.62680054, -0.14253581, 0.07613608, 0.75284362, 0.63805443, 0.53439462, -0.76642531, -0.97790396, 99.96700287, 113.66096497, 32.41999817, 0.00000000
1, 19.9300, 1981, -0.38218176, -0.34450930, 1.25694454, 62.86609650, -63.87195587, 116.05895233, -37.29903412, 2.74773455, -102.89389038, 98.67420959, 6.21896648, 162.22323608, -0.14118502, 0.08211096, 0.75380486, 0.63647699, 0.48971385, -0.64022541, -1.10979342, 99.96700287, 113.66096497, 32.41999817, 0.00000000
1, 19.9350, 1982, -0.37640464, -0.61253929, 1.24153399, 71.81081390, -57.48610306, 124.65002441, -38.26366425, 3.62467122, -102.13388062, 98.99542999, 5.64750624, 161.84254456, -0.13934799, 0.08824115, 0.75499117, 0.63465273, 0.47425091, -0.37237281, -1.08933318, 99.96700287, 113.66096497, 32.41999817, 0.00000000
1, 19.9400, 1983, -0.47547695, -0.89206505, 1.02669013, 75.75872040, -53.48809433, 129.32194519, -38.26366425, 3.62467122, -102.13388062, 99.37723541, 5.02490234, 161.47947693, -0.13699701, 0.09459971, 0.75644207, 0.63251740, 0.56333697, -0.09250340, -0.86885607, 99.96700287, 113.66096497, 32.41999817, 0.00000000
1, 19.9450, 1984, -0.65703315, -1.12000394, 0.67640030, 70.48622131, -47.54426575, 126.48120880, -38.26366425, 3.62467122, -102.13388062, 99.70322418, 4.44095087, 161.14016724, -0.13477623, 0.10049872, 0.75757450, 0.63072681, 0.73529088, 0.13612790, -0.51321810, 99.96700287, 113.66096497, 32.41999817, 0.00000000
1, 19.9500, 1985, -0.87143904, -1.29086697, 0.34387198, 59.15110779, -35.72774124, 117.65337372, -39.22829437, 3.85852075, -101.37386322, 99.98033142, 3.89215040, 160.86387634, -0.13245255, 0.10571067, 0.75847226, 0.62928647, 0.94079936, 0.30767268, -0.17638958, 99.96700287, 113.66096497, 32.41999817, 0.00000000
1, 19.9550, 1986, -1.06395149, -1.33494115, 0.17311946, 41.53894806, -17.02496529, 107.00150299, -39.22829437, 3.85852075, -101.37386322, 100.17807007, 3.38050652, 160.68696594, -0.12988000, 0.10995252, 0.75901937, 0.62843549, 1.12467349, 0.35210317, -0.00232555, 99.96700287, 113.66096497, 32.41999817, 0.00000000
1, 19.9600, 1987, -1.14653087, -1.22446632, 0.15838829, 25.86390686, 3.48193717, 97.34944153, -40.54370117, 4.00467682, -101.34463501, 100.30479431, 2.89861727, 160.61827087, -0.12696558, 0.11322141, 0.75928158, 0.62813395, 1.19876409, 0.24161077, 0.01489530, 99.96700287, 113.66096497, 32.41999817, 0.00000000
1, 19.9650, 1988, -1.13797283, -1.09772336, 0.21803208, 20.99185944, 19.08179092, 88.49446106, -40.54370117, 4.00467682, -101.34463501, 100.41152954, 2.44648075, 160.63339233, -0.12379966, 0.11574003, 0.75952631, 0.62801105, 1.18205118, 0.11472727, -0.04258036, 99.96700287, 113.66096497, 32.41999817, 0.00000000
1, 19.9700, 1989, -1.08516741, -1.09235978, 0.27694869, 21.51553345, 35.97266769, 81.49438477, -40.54370117, 4.00467682, -101.34463501, 100.52408600, 2.01353478, 160.73706055, -0.12026237, 0.11756404, 0.75989902, 0.62790865, 1.12148285, 0.10931079, -0.09940265, 99.96700287, 113.66096497, 32.41999817, 0.00000000
1, 20.0800, 1990, -0.66295707, -1.08545995, 0.42002603, 14.71239090, 8.83006859, 35.54145050, -44.72376633, 5.43700647, -99.23999023, 102.74304199, -4.13732100, 159.01190186, -0.08589856, 0.16434944, 0.76353848, 0.61856258, 0.59055674, 0.11182070, -0.20372838, 99.96700287, 113.66096497, 32.41999817, 0.00000000
1, 20.0850, 1991, -0.55353141, -1.08036506, 0.44777006, 12.50174999, 22.70580101, 29.83630180, -44.84069061, 5.84624386, -99.76615143, 102.80016327, -4.30763435, 159.09017944, -0.08424670, 0.16477396, 0.76374865, 0.61841744, 0.47804207, 0.10712668, -0.23021975, 99.96700287, 113.66096497, 32.41999817, 0.00000000
1, 20.0900, 1992, -0.40713468, -1.03664601, 0.43375623, 6.02482319, 39.83878708, 26.22601700, -44.84069061, 5.84624386, -99.76615143, 102.86116028, -4.54624891, 159.25517273, -0.08165969, 0.16498311, 0.76401883, 0.61837494, 0.32811052, 0.06388928, -0.21498577, 99.96700287, 113.66096497, 32.41999817, 0.00000000
1, 20.0950, 1993, -0.31950366, -1.01391757, 0.39783412, 5.75563335, 44.02667618, 24.33128929, -44.84069061, 5.84624386, -99.76615143, 102.87500763, -4.71350002, 159.44358826, -0.07949448, 0.16462271, 0.76415622, 0.61858326, 0.23706271, 0.04163187, -0.17825997, 99.96700287, 113.66096497, 32.41999817, 0.00000000
1, 20.1000, 1994, -0.24787770, -1.00301003, 0.36112323, 6.02041531, 48.34104538, 23.16887283, -44.95761490, 3.01081562, -99.85384369, 102.88776398, -4.87988997, 159.65443420, -0.07721468, 0.16410679, 0.76432025, 0.61880648, 0.16263068, 0.03106933, -0.14118871, 99.96700287, 113.66096497, 32.41999817, 0.00000000
1, 20.1050, 1995, -0.17888966, -1.00457144, 0.33346829, 5.97403288, 51.98368073, 22.30987930, -44.95761490, 3.01081562, -99.85384369, 102.89804077, -5.04617453, 159.88404846, -0.07483678, 0.16346274, 0.76449692, 0.61905086, 0.09082076, 0.03296199, -0.11323164, 99.96700287, 113.66096497, 32.41999817, 0.00000000
1, 20.1100, 1996, -0.09867222, -1.00709987, 0.31286448, 5.39361715, 52.88781738, 22.16355705, -45.13300323, 6.28471184, -100.08769226, 102.90435791, -5.21278811, 160.11830139, -0.07243630, 0.16278645, 0.76465714, 0.61931658, 0.00775858, 0.03580400, -0.09236617, 99.96700287, 113.66096497, 32.41999817, 0.00000000
1, 20.1150, 1997, -0.04606808, -1.00335693, 0.28980306, 4.14528942, 50.35599518, 22.71498871, -45.13300323, 6.28471184, -100.08769226, 102.90493774, -5.37930965, 160.33958435, -0.07011364, 0.16219226, 0.76476705, 0.61960405, -0.04768267, 0.03236676, -0.06919137, 99.96700287, 113.66096497, 32.41999817, 0.00000000
1, 20.2300, 1998, 0.00906566, -0.95947063, 0.18564242, 5.89216423, 71.77281189, 14.79070663, -46.18532562, 6.28471184, -100.64308929, 102.97966766, -8.76374435, 164.17428589, -0.02625224, 0.15452950, 0.76623225, 0.62315303, -0.16123548, -0.00398436, 0.03490860, 99.96700287, 113.66096497, 32.41999817, 0.00000000
1, 20.2350, 1999, 0.11653137, -0.94540191, 0.22079943, 6.97715282, 65.37451935, 19.11107063, -46.18532562, 5.02776957, -100.96463013, 102.96851349, -8.92966557, 164.47521973, -0.02350184, 0.15339319, 0.76636678, 0.62337810, -0.27157265, -0.01775111, -0.00031842, 99.96700287, 113.66096497, 32.41999817, 0.00000000
1, 20.2400, 2000, 0.12946525, -0.92742157, 0.25136444, 8.67741013, 55.05623627, 22.97964287, -46.18532562, 5.02776957, -100.96463013, 102.98213959, -9.01945591, 164.71720886, -0.02155639, 0.15225278, 0.76665086, 0.62337857, -0.28683025, -0.03540992, -0.03078524, 99.96700287, 113.66096497, 32.41999817, 0.00000000
1, 20.2450, 2001, 0.13073047, -0.94198155, 0.22622675, 8.28717613, 46.89273834, 26.29524803, -46.56533051, 6.08009338, -101.28617096, 102.99195862, -9.19982910, 164.91899109, -0.01921822, 0.15185991, 0.76674610, 0.62343383, -0.29039013, -0.02039315, -0.00554508, 99.96700287, 113.66096497, 32.41999817, 0.00000000
1, 20.2500, 2002, 0.06834050, -0.96933532, 0.18233579, 9.48741531, 39.29399109, 28.41229248, -46.56533051, 6.08009338, -101.28617096, 103.01361084, -9.38208103, 165.08090210, -0.01706821, 0.15174507, 0.76684958, 0.62339705, -0.23103276, 0.00760254, 0.03834162, 99.96700287, 113.66096497, 32.41999817, 0.00000000
1, 20.2550, 2003, -0.01666689, -1.01336646, 0.18125822, 8.30336285, 31.49770164, 29.18794823, -46.56533051, 6.08009338, -101.28617096, 103.03536224, -9.55945396, 165.20344543, -0.01516524, 0.15186718, 0.76690704, 0.62334597, -0.14911383, 0.05222483, 0.03940773, 99.96700287, 113.66096497, 32.41999817, 0.00000000
1, 20.2600, 2004, -0.11747845, -1.01835203, 0.19455233, 4.05284500, 24.14754486, 29.13696480, -46.65302658, 6.57702398, -100.99385834, 103.04154205, -9.72842979, 165.28968811, -0.01353717, 0.15218495, 0.76684135, 0.62338662, -0.05126679, 0.05771144, 0.02591510, 99.96700287, 113.66096497, 32.41999817, 0.00000000
1, 20.2650, 2005, -0.17849638, -1.01072705, 0.20656781, 2.82101583, 22.90085793, 28.38683319, -46.65302658, 6.57702398, -100.99385834, 103.04219055, -9.89237309, 165.37068176, -0.01197925, 0.15251058, 0.76674438, 0.62345827, 0.00688272, 0.05054796, 0.01367219, 99.96700287, 113.66096497, 32.41999817, 0.00000000
1, 20.2700, 2006, -0.21277627, -1.00598395, 0.21388207, 3.52201128, 23.71280098, 28.18694878, -47.00379944, 6.98626137, -101.40309906, 103.04540253, -10.05624580, 165.45594788, -0.01039499, 0.15280733, 0.76666635, 0.62351000, 0.03833018, 0.04628161, 0.00620611, 99.96700287, 113.66096497, 32.41999817, 0.00000000
1, 20.2750, 2007, -0.23511249, -0.99574184, 0.23007406, 4.39663267, 24.87441063, 27.99319267, -47.00379944, 6.98626137, -101.40309906, 103.05165863, -10.22047997, 165.54721069, -0.00877140, 0.15306590, 0.76661181, 0.62353855, 0.05780413, 0.03652442, -0.01004367, 99.96700287, 113.66096497, 32.41999817, 0.00000000
1, 20.3850, 2008, 0.21027893, -1.05021775, 0.09759049, -2.00012231, 45.71485519, 57.38425446, -47.90996552, 7.19087982, -102.25080109, 102.48136902, -15.03558254, 170.13117981, 0.04825661, 0.14810222, 0.76316911, 0.62714440, -0.46854109, 0.10679633, 0.11022398, 99.96700287, 113.66096497, 32.41999817, 0.00000000
1, 20.3900, 2009, 0.21340229, -1.04906440, 0.09407976, -2.02752638, 40.07837677, 61.49156570, -47.90996552, 7.19087982, -102.25080109, 102.40776062, -15.27695751, 170.26982117, 0.05055699, 0.14849544, 0.76261812, 0.62754035, -0.47652185, 0.10670754, 0.11245520, 99.96700287, 113.66096497, 32.41999817, 0.00000000
1, 20.3950, 2010, 0.19952802, -1.04866111, 0.10130156, -1.96467578, 35.83269882, 65.73604584, -48.49459076, 8.15550995, -103.65390015, 102.36972046, -15.63627720, 170.37881470, 0.05353946, 0.14970013, 0.76205987, 0.62768477, -0.46778420, 0.10747413, 0.10400756, 99.96700287, 113.66096497, 32.41999817, 0.00000000
1, 20.4000, 2011, 0.16857432, -1.04656243, 0.08917445, -1.55017698, 31.87366295, 69.77256775, -48.49459076, 8.15550995, -103.65390015, 102.33971405, -16.01104546, 170.46366882, 0.05650343, 0.15114479, 0.76148784, 0.62777299, -0.44303402, 0.10699472, 0.11515667, 99.96700287, 113.66096497, 32.41999817, 0.00000000
1, 20.4050, 2012, 0.11696876, -1.05354202, 0.06660882, -0.91853750, 27.50883865, 73.37601471, -48.49459076, 8.15550995, -103.65390015, 102.31956482, -16.39875031, 170.52268982, 0.05942497, 0.15282544, 0.76091152, 0.62779516, -0.39782235, 0.11575001, 0.13681412, 99.96700287, 113.66096497, 32.41999817, 0.00000000
1, 20.4100, 2013, 0.07461269, -1.06235659, 0.05339202, -0.24036998, 25.22899818, 77.20382690, -48.46535873, 8.50628471, -103.30312347, 102.30694580, -16.80271912, 170.56608582, 0.06237980, 0.15469186, 0.76032519, 0.62776172, -0.36211962, 0.12646978, 0.14925253, 99.96700287, 113.66096497, 32.41999817, 0.00000000
1, 20.4150, 2014, 0.04444573, -1.09141183, 0.07490624, 0.37648171, 25.04237747, 80.87201691, -48.46535873, 8.50628471, -103.30312347, 102.29852295, -17.22441101, 170.60464478, 0.06543250, 0.15668124, 0.75972170, 0.62768841, -0.33897346, 0.15752715, 0.12701708, 99.96700287, 113.66096497, 32.41999817, 0.00000000
1, 20.4200, 2015, 0.04556684, -1.13019598, 0.08543331, 0.07708085, 24.27723694, 85.09889984, -48.61151505, 8.88629055, -103.27389526, 102.29094696, -17.66594696, 170.63475037, 0.06857298, 0.15883011, 0.75907266, 0.62759811, -0.34738290, 0.19848213, 0.11582316, 99.96700287, 113.66096497, 32.41999817, 0.00000000
1, 20.4250, 2016, 0.04354698, -1.14549828, 0.07906233, -0.37805554, 21.47764206, 88.40297699, -48.61151505, 8.88629055, -103.27389526, 102.28644562, -18.12067604, 170.64692688, 0.07170738, 0.16116406, 0.75838542, 0.62748367, -0.35285628, 0.21612546, 0.12154897, 99.96700287, 113.66096497, 32.41999817, 0.00000000
1, 20.4300, 2017, 0.04000047, -1.16574454, 0.07041161, -0.83193141, 18.66804123, 92.12741852, -48.61151505, 8.88629055, -103.27389526, 102.28543854, -18.59064674, 170.64056396, 0.07484688, 0.16369693, 0.75765604, 0.62734252, -0.35702345, 0.23887363, 0.12960166, 99.96700287, 113.66096497, 32.41999817, 0.00000000
1, 20.5700, 2018, 0.70341671, -1.54394317, -0.07661247, 15.80433941, 136.78828430, 143.27836609, -57.96550751, 16.31101990, -105.23238373, 101.49506378, -37.12655258, 172.31320190, 0.20576002, 0.25018582, 0.71892393, 0.61499453, -1.30390000, 0.76083219, 0.23622192, 99.96700287, 113.66096497, 32.41999817, 0.00000000
1, 20.5750, 2019, 0.61053771, -1.46026552, -0.15993680, 21.21759033, 135.32696533, 139.31889343, -57.96550751, 16.31101990, -105.23238373, 101.19741058, -37.94150925, 172.97875977, 0.21397112, 0.25070694, 0.71674174, 0.61452729, -1.22221386, 0.68498039, 0.31361505, 99.96700287, 113.66096497, 32.41999817, 0.00000000
1, 20.5800, 2020, 0.47157183, -1.42314327, -0.16736940, 25.97627449, 131.77133179, 133.84564209, -58.49166870, 17.33411217, -106.02162933, 100.91807556, -38.72351074, 173.64117432, 0.22196069, 0.25109053, 0.71472919, 0.61388046, -1.09408355, 0.65547866, 0.31529713, 99.96700287, 113.66096497, 32.41999817, 0.00000000
1, 20.5850, 2021, 0.35610038, -1.32304573, 0.00210632, 29.33873940, 126.26264954, 129.43020630, -58.49166870, 17.33411217, -106.02162933, 100.65975952, -39.47622681, 174.28587341, 0.22968204, 0.25143510, 0.71286100, 0.61307073, -0.98934162, 0.56260145, 0.14061925, 99.96700287, 113.66096497, 32.41999817, 0.00000000
1, 20.5900, 2022, 0.26247311, -1.29355776, 0.16300446, 33.74634933, 123.42331696, 128.85073853, -58.49166870, 17.33411217, -106.02162933, 100.41601563, -40.16635895, 174.92573547, 0.23697965, 0.25149670, 0.71121609, 0.61217785, -0.90577042, 0.54010904, -0.02516152, 99.96700287, 113.66096497, 32.41999817, 0.00000000
1, 20.5950, 2023, 0.11876395, -1.35832357, 0.51537412, 26.54652405, 124.21166229, 126.78795624, -58.72551727, 18.24028015, -106.92779541, 100.12336731, -40.89975739, 175.58267212, 0.24450743, 0.25181463, 0.70923686, 0.61138254, -0.77237284, 0.61152923, -0.38304326, 99.96700287, 113.66096497, 32.41999817, 0.00000000
1, 20.6000, 2024, 0.01676263, -1.32882941, 0.58153594, 9.69848156, 125.18811798, 122.11840057, -58.72551727, 18.24028015, -106.92779541, 99.72388458, -41.60818100, 176.26432800, 0.25174189, 0.25212830, 0.70680606, 0.61113226, -0.67995489, 0.58915704, -0.45567060, 99.96700287, 113.66096497, 32.41999817, 0.00000000
1, 20.6050, 2025, -0.08708824, -1.23726594, 0.46711966, -5.10537004, 122.30075073, 119.53899384, -59.01782990, 19.26337242, -107.95088959, 99.24523163, -42.29774857, 176.94435120, 0.25864229, 0.25258884, 0.70399970, 0.61129993, -0.58483255, 0.50472075, -0.34862238, 99.96700287, 113.66096497, 32.41999817, 0.00000000
1, 20.6100, 2026, -0.25183845, -1.14963436, 0.34790587, -11.41781616, 121.63131714, 123.42409515, -59.01782990, 19.26337242, -107.95088959, 98.72406006, -43.00158310, 177.63156128, 0.26554227, 0.25324330, 0.70094979, 0.61157548, -0.42877555, 0.42436516, -0.23749858, 99.96700287, 113.66096497, 32.41999817, 0.00000000
1, 20.6150, 2027, -0.42357764, -1.12750852, 0.28889313, -9.38361931, 119.83038330, 131.03169250, -59.01782990, 19.26337242, -107.95088959, 98.20897675, -43.73711014, 178.31575012, 0.27259773, 0.25413916, 0.69785047, 0.61164421, -0.26614004, 0.40993276, -0.18671662, 99.96700287, 113.66096497, 32.41999817, 0.00000000
1, 20.7000, 2028, -0.44361421, -0.55039358, 0.13072348, -37.47706604, -2.21827865, 34.50532913, -61.79479599, 24.29114342, -109.70476532, 94.97787476, -52.77980804, -179.17768860, 0.33198053, 0.29560122, 0.66246724, 0.60294789, -0.35267425, -0.05284880, -0.07976300, 99.96700287, 113.66096497, 32.41999817, 0.00000000
1, 20.7050, 2029, -0.35865360, -0.49659154, 0.12500891, -40.66055679, -9.81256962, 20.23880959, -61.41479111, 24.93422890, -110.20169067, 94.85065460, -52.87705231, -179.27281189, 0.33170891, 0.29703486, 0.66127670, 0.60369909, -0.43884596, -0.10516614, -0.07543217, 99.96700287, 113.66096497, 32.41999817, 0.00000000
1, 20.7100, 2030, -0.25063851, -0.39805150, 0.07995100, -42.16300583, -27.60398102, 3.28923798, -61.41479111, 24.93422890, -110.20169067, 94.82349396, -52.88258362, -179.50308228, 0.33045611, 0.29847071, 0.66051954, 0.60450637, -0.54699492, -0.20334980, -0.03046797, 99.96700287, 113.66096497, 32.41999817, 0.00000000
1, 20.7150, 2031, -0.19953233, -0.30282673, 0.00688962, -42.29526138, -40.27627945, -10.19074917, -61.41479111, 24.93422890, -110.20169067, 94.87127686, -52.81565475, -179.82850647, 0.32847831, 0.29985407, 0.66011262, 0.60534364, -0.59740680, -0.29910237, 0.04324231, 99.96700287, 113.66096497, 32.41999817, 0.00000000
1, 20.7200, 2032, -0.15829208, -0.19820863, -0.05945338, -40.17379379, -51.11407852, -23.83095932, -62.14557266, 25.51885414, -109.52937317, 94.99182892, -52.67586899, 179.76744080, 0.32585251, 0.30109945, 0.66008955, 0.60616922, -0.63719642, -0.40520424, 0.11108159, 99.96700287, 113.66096497, 32.41999817, 0.00000000
1, 20.7250, 2033, -0.11486092, -0.09768898, -0.09186690, -34.79425430, -60.74342346, -37.30858231, -62.14557266, 25.51885414, -109.52937317, 95.19155884, -52.46403503, 179.29626465, 0.32265913, 0.30213290, 0.66051513, 0.60689914, -0.67849290, -0.50818026, 0.14589560, 99.96700287, 113.66096497, 32.41999817, 0.00000000
1, 20.7300, 2034, -0.06803940, -0.02788118, -0.08037280, -27.27677155, -70.73330688, -50.96221924, -62.17480087, 26.01578522, -109.64630127, 95.48051453, -52.17832947, 178.75807190, 0.31890976, 0.30292836, 0.66145074, 0.60746521, -0.72249651, -0.58142376, 0.13779621, 99.96700287, 113.66096497, 32.41999817, 0.00000000
1, 20.7350, 2035, -0.03796021, 0.01332792, -0.03549346, -19.12931252, -79.94420624, -64.92077637, -62.17480087, 26.01578522, -109.64630127, 95.85296631, -51.81671524, 178.16304016, 0.31462511, 0.30344710, 0.66290224, 0.60785812, -0.74901319, -0.62703186, 0.09728168, 99.96700287, 113.66096497, 32.41999817, 0.00000000
1, 20.7400, 2036, -0.02681397, 0.03675866, 0.02458653, -12.28273392, -87.49150085, -78.99839020, -62.17480087, 26.01578522, -109.64630127, 96.32769012, -51.40452957, 177.49890137, 0.30993235, 0.30385864, 0.66486591, 0.60791874, -0.75591826, -0.65559399, 0.04258807, 99.96700287, 113.66096497, 32.41999817, 0.00000000
1, 20.7450, 2037, -0.04128358, 0.05277309, 0.08108085, -6.25339842, -92.18727112, -93.17289734, -61.73633194, 24.02806091, -108.97398376, 96.79872131, -50.88978195, 176.85246277, 0.30469561, 0.30369270, 0.66716498, 0.60813022, -0.73631507, -0.67763996, -0.00792611, 99.96700287, 113.66096497, 32.41999817, 0.00000000
1, 20.8000, 2038, -0.47046521, -0.35666415, 0.03739372, -18.48408508, -14.54489136, -204.31501770, -60.71324158, 17.94796753, -107.10318756, 98.89636230, -41.80943298, 174.09805298, 0.23948769, 0.26821244, 0.69691926, 0.62049276, -0.19962341, -0.37672624, 0.07625709, 99.96700287, 113.66096497, 32.41999817, 0.00000000
1, 20.8050, 2039, -0.42437366, -0.34091988, 0.00797012, -23.81889343, -7.88512993, -213.83285522, -59.60245514, 20.37415886, -106.92779541, 98.66710663, -40.74687958, 174.26104736, 0.23315474, 0.26217774, 0.69881707, 0.62334293, -0.23190205, -0.40488333, 0.10490298, 99.96700287, 113.66096497, 32.41999817, 0.00000000
1, 20.8100, 2040, -0.37059674, -0.31913552, -0.03381218, -27.90858650, -1.28056443, -223.50808716, -59.60245514, 20.37415886, -106.92779541, 98.39170837, -39.64084244, 174.46731567, 0.22669080, 0.25568655, 0.70058215, 0.62643468, -0.27103198, -0.43938988, 0.14523590, 99.96700287, 113.66096497, 32.41999817, 0.00000000
1, 20.8150, 2041, -0.32352719, -0.30631992, -0.04762449, -30.03520775, 4.81261396, -232.94009399, -58.60859299, 18.94182968, -106.86933899, 98.08550262, -38.49166107, 174.71046448, 0.22010799, 0.24873601, 0.70226336, 0.62968969, -0.30277431, -0.46516505, 0.15706223, 99.96700287, 113.66096497, 32.41999817, 0.00000000
1, 20.8200, 2042, -0.26489028, -0.30937979, -0.05109799, -31.32521439, 11.39387608, -246.47221375, -58.60859299, 18.94182968, -106.86933899, 97.75142670, -37.27892303, 174.99444580, 0.21331505, 0.24117580, 0.70391339, 0.63311684, -0.34490895, -0.47558156, 0.15795028, 99.96700287, 113.66096497, 32.41999817, 0.00000000
1, 20.8250, 2043, -0.22647704, -0.32924926, -0.03977262, -30.81938362, 11.83829689, -254.70529175, -58.60859299, 18.94182968, -106.86933899, 97.42691040, -36.02439499, 175.27458191, 0.20628700, 0.23331706, 0.70557362, 0.63653344, -0.36600059, -0.46927863, 0.14390269, 99.96700287, 113.66096497, 32.41999817, 0.00000000
1, 20.8300, 2044, -0.18865080, -0.35683402, -0.02149079, -29.90644836, 11.12082672, -262.27023315, -56.97164536, 16.98333740, -106.98625946, 97.11859131, -34.73066711, 175.54315186, 0.19900882, 0.22520745, 0.70725101, 0.63990086, -0.38567287, -0.45525870, 0.12295096, 99.96700287, 113.66096497, 32.41999817, 0.00000000
1, 20.8350, 2045, -0.16299365, -0.39277062, -0.00497437, -29.05751991, 9.81097412, -269.84851074, -56.97164536, 16.98333740, -106.98625946, 96.82778168, -33.39739227, 175.79695129, 0.19145918, 0.21686298, 0.70894098, 0.64320803, -0.39231262, -0.43281811, 0.10382031, 99.96700287, 113.66096497, 32.41999817, 0.00000000
1, 20.8400, 2046, -0.14376381, -0.43475735, 0.01010702, -28.51535606, 7.41669512, -277.34353638, -55.45162201, 15.37562084, -107.71704102, 96.55117035, -32.01158905, 176.03195190, 0.18352328, 0.20824286, 0.71063757, 0.64648938, -0.39154688, -0.40427795, 0.08619712, 99.96700287, 113.66096497, 32.41999817, 0.00000000
1, 20.8450, 2047, -0.12446732, -0.47981298, 0.01905279, -28.45799255, 3.87512946, -285.10510254, -55.45162201, 15.37562084, -107.71704102, 96.29801941, -30.59725761, 176.23838806, 0.17530932, 0.19952604, 0.71232164, 0.64965677, -0.38991225, -0.37251061, 0.07484795, 99.96700287, 113.66096497, 32.41999817, 0.00000000
1, 20.8650, 2048, -0.07869271, -0.64458883, 0.03611032, -28.35545158, -13.90827465, -313.50195313, -51.82695007, 11.60479355, -107.54165649, 95.45240784, -24.55447960, 176.79336548, 0.13888951, 0.16321306, 0.71873111, 0.66143554, -0.34319150, -0.25796828, 0.04948970, 99.96700287, 113.66096497, 32.41999817, 0.00000000
1, 20.8700, 2049, -0.08441725, -0.67627323, 0.03434759, -28.77189064, -19.44004440, -321.23480225, -51.82695007, 11.60479355, -107.54165649, 95.28221130, -22.94655418, 176.84884644, 0.12877144, 0.15388194, 0.72021413, 0.66410089, -0.31198502, -0.23791094, 0.04952728, 99.96700287, 113.66096497, 32.41999817, 0.00000000
1, 20.8750, 2050, -0.09957411, -0.72869062, 0.02388317, -27.90497398, -31.02862930, -328.67269897, -51.82695007, 11.60479355, -107.54165649, 95.14178467, -21.29629135, 176.84022522, 0.11805312, 0.14461790, 0.72168958, 0.66656834, -0.27039963, -0.19660085, 0.05848023, 99.96700287, 113.66096497, 32.41999817, 0.00000000
1, 20.8800, 2051, -0.11132409, -0.78172779, 0.01290926, -25.14301109, -37.20465088, -334.53353882, -49.34229660, 10.64016342, -108.21397400, 95.02673340, -19.61413956, 176.79766846, 0.10696188, 0.13530447, 0.72316015, 0.66879839, -0.23132196, -0.15409100, 0.06828797, 99.96700287, 113.66096497, 32.41999817, 0.00000000
1, 20.8850, 2052, -0.13425343, -0.82695293, -0.00170009, -22.27571678, -43.14856339, -339.86434937, -49.34229660, 10.64016342, -108.21397400, 94.93494415, -17.90293121, 176.72348022, 0.09552063, 0.12595335, 0.72461379, 0.67078060, -0.18026760, -0.11871675, 0.08202066, 99.96700287, 113.66096497, 32.41999817, 0.00000000
1, 20.8900, 2053, -0.15300791, -0.91632378, -0.02606635, -17.41942215, -49.02325439, -345.91995239, -47.67611694, 9.41245270, -108.38935852, 94.86688995, -16.15224075, 176.62124634, 0.08367880, 0.11648922, 0.72606891, 0.67249691, -0.13250917, -0.03848060, 0.10576352, 99.96700287, 113.66096497, 32.41999817, 0.00000000
1, 20.8950, 2054, -0.18254058, -1.03506470, -0.02753065, -11.55093861, -56.27893066, -352.12649536, -47.67611694, 9.41245270, -108.38935852, 94.84138489, -14.37452030, 176.48194885, 0.07147574, 0.10703813, 0.72761273, 0.67380553, -0.07318646, 0.07186262, 0.10703885, 99.96700287, 113.66096497, 32.41999817, 0.00000000
1, 20.9000, 2055, -0.24321882, -1.16044354, -0.04184113, -6.26817226, -64.91756439, -357.51724243, -47.67611694, 9.41245270, -108.38935852, 94.84754944, -12.56632423, 176.30149841, 0.05884670, 0.09762730, 0.72918373, 0.67475706, 0.01802596, 0.18973142, 0.12160617, 99.96700287, 113.66096497, 32.41999817, 0.00000000
1, 20.9050, 2056, -0.30006269, -1.29330552, -0.06159737, -1.33657038, -71.20265198, -363.86395264, -45.48377609, 7.45396090, -108.18473816, 94.87828064, -10.72376728, 176.09365845, 0.04583640, 0.08816204, 0.73075593, 0.67536825, 0.10621510, 0.31597584, 0.14200133, 99.96700287, 113.66096497, 32.41999817, 0.00000000
1, 20.9100, 2057, -0.34357059, -1.43785954, -0.06000347, 2.75853109, -73.00354004, -370.12817383, -45.48377609, 7.45396090, -108.18473816, 94.92350006, -8.84905720, 175.88191223, 0.03258717, 0.07851847, 0.73228180, 0.67567480, 0.18177293, 0.45481300, 0.14127801, 99.96700287, 113.66096497, 32.41999817, 0.00000000
1, 20.9650, 2058, -0.61888117, -2.14438844, 0.55156624, -27.71822739, -34.46735382, -353.85443115, -31.24817276, 0.93539900, -107.92166138, 93.81938171, 12.54079914, 174.49940491, -0.11225370, -0.03969636, 0.72865289, 0.67445409, 0.82717025, 1.16795456, -0.49084383, 99.96700287, 113.66096497, 32.41999817, 0.00000000
1, 20.9700, 2059, -0.50616258, -2.31107736, 0.49042785, -36.26909256, -19.93726921, -333.76998901, -31.24817276, 0.93539900, -107.92166138, 93.63548279, 14.21213627, 174.50598145, -0.12264591, -0.04987917, 0.72680515, 0.67396170, 0.74347025, 1.34117305, -0.43304259, 99.96700287, 113.66096497, 32.41999817, 0.00000000
1, 20.9750, 2060, -0.29804388, -2.27320194, 0.21828793, -53.17490387, -17.52422333, -313.97323608, -31.24817276, 0.93539900, -107.92166138, 93.36722565, 15.78373623, 174.51214600, -0.13231552, -0.05958490, 0.72436851, 0.67396772, 0.56299055, 1.31049156, -0.16491066, 99.96700287, 113.66096497, 32.41999817, 0.00000000
1, 20.9800, 2061, -0.15057802, -1.82356262, 0.01476224, -57.36554718, -29.91378975, -288.17138672, -28.73428726, 3.01081562, -109.09090424, 93.05556488, 17.22982597, 174.43801880, -0.14158221, -0.06812312, 0.72167528, 0.67416513, 0.44092548, 0.86807740, 0.03414448, 99.96700287, 113.66096497, 32.41999817, 0.00000000
1, 20.9850, 2062, -0.31326467, -1.61353850, 0.07419005, -42.88018417, -46.39926910, -266.45553589, -28.73428726, 3.01081562, -109.09090424, 92.78369904, 18.57126617, 174.26321411, -0.15075061, -0.07539205, 0.71925944, 0.67398530, 0.62620717, 0.66489267, -0.03050167, 99.96700287, 113.66096497, 32.41999817, 0.00000000
1, 20.9900, 2063, -0.65825903, -1.35449255, 0.35132468, -16.70692062, -66.52309418, -239.85760498, -26.45425224, 3.74159598, -109.55860901, 92.61299133, 19.74753952, 173.97454834, -0.15958451, -0.08085430, 0.71757686, 0.67311132, 0.99067563, 0.41211262, -0.31162223, 99.96700287, 113.66096497, 32.41999817, 0.00000000
1, 20.9950, 2064, -0.93212032, -1.21880078, 0.64048260, -1.56725705, -66.49574280, -218.00183105, -26.45425224, 3.74159598, -109.55860901, 92.49684906, 20.85076904, 173.67022705, -0.16806175, -0.08572303, 0.71624517, 0.67186296, 1.28206480, 0.28249705, -0.60359234, 99.96700287, 113.66096497, 32.41999817, 0.00000000
1, 21.0000, 2065, -1.34026062, -1.14803970, 0.96354443, 2.33934712, -52.09557343, -195.27493286, -26.45425224, 3.74159598, -109.55860901, 92.42026520, 21.83708954, 173.43406677, -0.17542240, -0.09026961, 0.71515775, 0.67054290, 1.70594430, 0.21751864, -0.92920661, 99.96700287, 113.66096497, 32.41999817, 0.00000000
1, 21.0700, 2066, -0.68246973, -1.28275883, 0.08499512, 58.71670532, 117.94100952, 196.89416504, -23.53113174, 2.54311609, -108.27243042, 97.35393524, 19.03733253, -179.58567810, -0.12183605, -0.11187130, 0.74025899, 0.65165746, 1.01279616, 0.34636587, 0.03014851, 99.96700287, 113.66096497, 32.41999817, 0.00000000
1, 21.0750, 2067, -0.25313139, -1.49513555, -0.01302120, 57.87208557, 120.50684357, 198.54342651, -23.53113174, 2.54311609, -108.27243042, 97.80242157, 17.97529602, -179.09196472, -0.11257593, -0.10858887, 0.74348760, 0.65020108, 0.56615531, 0.55395669, 0.13703579, 99.96700287, 113.66096497, 32.41999817, 0.00000000
1, 21.0800, 2068, 0.31092846, -1.75469995, -0.18992834, 51.01444626, 133.36642456, 192.87319946, -24.70038033, 1.31540489, -107.36626434, 98.22565460, 16.92880821, -178.53894043, -0.10301512, -0.10587607, 0.74647588, 0.64880818, -0.01493909, 0.80927396, 0.32283351, 99.96700287, 113.66096497, 32.41999817, 0.00000000
1, 21.0850, 2069, 0.99758726, -1.88060772, -0.32887426, 29.32790756, 136.58149719, 184.60305786, -24.70038033, 1.31540489, -107.36626434, 98.53457642, 15.91731071, -177.97317505, -0.09347195, -0.10360774, 0.74874777, 0.64800096, -0.71834189, 0.93116575, 0.46967649, 99.96700287, 113.66096497, 32.41999817, 0.00000000
1, 21.0900, 2070, 1.95819592, -1.87769127, -0.54052579, 7.79883289, 107.97920227, 171.19100952, -25.19731140, 0.61385560, -106.66471863, 98.68551636, 14.99652195, -177.55180359, -0.08517437, -0.10107129, 0.75014549, 0.64792883, -1.69436526, 0.92464370, 0.68757081, 99.96700287, 113.66096497, 32.41999817, 0.00000000
1, 21.0950, 2071, 2.56394792, -1.88497746, -0.75497544, -10.10157013, 102.47106934, 143.00048828, -25.19731140, 0.61385560, -106.66471863, 98.74045563, 14.21258259, -177.13932800, -0.07772896, -0.09933028, 0.75085759, 0.64830917, -2.31371737, 0.92879796, 0.90546036, 99.96700287, 113.66096497, 32.41999817, 0.00000000
1, 21.1000, 2072, 3.12816262, -1.72456455, -1.22808695, -51.60328674, 144.12066650, 94.81754303, -25.19731140, 0.61385560, -106.66471863, 98.64243317, 13.63536835, -176.47854614, -0.07009827, -0.10047829, 0.75027996, 0.64966941, -2.88703299, 0.76644969, 1.37956536, 99.96700287, 113.66096497, 32.41999817, 0.00000000
1, 21.1050, 2073, 3.21689987, -1.23460329, -1.50691772, -76.94709015, 121.66653442, 79.28713989, -27.00964546, 0.99386144, -107.04472351, 98.38828278, 13.15298557, -175.91981506, -0.06352467, -0.10156621, 0.74880630, 0.65187275, -2.98364949, 0.27435416, 1.65606022, 99.96700287, 113.66096497, 32.41999817, 0.00000000
1, 21.1100, 2074, 2.85605931, -0.82397687, -1.39833713, -62.37992096, -0.98205388, 77.40515137, -27.00964546, 0.99386144, -107.04472351, 98.06388855, 12.76953030, -175.98107910, -0.06106880, -0.09917776, 0.74737370, 0.65411550, -2.63001847, -0.13881189, 1.54222345, 99.96700287, 113.66096497, 32.41999817, 0.00000000
1, 21.1150, 2075, 2.13441253, -0.63163793, -1.01880264, -34.34138870, -128.17691040, 78.22274780, -26.57117844, 1.60771704, -107.89242554, 97.73933411, 12.46849728, -176.68620300, -0.06285319, -0.09305044, 0.74638230, 0.65597612, -1.91476393, -0.33375901, 1.15589130, 99.96700287, 113.66096497, 32.41999817, 0.00000000
1, 21.1300, 2076, -0.20446129, -0.74655211, -0.30397186, 17.55018997, -350.48852539, 109.13819122, -27.79888916, 1.72464192, -107.57088470, 96.81044769, 11.60391331, 178.80032349, -0.08251165, -0.05931637, 0.74468917, 0.65962982, 0.40786481, -0.22514796, 0.41954446, 99.96700287, 113.66096497, 32.41999817, 0.00000000
1, 21.1350, 2077, -0.92059839, -0.76596081, 0.13379844, 35.67746353, -402.65753174, 134.26853943, -27.79888916, 1.72464192, -107.57088470, 96.57202911, 11.16855049, 176.68168640, -0.09178398, -0.04321292, 0.74449629, 0.65987396, 1.11595786, -0.20836839, -0.02416531, 99.96700287, 113.66096497, 32.41999817, 0.00000000
1, 21.1400, 2078, -1.54662287, -0.78139639, 0.74690670, 58.11098099, -415.27777100, 166.21060181, -30.54662323, 1.95849168, -107.89242554, 96.45775604, 10.55836964, 174.48829651, -0.10043526, -0.02551441, 0.74473614, 0.65926468, 1.73087692, -0.19608507, -0.64123654, 99.96700287, 113.66096497, 32.41999817, 0.00000000
1, 21.1450, 2079, -1.93430245, -1.15424252, 1.37936568, 81.53390503, -374.13861084, 199.42146301, -30.54662323, 1.95849168, -107.89242554, 96.51396942, 9.77633572, 172.48699951, -0.10690462, -0.00790401, 0.74554425, 0.65777862, 2.10423326, 0.17343926, -1.27476144, 99.96700287, 113.66096497, 32.41999817, 0.00000000
1, 21.1500, 2080, -1.99392247, -1.57398438, 1.71914387, 86.15440369, -328.14978027, 232.81195068, -30.54662323, 1.95849168, -107.89242554, 96.65943909, 8.80628681, 170.70190430, -0.11088819, 0.00949168, 0.74646497, 0.65605175, 2.14690638, 0.59020454, -1.61280382, 99.96700287, 113.66096497, 32.41999817, 0.00000000
1, 21.1550, 2081, -1.88483000, -1.77942550, 1.82733917, 64.49121094, -244.34962463, 238.41508484, -34.08359909, 2.10464764, -106.60625458, 96.78789520, 7.76404524, 169.33653259, -0.11196339, 0.02456130, 0.74696177, 0.65491158, 2.01983547, 0.79310286, -1.71842694, 99.96700287, 113.66096497, 32.41999817, 0.00000000
1, 21.1600, 2082, -1.68766677, -1.75160682, 1.73095727, 55.97470093, -200.82127380, 216.84719849, -34.08359909, 2.10464764, -106.60625458, 96.92660522, 6.80621672, 168.20271301, -0.11222418, 0.03763698, 0.74729991, 0.65385938, 1.80587125, 0.76347566, -1.61896896, 99.96700287, 113.66096497, 32.41999817, 0.00000000
1, 21.1650, 2083, -1.34790075, -1.66715360, 1.38926518, 60.31703186, -167.29031372, 183.87095642, -36.24671173, 1.11078632, -105.87547302, 97.12496948, 5.99520111, 167.25570679, -0.11231210, 0.04869551, 0.74786782, 0.65246344, 1.45223641, 0.67827022, -1.27295375, 99.96700287, 113.66096497, 32.41999817, 0.00000000
1, 21.1700, 2084, -1.11655498, -1.43009961, 1.04123330, 60.95691681, -167.81918335, 155.14245605, -36.24671173, 1.11078632, -105.87547302, 97.33975983, 5.33058405, 166.32228088, -0.11322375, 0.05883002, 0.74842429, 0.65083063, 1.20959878, 0.44102269, -0.92006230, 99.96700287, 113.66096497, 32.41999817, 0.00000000
1, 21.1750, 2085, -1.01992023, -1.13947797, 0.73534542, 46.99357224, -187.90864563, 136.57917786, -38.52674484, 2.33849740, -104.96930695, 97.48651123, 4.77363729, 165.29948425, -0.11534204, 0.06885627, 0.74845105, 0.64944297, 1.10363698, 0.15036157, -0.61048007, 99.96700287, 113.66096497, 32.41999817, 0.00000000
1, 21.2000, 2086, -1.22937620, -0.69820464, 0.52268636, 30.07146072, 74.41101837, 89.66262817, -40.89447403, 1.14001751, -103.85852051, 98.37680054, 2.24987054, 163.25532532, -0.10984673, 0.09748787, 0.75052041, 0.64432055, 1.26947486, -0.29122397, -0.38194352, 99.96700287, 113.66096497, 32.41999817, 0.00000000
1, 21.2050, 2087, -0.95158434, -0.55488086, 0.82858247, 18.99649620, 90.76743317, 78.97677612, -40.89447403, 1.14001751, -103.85852051, 98.48658752, 1.79358757, 163.64736938, -0.10457211, 0.09760286, 0.75114995, 0.64444721, 0.98280954, -0.43504828, -0.68482816, 99.96700287, 113.66096497, 32.41999817, 0.00000000
1, 21.2100, 2088, -0.86339206, -0.59228396, 0.76170206, 25.09841347, 64.05861664, 72.09328461, -40.89447403, 1.14001751, -103.85852051, 98.62034607, 1.39025509, 163.91133118, -0.10033756, 0.09826976, 0.75184041, 0.64421397, 0.88748586, -0.39742559, -0.61559200, 99.96700287, 113.66096497, 32.41999817, 0.00000000
1, 21.2150, 2089, -0.83268100, -0.75510871, 0.43059003, 31.51231575, 65.21131897, 68.42874908, -41.04063034, 2.60157847, -103.59543610, 98.78437805, 1.00354993, 164.18263245, -0.09613956, 0.09880999, 0.75271690, 0.64374763, 0.85079688, -0.23379800, -0.28194433, 99.96700287, 113.66096497, 32.41999817, 0.00000000
1, 21.2200, 2090, -0.69746798, -0.94802916, 0.12994321, 34.69344711, 77.76542664, 64.58637238, -41.04063034, 2.60157847, -103.59543610, 98.96337128, 0.62546742, 164.51770020, -0.09162253, 0.09888205, 0.75373667, 0.64320201, 0.70969290, -0.04001563, 0.02178485, 99.96700287, 113.66096497, 32.41999817, 0.00000000
1, 21.2250, 2091, -0.49850774, -1.10248327, -0.08650462, 34.60066223, 84.54713440, 60.61304855, -41.01139832, 2.66004086, -103.65390015, 99.13999176, 0.26069990, 164.88816833, -0.08699292, 0.09863029, 0.75478113, 0.64265835, 0.50484037, 0.11521927, 0.24154654, 99.96700287, 113.66096497, 32.41999817, 0.00000000
1, 21.2300, 2092, -0.31440440, -1.21838927, -0.15507357, 35.11839294, 82.09560394, 56.97270203, -41.01139832, 2.66004086, -103.65390015, 99.31684875, -0.08527029, 165.24830627, -0.08254215, 0.09832723, 0.75582957, 0.64205933, 0.31478202, 0.23170972, 0.31342202, 99.96700287, 113.66096497, 32.41999817, 0.00000000
1, 21.2350, 2093, -0.11931857, -1.31895590, -0.10437321, 35.90048981, 75.65190125, 54.32044983, -41.01139832, 2.66004086, -103.65390015, 99.49559784, -0.41405493, 165.57771301, -0.07837313, 0.09811860, 0.75687265, 0.64138460, 0.11376551, 0.33271691, 0.26611623, 99.96700287, 113.66096497, 32.41999817, 0.00000000
1, 21.2400, 2094, 0.09292904, -1.38775909, -0.03791388, 34.73819733, 65.73082733, 53.64309311, -41.50833130, 3.01081562, -103.65390015, 99.64883423, -0.72064734, 165.85729980, -0.07464942, 0.09808591, 0.75774449, 0.64080405, -0.10414013, 0.40193272, 0.20289665, 99.96700287, 113.66096497, 32.41999817, 0.00000000
1, 21.2450, 2095, 0.27252042, -1.41623831, 0.06261907, 32.70959091, 51.21404266, 54.02394867, -41.50833130, 3.01081562, -103.65390015, 99.80990601, -1.02940607, 166.06463623, -0.07130635, 0.09853855, 0.75859487, 0.64010900, -0.28931090, 0.43077528, 0.10541280, 99.96700287, 113.66096497, 32.41999817, 0.00000000
1, 21.2900, 2096, -0.35215890, -0.93810141, 0.27977318, 16.27011681, -37.90580750, 47.41201401, -42.47296143, 2.30926633, -102.89389038, 100.67682648, -3.22076988, 164.73797607, -0.06327948, 0.11996545, 0.76032645, 0.63522267, 0.29678202, -0.04369263, -0.09781834, 99.96700287, 113.66096497, 32.41999817, 0.00000000
1, 21.2950, 2097, -0.40988877, -0.96115005, 0.30708587, 14.82919025, -31.38228798, 43.55484390, -42.47296143, 2.30926633, -102.89389038, 100.76274872, -3.40569782, 164.54330444, -0.06303225, 0.12231962, 0.76042366, 0.63468170, 0.35050464, -0.02014239, -0.12361766, 99.96700287, 113.66096497, 32.41999817, 0.00000000
1, 21.3000, 2098, -0.46209326, -0.98771381, 0.30442363, 14.00267410, -25.62417984, 39.88191986, -43.64220810, 3.88775206, -102.45542145, 100.84319305, -3.57765174, 164.38008118, -0.06270023, 0.12438940, 0.76052922, 0.63418561, 0.39966631, 0.00687198, -0.11976753, 99.96700287, 113.66096497, 32.41999817, 0.00000000
1, 21.3050, 2099, -0.50291592, -1.01956522, 0.30417046, 14.18057823, -17.53387642, 36.63738251, -43.64220810, 3.88775206, -102.45542145, 100.92225647, -3.74102449, 164.25946045, -0.06218883, 0.12612735, 0.76067615, 0.63371634, 0.43761104, 0.03916230, -0.11834832, 99.96700287, 113.66096497, 32.41999817, 0.00000000
1, 21.3100, 2100, -0.52363431, -1.05008006, 0.31748468, 14.84691238, -5.71261024, 33.40544891, -43.64220810, 3.88775206, -102.45542145, 101.00086212, -3.89949846, 164.19982910, -0.06137139, 0.12743202, 0.76088881, 0.63327944, 0.45551950, 0.07009618, -0.13044906, 99.96700287, 113.66096497, 32.41999817, 0.00000000
1, 21.3150, 2101, -0.48529124, -1.07699931, 0.32138112, 14.54006481, 7.02181816, 29.50662231, -43.29143524, 3.82928967, -102.77696228, 101.07347107, -4.05083704, 164.20634460, -0.06024133, 0.12825368, 0.76114696, 0.63291186, 0.41448289, 0.09743837, -0.13305673, 99.96700287, 113.66096497, 32.41999817, 0.00000000
1, 21.3200, 2102, -0.43835244, -1.07271194, 0.31809169, 13.73496246, 17.14228058, 26.95392227, -43.29143524, 3.82928967, -102.77696228, 101.13824463, -4.19934130, 164.26492310, -0.05885059, 0.12870839, 0.76142168, 0.63261974, 0.36498404, 0.09356301, -0.12852293, 99.96700287, 113.66096497, 32.41999817, 0.00000000
1, 21.3250, 2103, -0.35716489, -1.05963123, 0.32294270, 12.15331078, 29.72751617, 24.46985626, -44.34375763, 0.08769365, -102.22157288, 101.19017792, -4.34780884, 164.38764954, -0.05711968, 0.12872829, 0.76169717, 0.63244277, 0.28118926, 0.08084521, -0.13226223, 99.96700287, 113.66096497, 32.41999817, 0.00000000
1, 21.3300, 2104, -0.29667392, -1.04902959, 0.33558840, 10.86952019, 35.47294235, 22.62516975, -44.34375763, 0.08769365, -102.22157288, 101.23302460, -4.49288654, 164.54035950, -0.05525602, 0.12852457, 0.76195914, 0.63233417, 0.21812654, 0.07056677, -0.14400676, 99.96700287, 113.66096497, 32.41999817, 0.00000000
1, 21.3350, 2105, -0.24629411, -1.03877938, 0.35318089, 9.32384300, 39.46204376, 21.30278969, -44.34375763, 0.08769365, -102.22157288, 101.26609802, -4.63545275, 164.71391296, -0.05330481, 0.12816250, 0.76219255, 0.63229382, 0.16521323, 0.06060167, -0.16088894, 99.96700287, 113.66096497, 32.41999817, 0.00000000
1, 21.3650, 2106, -0.10720120, -0.95956242, 0.23771900, 4.37027693, 45.60673141, 18.91844559, -44.40222168, 3.68313360, -102.95235443, 101.36607361, -5.50691128, 165.91960144, -0.04068473, 0.12492223, 0.76320231, 0.63266218, 0.01123122, -0.01675045, -0.04339520, 99.96700287, 113.66096497, 32.41999817, 0.00000000
1, 21.3700, 2107, -0.08063231, -0.95795739, 0.21372917, 5.18695641, 45.52960968, 18.06495857, -44.40222168, 3.68313360, -102.95235443, 101.37216949, -5.63993979, 166.12619019, -0.03864269, 0.12427224, 0.76332796, 0.63276678, -0.01760696, -0.01807597, -0.01928794, 99.96700287, 113.66096497, 32.41999817, 0.00000000
1, 21.3750, 2108, -0.06121685, -0.95523834, 0.20551826, 5.27482510, 44.01199341, 17.46682930, -44.66530228, 3.94621444, -103.21543121, 101.37892914, -5.76856995, 166.32589722, -0.03666706, 0.12364395, 0.76345319, 0.63285625, -0.03926439, -0.02053935, -0.01095960, 99.96700287, 113.66096497, 32.41999817, 0.00000000
1, 21.3800, 2109, -0.04336591, -0.94592714, 0.18322845, 5.35256958, 40.43451309, 17.06510162, -44.66530228, 3.94621444, -103.21543121, 101.38735199, -5.89175844, 166.50842285, -0.03482100, 0.12310088, 0.76357377, 0.63292086, -0.05921147, -0.02957204, 0.01148488, 99.96700287, 113.66096497, 32.41999817, 0.00000000
1, 21.3850, 2110, -0.03985297, -0.93740022, 0.16929260, 5.75279284, 36.77774429, 17.18315887, -44.66530228, 3.94621444, -103.21543121, 101.39929199, -6.01196241, 166.67280579, -0.03309114, 0.12266305, 0.76369667, 0.63295043, -0.06478968, -0.03782523, 0.02558535, 99.96700287, 113.66096497, 32.41999817, 0.00000000
1, 21.3900, 2111, -0.04503638, -0.94077897, 0.16851382, 6.18993807, 32.98456192, 17.19233704, -44.31452560, 3.74159598, -103.74159241, 101.40756226, -6.10282469, 166.81835938, -0.03166659, 0.12218969, 0.76380777, 0.63298082, -0.06141971, -0.03421918, 0.02649643, 99.96700287, 113.66096497, 32.41999817, 0.00000000
1, 21.3950, 2112, -0.05696809, -0.94663465, 0.17159601, 6.47980928, 29.63929749, 17.35427856, -44.31452560, 3.74159598, -103.74159241, 101.42631531, -6.21692467, 166.94738770, -0.03016552, 0.12195536, 0.76393580, 0.63294482, -0.05126380, -0.02813270, 0.02358232, 99.96700287, 113.66096497, 32.41999817, 0.00000000
1, 21.4000, 2113, -0.08890077, -0.95432854, 0.18880087, 6.11405945, 27.60772705, 17.69608498, -44.69453430, 3.94621444, -103.33235931, 101.44412994, -6.33075714, 167.06605530, -0.02872440, 0.12178797, 0.76404750, 0.63290924, -0.02134654, -0.02019195, 0.00655649, 99.96700287, 113.66096497, 32.41999817, 0.00000000
1, 21.4050, 2114, -0.12154566, -0.95573723, 0.20224479, 4.98327780, 27.09942436, 18.15404320, -44.69453430, 3.94621444, -103.33235931, 101.45639038, -6.44636488, 167.18177795, -0.02729344, 0.12164818, 0.76412338, 0.63290781, 0.00926955, -0.01854080, -0.00678503, 99.96700287, 113.66096497, 32.41999817, 0.00000000
1, 21.4100, 2115, -0.16519012, -0.95235050, 0.22596455, 4.61383772, 28.37084007, 18.74988365, -44.69453430, 3.94621444, -103.33235931, 101.46593475, -6.56617737, 167.30316162, -0.02580556, 0.12149248, 0.76418585, 0.63292474, 0.05079966, -0.02170197, -0.03047719, 99.96700287, 113.66096497, 32.41999817, 0.00000000
1, 21.4150, 2116, -0.20673056, -0.94732094, 0.26034045, 4.06875038, 32.33044052, 19.02646255, -44.63607025, 4.12160206, -103.59543610, 101.47028351, -6.69127226, 167.44383240, -0.02418095, 0.12123555, 0.76423442, 0.63297951, 0.09010793, -0.02652496, -0.06490109, 99.96700287, 113.66096497, 32.41999817, 0.00000000
1, 21.4450, 2117, -0.12027401, -0.94987714, 0.32214808, 5.04569435, 71.70932007, 17.14846611, -44.60683823, 3.94621444, -103.80005646, 101.44418335, -7.56484413, 168.95971680, -0.00993972, 0.11587113, 0.76479858, 0.63368636, -0.01151034, -0.02231039, -0.12721729, 99.96700287, 113.66096497, 32.41999817, 0.00000000
1, 21.4500, 2118, -0.07895613, -0.95259964, 0.30743960, 5.38736343, 75.63224030, 16.36131668, -44.43145370, 3.65390229, -103.80005646, 101.42372894, -7.71934748, 169.31761169, -0.00693883, 0.11432225, 0.76489496, 0.63389111, -0.05546309, -0.01928350, -0.11282447, 99.96700287, 113.66096497, 32.41999817, 0.00000000
1, 21.4550, 2119, -0.03321587, -0.96314216, 0.29377660, 5.79831505, 77.05237579, 16.84561157, -44.43145370, 3.65390229, -103.80005646, 101.40345764, -7.87749195, 169.68222046, -0.00387511, 0.11274901, 0.76499200, 0.63408202, -0.10388501, -0.00842505, -0.09948103, 99.96700287, 113.66096497, 32.41999817, 0.00000000
1, 21.4600, 2120, 0.01011862, -0.97455418, 0.28229117, 5.58254147, 77.47879028, 17.87503433, -44.51914597, 4.03390837, -103.94621277, 101.38093567, -8.04095936, 170.04814148, -0.00076962, 0.11119677, 0.76506901, 0.63427460, -0.14999232, 0.00331309, -0.08835332, 99.96700287, 113.66096497, 32.41999817, 0.00000000
1, 21.4650, 2121, 0.04691824, -0.98184311, 0.26349789, 4.84861135, 76.70862579, 19.23305702, -44.51914597, 4.03390837, -103.94621277, 101.35438538, -8.21019745, 170.40911865, 0.00234440, 0.10970996, 0.76510990, 0.63448036, -0.18964425, 0.01095032, -0.06999041, 99.96700287, 113.66096497, 32.41999817, 0.00000000
1, 21.4700, 2122, 0.06652194, -0.98634982, 0.25016207, 3.45636773, 74.53509521, 20.77631950, -44.51914597, 4.03390837, -103.94621277, 101.32160187, -8.38470936, 170.75804138, 0.00542217, 0.10833381, 0.76509631, 0.63471431, -0.21220845, 0.01579839, -0.05722877, 99.96700287, 113.66096497, 32.41999817, 0.00000000
1, 21.4750, 2123, 0.06792622, -0.99031007, 0.23149070, 2.29655313, 70.79537964, 22.34939766, -44.05144501, 4.03390837, -104.09236908, 101.28485870, -8.56310654, 171.08712769, 0.00841345, 0.10711305, 0.76503551, 0.63496202, -0.21663119, 0.02011295, -0.03925802, 99.96700287, 113.66096497, 32.41999817, 0.00000000
1, 21.4800, 2124, 0.05394414, -0.98701000, 0.20511682, 1.26048660, 65.56735992, 23.56995964, -44.05144501, 4.03390837, -104.09236908, 101.24600220, -8.74222851, 171.38937378, 0.01125951, 0.10607755, 0.76493490, 0.63521302, -0.20567377, 0.01718487, -0.01365678, 99.96700287, 113.66096497, 32.41999817, 0.00000000
1, 21.5250, 2125, -0.14015138, -1.06229126, 0.20669593, -1.81439114, 51.47555923, 33.50845718, -44.89915085, 4.38468266, -104.53083801, 100.87532043, -10.49300289, 173.51576233, 0.03451115, 0.10156523, 0.76317948, 0.63722104, -0.04156663, 0.09620862, -0.02302291, 99.96700287, 113.66096497, 32.41999817, 0.00000000
1, 21.5300, 2126, -0.15680934, -1.06584907, 0.22788082, -3.02875757, 51.94712067, 33.74546432, -44.89915085, 4.38468266, -104.53083801, 100.81871033, -10.70726681, 173.74333191, 0.03716571, 0.10124460, 0.76286715, 0.63749665, -0.02863267, 0.10022697, -0.04530110, 99.96700287, 113.66096497, 32.41999817, 0.00000000
1, 21.5350, 2127, -0.16494642, -1.05699360, 0.22759704, -4.38684130, 52.52349472, 33.91670227, -45.19146347, 4.50160789, -105.23238373, 100.75392914, -10.92268372, 173.97401428, 0.03983808, 0.10091510, 0.76250994, 0.63781482, -0.02418317, 0.09185803, -0.04621523, 99.96700287, 113.66096497, 32.41999817, 0.00000000
1, 21.5400, 2128, -0.17379923, -1.04139876, 0.23467790, -5.25510645, 53.76650620, 34.06253815, -45.19146347, 4.50160789, -105.23238373, 100.69348907, -11.13126945, 174.20893860, 0.04249207, 0.10052116, 0.76218593, 0.63809294, -0.01898650, 0.07674008, -0.05450346, 99.96700287, 113.66096497, 32.41999817, 0.00000000
1, 21.5450, 2129, -0.17573065, -1.03252184, 0.23619647, -5.81827688, 56.23318481, 34.12850189, -45.19146347, 4.50160789, -105.23238373, 100.61610413, -11.35062599, 174.45886230, 0.04528679, 0.10009658, 0.76176941, 0.63846481, -0.02072748, 0.06835209, -0.05732486, 99.96700287, 113.66096497, 32.41999817, 0.00000000
1, 21.5500, 2130, -0.18374506, -1.02123630, 0.23110069, -6.13585901, 58.94907761, 34.05706787, -45.10377121, 4.88161373, -105.29084778, 100.53334808, -11.57175827, 174.72294617, 0.04816783, 0.09959362, 0.76133227, 0.63885373, -0.01648419, 0.05756644, -0.05375373, 99.96700287, 113.66096497, 32.41999817, 0.00000000
1, 21.5550, 2131, -0.18851188, -1.02304435, 0.24316910, -6.60215378, 59.25990677, 34.00031281, -45.10377121, 4.88161373, -105.29084778, 100.44686127, -11.79251862, 174.98922729, 0.05105525, 0.09908022, 0.76087523, 0.63925380, -0.01552161, 0.05985215, -0.06741319, 99.96700287, 113.66096497, 32.41999817, 0.00000000
1, 21.5600, 2132, -0.18955882, -1.02114010, 0.26647604, -7.68222666, 60.36262131, 34.11044312, -44.57761002, 4.79392004, -105.43700409, 100.35270691, -12.01441765, 175.26147461, 0.05397724, 0.09854136, 0.76037806, 0.63968855, -0.01831797, 0.05840657, -0.09240808, 99.96700287, 113.66096497, 32.41999817, 0.00000000
1, 21.5650, 2133, -0.20071419, -1.02047729, 0.27175012, -9.19292736, 61.74417496, 34.05744934, -44.57761002, 4.79392004, -105.43700409, 100.24839020, -12.23682213, 175.54136658, 0.05693655, 0.09796476, 0.75982857, 0.64017326, -0.01097117, 0.05822203, -0.09956408, 99.96700287, 113.66096497, 32.41999817, 0.00000000
1, 21.5700, 2134, -0.19191676, -1.02994621, 0.27991658, -9.90114498, 61.52481842, 34.23649979, -44.57761002, 4.79392004, -105.43700409, 100.13956451, -12.45941639, 175.82063293, 0.05989014, 0.09740101, 0.75925159, 0.64067405, -0.02358345, 0.06816369, -0.10968870, 99.96700287, 113.66096497, 32.41999817, 0.00000000
1, 21.6100, 2135, 0.03471242, -1.04183698, 0.14535294, -10.69274521, 60.89904022, 41.20704269, -45.54224014, 5.05700064, -106.40163422, 99.27253723, -14.30791283, 177.97319031, 0.08350955, 0.09401311, 0.75447184, 0.64417398, -0.28113207, 0.08508971, 0.00970762, 99.96700287, 113.66096497, 32.41999817, 0.00000000
1, 21.6150, 2136, 0.12140597, -1.01650155, 0.12157402, -10.68749237, 60.88880920, 43.09955215, -45.54224014, 5.05700064, -106.40163422, 99.15104675, -14.56905460, 178.24832153, 0.08668183, 0.09375408, 0.75377184, 0.64461201, -0.37214643, 0.06057125, 0.03153450, 99.96700287, 113.66096497, 32.41999817, 0.00000000
1, 21.6200, 2137, 0.20976704, -0.99494040, 0.09382713, -9.98797894, 56.64488602, 46.03903198, -45.54224014, 5.05700064, -106.40163422, 99.03771210, -14.84084320, 178.50027466, 0.08979946, 0.09370751, 0.75308752, 0.64499158, -0.46497774, 0.03991610, 0.05741701, 99.96700287, 113.66096497, 32.41999817, 0.00000000
1, 21.6250, 2138, 0.28459159, -0.97274697, 0.06911395, -9.49931908, 52.44198608, 50.10384369, -45.80532074, 5.72931862, -106.63548279, 98.93189240, -15.12899208, 178.72834778, 0.09289490, 0.09390986, 0.75240958, 0.64531487, -0.54452866, 0.01873917, 0.08036375, 99.96700287, 113.66096497, 32.41999817, 0.00000000
1, 21.6300, 2139, 0.31351569, -0.94187891, -0.00654588, -9.14327908, 47.43721771, 54.15122986, -45.80532074, 5.72931862, -106.63548279, 98.83414459, -15.43292332, 178.92845154, 0.09594104, 0.09438364, 0.75173801, 0.64558268, -0.57831669, -0.01090887, 0.15427099, 99.96700287, 113.66096497, 32.41999817, 0.00000000
1, 21.6350, 2140, 0.28473771, -0.90849209, -0.13997817, -8.34907341, 41.52705765, 58.34671783, -46.03916931, 5.99239969, -107.30780029, 98.74816895, -15.75279999, 179.09571838, 0.09891427, 0.09515730, 0.75108898, 0.64577591, -0.55451876, -0.04285086, 0.28596854, 99.96700287, 113.66096497, 32.41999817, 0.00000000
1, 21.6400, 2141, 0.24242616, -0.90474379, -0.20154329, -5.66836166, 35.62032700, 63.07910919, -46.03916931, 5.99239969, -107.30780029, 98.59469604, -15.97390079, 179.24922180, 0.10110295, 0.09552947, 0.75014043, 0.64648426, -0.51667005, -0.04549778, 0.34533799, 99.96700287, 113.66096497, 32.41999817, 0.00000000
1, 21.6450, 2142, 0.25600034, -0.95043731, -0.19629678, -2.87124729, 31.99806786, 68.46036530, -46.03916931, 5.99239969, -107.30780029, 98.54998016, -16.33608627, 179.36143494, 0.10407200, 0.09687437, 0.74963331, 0.64640105, -0.53524214, 0.00137362, 0.33827487, 99.96700287, 113.66096497, 32.41999817, 0.00000000
1, 21.6500, 2143, 0.28483742, -1.04605353, -0.14434272, -2.20828533, 25.55844307, 74.36247253, -46.38994217, 6.51856184, -107.10318756, 98.51856995, -16.72265434, 179.43634033, 0.10699913, 0.09858982, 0.74914122, 0.64623433, -0.57058102, 0.09867948, 0.28539672, 99.96700287, 113.66096497, 32.41999817, 0.00000000
1, 21.6550, 2144, 0.27298060, -1.11208403, -0.15101761, -5.61490536, 14.70428753, 81.33279419, -46.38994217, 6.51856184, -107.10318756, 98.48746490, -17.13576508, 179.45019531, 0.10975319, 0.10085426, 0.74856454, 0.64609122, -0.56552249, 0.16668335, 0.29111999, 99.96700287, 113.66096497, 32.41999817, 0.00000000
1, 21.7000, 2145, 0.09388023, -1.26743197, 0.19669846, -6.90603495, 15.88237381, 108.89328766, -49.10844803, 7.27857351, -107.68781281, 98.21215057, -21.54920387, 179.27630615, 0.13725182, 0.12707390, 0.74180818, 0.64399916, -0.45942748, 0.34569055, -0.06542426, 99.96700287, 113.66096497, 32.41999817, 0.00000000
1, 21.7050, 2146, 0.16349240, -1.25733399, 0.19922021, -6.88559723, 14.74407578, 111.35460663, -49.10844803, 7.27857351, -107.68781281, 98.18131256, -22.11089325, 179.27037048, 0.14082548, 0.13029654, 0.74090677, 0.64362121, -0.53810662, 0.33908197, -0.06878236, 99.96700287, 113.66096497, 32.41999817, 0.00000000
1, 21.7100, 2147, 0.22795418, -1.25640178, 0.20394656, -6.71985865, 13.67728424, 115.25291443, -49.72230148, 7.57088566, -107.95088959, 98.15460205, -22.69112968, 179.25604248, 0.14447182, 0.13367066, 0.73997611, 0.64319158, -0.61189049, 0.34185073, -0.07432915, 99.96700287, 113.66096497, 32.41999817, 0.00000000
1, 21.7150, 2148, 0.28709376, -1.27146018, 0.19677126, -6.47186661, 8.83976841, 119.55103302, -49.72230148, 7.57088566, -107.95088959, 98.14071655, -23.28927231, 179.21260071, 0.14808078, 0.13731423, 0.73903853, 0.64268106, -0.68054545, 0.36085624, -0.06788223, 99.96700287, 113.66096497, 32.41999817, 0.00000000
1, 21.7200, 2149, 0.30207801, -1.28732407, 0.18844996, -6.95230484, 5.23425007, 123.04651642, -49.72230148, 7.57088566, -107.95088959, 98.13377380, -23.90219498, 179.14692688, 0.15166481, 0.14117083, 0.73806906, 0.64212352, -0.70526546, 0.38090259, -0.06028292, 99.96700287, 113.66096497, 32.41999817, 0.00000000
1, 21.7250, 2150, 0.30532092, -1.30165899, 0.16981004, -7.79339409, 2.07474589, 126.69744873, -50.30692673, 8.76936531, -108.03858185, 98.13160706, -24.53099823, 179.06103516, 0.15524012, 0.14523484, 0.73705262, 0.64153004, -0.71841514, 0.39966023, -0.04233835, 99.96700287, 113.66096497, 32.41999817, 0.00000000
1, 21.7300, 2151, 0.30613887, -1.31881630, 0.15610342, -8.42612648, -0.53926474, 130.91954041, -50.30692673, 8.76936531, -108.03858185, 98.13478088, -25.17888260, 178.95719910, 0.15884112, 0.14950743, 0.73598635, 0.64089096, -0.72939527, 0.42148530, -0.02929595, 99.96700287, 113.66096497, 32.41999817, 0.00000000
1, 21.7350, 2152, 0.30598116, -1.34617901, 0.13928212, -8.24656296, -2.59739041, 135.49508667, -51.35925293, 9.38322163, -108.56474304, 98.14664459, -25.84795952, 178.83786011, 0.16250011, 0.15397787, 0.73488474, 0.64017892, -0.73966390, 0.45380598, -0.01307285, 99.96700287, 113.66096497, 32.41999817, 0.00000000
1, 21.7400, 2153, 0.31678885, -1.37476945, 0.12519467, -7.96910429, -3.89210892, 140.22781372, -51.35925293, 9.38322163, -108.56474304, 98.16059875, -26.47665024, 178.70724487, 0.16583616, 0.15828516, 0.73380899, 0.63950652, -0.76070303, 0.48740956, 0.00051951, 99.96700287, 113.66096497, 32.41999817, 0.00000000
1, 21.7450, 2154, 0.32808605, -1.40124333, 0.11667538, -7.76915550, -4.69596624, 144.79795837, -51.35925293, 9.38322163, -108.56474304, 98.18679810, -27.19024658, 178.56715393, 0.16968001, 0.16309707, 0.73261964, 0.63865221, -0.78253281, 0.51919532, 0.00860372, 99.96700287, 113.66096497, 32.41999817, 0.00000000
1, 21.7850, 2155, 0.19949116, -1.62643111, 0.22082908, 0.11014737, 72.42972565, 167.81263733, -55.33469772, 11.34171295, -108.91551971, 97.95815277, -33.62851334, 178.55421448, 0.21030104, 0.19895503, 0.71976143, 0.63097852, -0.75062317, 0.79941761, -0.10680752, 99.96700287, 113.66096497, 32.41999817, 0.00000000
1, 21.7900, 2156, 0.34977293, -1.69598532, 0.21980664, 4.42416382, 92.68395996, 170.13331604, -55.33469772, 11.34171295, -108.91551971, 97.74949646, -34.50325775, 178.96890259, 0.21773612, 0.20152093, 0.71760046, 0.63010311, -0.91371334, 0.87709236, -0.10952321, 99.96700287, 113.66096497, 32.41999817, 0.00000000
1, 21.7950, 2157, 0.57489848, -1.77862823, 0.28613165, 10.78250504, 110.96175385, 169.89213562, -56.21163177, 13.62174797, -109.00321198, 97.49865723, -35.41795731, 179.50425720, 0.22597413, 0.20366096, 0.71533102, 0.62909424, -1.15189838, 0.96802807, -0.18004291, 99.96700287, 113.66096497, 32.41999817, 0.00000000
1, 21.8000, 2158, 0.73757440, -1.77805495, 0.37453899, 12.78785992, 123.55441284, 165.46977234, -56.21163177, 13.62174797, -109.00321198, 97.19704437, -36.31654358, -179.86856079, 0.23448239, 0.20528120, 0.71297473, 0.62812799, -1.32760930, 0.97589445, -0.27327812, 99.96700287, 113.66096497, 32.41999817, 0.00000000
1, 21.8050, 2159, 0.76324016, -1.70686293, 0.46103033, 8.53331757, 123.88488007, 158.83683777, -56.21163177, 13.62174797, -109.00321198, 96.85408020, -37.17959213, -179.22077942, 0.24276228, 0.20671393, 0.71050084, 0.62731528, -1.36573911, 0.91298449, -0.36536366, 99.96700287, 113.66096497, 32.41999817, 0.00000000
1, 21.8100, 2160, 0.67125595, -1.66270602, 0.34666881, 1.87432849, 119.61396027, 150.02171326, -56.76702499, 13.38789845, -109.14936829, 96.47406769, -37.99320602, -178.57937622, 0.25059050, 0.20804714, 0.70791650, 0.62671769, -1.28492332, 0.87710011, -0.25727785, 99.96700287, 113.66096497, 32.41999817, 0.00000000
1, 21.8150, 2161, 0.51725364, -1.57905293, 0.04649941, -4.25870705, 113.48741150, 143.25878906, -56.76702499, 13.38789845, -109.14936829, 96.06879425, -38.76646805, -177.95808411, 0.25797242, 0.20939311, 0.70524502, 0.62628615, -1.14091623, 0.80172133, 0.03621997, 99.96700287, 113.66096497, 32.41999817, 0.00000000
1, 21.8200, 2162, 0.22025444, -1.38370061, -0.09079882, 1.74722183, 106.83786774, 137.97630310, -56.76702499, 14.76176548, -109.79245758, 95.70337677, -39.50668335, -177.36257935, 0.26504421, 0.21067739, 0.70281762, 0.62563097, -0.85372984, 0.61421847, 0.16710995, 99.96700287, 113.66096497, 32.41999817, 0.00000000
1, 21.8250, 2163, 0.08032823, -1.31384850, 0.02300107, 11.58119678, 102.11821747, 136.40664673, -56.76702499, 14.76176548, -109.79245758, 95.39255524, -40.23395157, -176.78465271, 0.27200326, 0.21191593, 0.70068812, 0.62461358, -0.72388446, 0.55183864, 0.04788574, 99.96700287, 113.66096497, 32.41999817, 0.00000000
1, 21.8300, 2164, -0.13727720, -1.23587239, 0.34995115, 20.80534744, 100.89752197, 135.41888428, -56.76702499, 14.76176548, -109.79245758, 95.11985779, -40.95343399, -176.20317078, 0.27896741, 0.21303686, 0.69879454, 0.62328058, -0.51666993, 0.48111331, -0.28380921, 99.96700287, 113.66096497, 32.41999817, 0.00000000
1, 21.8600, 2165, -0.83783460, -1.41289592, -0.01347382, 9.74850178, 101.40345764, 139.42744446, -57.79011917, 16.80795097, -111.86787415, 92.51824951, -45.20352173, -172.06250000, 0.32117635, 0.21891937, 0.68377864, 0.61754918, 0.13046031, 0.70684874, 0.04137675, 99.96700287, 113.66096497, 32.41999817, 0.00000000
1, 21.8650, 2166, -0.78866506, -1.45842052, -0.06119053, 15.28373718, 94.15578461, 141.53276062, -57.79011917, 16.80795097, -111.86787415, 92.14481354, -45.92884064, -171.43000793, 0.32794133, 0.22036761, 0.68150830, 0.61598623, 0.07254625, 0.76122814, 0.08408703, 99.96700287, 113.66096497, 32.41999817, 0.00000000
1, 21.8700, 2167, -0.70007032, -1.45949459, 0.02761072, 7.73922205, 87.99191284, 138.74777222, -58.22858810, 18.64951706, -112.45249939, 91.74886322, -46.63637924, -170.82626343, 0.33435857, 0.22199644, 0.67911333, 0.61459506, -0.02491481, 0.77096903, -0.00949680, 99.96700287, 113.66096497, 32.41999817, 0.00000000
1, 21.8750, 2168, -0.76292145, -1.48245835, 0.23353580, 0.95701528, 81.74252319, 128.13446045, -58.22858810, 18.64951706, -112.45249939, 91.33498383, -47.28716278, -170.25131226, 0.34022433, 0.22356813, 0.67669702, 0.61347038, 0.02942696, 0.80196428, -0.22078431, 99.96700287, 113.66096497, 32.41999817, 0.00000000
1, 21.8800, 2169, -0.71617830, -1.39943004, 0.36903191, -2.09341264, 75.48180389, 116.42178345, -58.22858810, 18.64951706, -112.45249939, 90.92455292, -47.87604523, -169.70756531, 0.34554783, 0.22499956, 0.67437857, 0.61252385, -0.02481762, 0.72640741, -0.36107093, 99.96700287, 113.66096497, 32.41999817, 0.00000000
1, 21.8850, 2170, -0.55616361, -1.27925968, 0.56770158, -4.79876947, 66.85298157, 103.35134888, -58.52090073, 19.17568016, -112.71557617, 90.53524780, -48.39654922, -169.21533203, 0.35022995, 0.22631183, 0.67222327, 0.61174983, -0.19152683, 0.61273205, -0.56384194, 99.96700287, 113.66096497, 32.41999817, 0.00000000
1, 21.8900, 2171, -0.52288103, -1.21439064, 0.63296366, -9.53377533, 59.48585892, 95.06887054, -58.52090073, 19.17568016, -112.71557617, 90.21576691, -48.83731079, -168.81617737, 0.35409561, 0.22752205, 0.67042738, 0.61104596, -0.23041674, 0.55387735, -0.63302016, 99.96700287, 113.66096497, 32.41999817, 0.00000000
1, 21.8950, 2172, -0.52550721, -1.03489542, 0.55786049, -18.25900269, 54.72138977, 82.83316803, -58.57936096, 20.43262100, -112.89096832, 89.80960846, -49.25133896, -168.39790344, 0.35772479, 0.22875826, 0.66827011, 0.61083359, -0.23232931, 0.37992543, -0.56184292, 99.96700287, 113.66096497, 32.41999817, 0.00000000
1, 21.9400, 2173, -0.31804925, -0.50966287, 0.20644128, -8.94204712, 45.04648590, -0.37940896, -58.95936966, 21.07570839, -113.59251404, 86.90647125, -50.86504745, -164.65232849, 0.38025594, 0.22601989, 0.65717918, 0.61027527, -0.45849520, -0.12046550, -0.24190378, 99.96700287, 113.66096497, 32.41999817, 0.00000000
1, 21.9450, 2174, -0.20611326, -0.38913897, 0.23998614, -10.80706501, 29.63676262, -9.24064636, -58.57936096, 20.78339577, -114.23560333, 86.67393494, -50.81052017, -164.42227173, 0.38075155, 0.22514510, 0.65648997, 0.61103106, -0.56972247, -0.24189410, -0.27720988, 99.96700287, 113.66096497, 32.41999817, 0.00000000
1, 21.9500, 2175, -0.13884608, -0.26288986, 0.22932543, -11.95841599, 14.08829594, -17.86890984, -58.57936096, 20.78339577, -114.23560333, 86.53446198, -50.71719742, -164.31970215, 0.38055983, 0.22445787, 0.65611136, 0.61180937, -0.63604045, -0.36914864, -0.26803017, 99.96700287, 113.66096497, 32.41999817, 0.00000000
1, 21.9550, 2176, -0.10745487, -0.13749290, 0.18857531, -12.24687290, 0.58167076, -27.09042740, -58.57936096, 20.78339577, -114.23560333, 86.47966766, -50.58198929, -164.32844543, 0.37973198, 0.22387312, 0.65603822, 0.61261606, -0.66595316, -0.49610597, -0.22793055, 99.96700287, 113.66096497, 32.41999817, 0.00000000
1, 21.9600, 2177, -0.07043314, -0.04742327, 0.12621038, -10.54581451, -12.98578930, -37.42534256, -59.19321823, 20.60800934, -114.08944702, 86.51927948, -50.39943314, -164.44877625, 0.37825465, 0.22332798, 0.65633404, 0.61341149, -0.70093071, -0.58837205, -0.16531123, 99.96700287, 113.66096497, 32.41999817, 0.00000000
1, 21.9650, 2178, -0.03590178, 0.00460933, 0.08193172, -5.70558739, -30.59977531, -49.29875946, -59.19321823, 20.60800934, -114.08944702, 86.69200134, -50.16279984, -164.71121216, 0.37600031, 0.22283477, 0.65716195, 0.61409003, -0.73286897, -0.64341158, -0.11951441, 99.96700287, 113.66096497, 32.41999817, 0.00000000
1, 21.9700, 2179, -0.00997493, 0.03447575, 0.04301338, -0.38743129, -52.74073029, -62.51298141, -58.63782501, 18.03566170, -114.20636749, 87.02423859, -49.86562347, -165.14840698, 0.37280476, 0.22246841, 0.65861708, 0.61461216, -0.75554574, -0.67715919, -0.07743916, 99.96700287, 113.66096497, 32.41999817, 0.00000000
1, 21.9750, 2180, 0.00280171, 0.04714604, 0.02281144, 4.53117752, -77.39982605, -76.90380096, -58.63782501, 18.03566170, -114.20636749, 87.52375031, -49.50054550, -165.77505493, 0.36855537, 0.22226767, 0.66073239, 0.61497706, -0.76435268, -0.69467795, -0.05225509, 99.96700287, 113.66096497, 32.41999817, 0.00000000
1, 21.9800, 2181, -0.00478407, 0.03765474, 0.01256463, 8.91612625, -102.21938324, -92.06281281, -58.63782501, 18.03566170, -114.20636749, 88.18144989, -49.06045914, -166.58552551, 0.36321527, 0.22222106, 0.66349113, 0.61520082, -0.75195903, -0.69102293, -0.03523945, 99.96700287, 113.66096497, 32.41999817, 0.00000000
1, 21.9850, 2182, -0.03589377, 0.00580980, 0.01130765, 13.33724117, -124.05308533, -106.80058289, -58.55013275, 19.96492195, -113.59251404, 88.97132874, -48.54291153, -167.54841614, 0.35687396, 0.22225605, 0.66682774, 0.61529189, -0.71513313, -0.66597116, -0.02559305, 99.96700287, 113.66096497, 32.41999817, 0.00000000
1, 22.0200, 2183, -0.19256416, -0.26021498, 0.22099033, 18.40128326, -165.67382813, -182.58836365, -58.22858810, 16.95410728, -109.67552948, 95.30510712, -42.86281967, -175.27857971, 0.29564738, 0.21758667, 0.69752526, 0.61539191, -0.49138644, -0.46727252, -0.15685788, 99.96700287, 113.66096497, 32.41999817, 0.00000000
1, 22.0250, 2184, -0.19926684, -0.29286346, 0.24794470, 15.02573299, -161.54093933, -189.14186096, -58.22858810, 16.95410728, -109.67552948, 96.02704620, -41.84293747, -176.24203491, 0.28577000, 0.21598199, 0.70175642, 0.61581266, -0.47177625, -0.44563669, -0.17326748, 99.96700287, 113.66096497, 32.41999817, 0.00000000
1, 22.0300, 2185, -0.18839674, -0.31759310, 0.26454952, 10.15884399, -157.69149780, -196.03361511, -58.22858810, 16.95410728, -109.67552948, 96.67043304, -40.78253937, -177.14323425, 0.27574492, 0.21409841, 0.70578957, 0.61643153, -0.46897563, -0.43209428, -0.17997083, 99.96700287, 113.66096497, 32.41999817, 0.00000000
1, 22.0350, 2186, -0.19201325, -0.34607953, 0.26709542, 4.27528954, -155.06953430, -202.94174194, -57.52703857, 16.28178787, -108.85705566, 97.23805237, -39.68240356, -177.99273682, 0.26552579, 0.21197698, 0.70961052, 0.61726397, -0.45089656, -0.41496187, -0.17338347, 99.96700287, 113.66096497, 32.41999817, 0.00000000
1, 22.0400, 2187, -0.19393218, -0.36734998, 0.25386307, -2.05927515, -153.36009216, -209.72564697, -57.52703857, 16.28178787, -108.85705566, 97.75917816, -38.53378677, -178.81455994, 0.25498423, 0.20963351, 0.71334326, 0.61820567, -0.43364686, -0.40521729, -0.15153870, 99.96700287, 113.66096497, 32.41999817, 0.00000000
1, 22.0450, 2188, -0.20158033, -0.38581935, 0.23305111, -7.31176233, -152.54888916, -214.96737671, -56.53317642, 14.44022179, -107.19087982, 98.19422150, -37.36457825, -179.58575439, 0.24434546, 0.20714888, 0.71674931, 0.61939907, -0.40992844, -0.39835846, -0.12280695, 99.96700287, 113.66096497, 32.41999817, 0.00000000
1, 22.0500, 2189, -0.21772806, -0.40182298, 0.19737242, -19.65256119, -149.88537598, -228.87281799, -56.53317642, 14.44022179, -107.19087982, 98.52404785, -36.12458038, 179.69415283, 0.23326880, 0.20426166, 0.71981955, 0.62106574, -0.37669832, -0.39427033, -0.08040421, 99.96700287, 113.66096497, 32.41999817, 0.00000000
1, 22.0550, 2190, -0.22712569, -0.41643199, 0.17700711, -25.82660294, -147.15547180, -237.49220276, -56.53317642, 14.44022179, -107.19087982, 98.78469849, -34.84113312, 179.01771545, 0.22195497, 0.20106368, 0.72266567, 0.62294769, -0.34923595, -0.39188746, -0.05426192, 99.96700287, 113.66096497, 32.41999817, 0.00000000
1, 22.0600, 2191, -0.23594698, -0.42487365, 0.16557026, -31.43435860, -144.17851257, -246.04278564, -56.12393951, 13.97252274, -106.13855743, 98.98066711, -33.51557922, 178.38377380, 0.21041887, 0.19753946, 0.72529411, 0.62502044, -0.32147086, -0.39580771, -0.03785351, 99.96700287, 113.66096497, 32.41999817, 0.00000000
1, 22.0650, 2192, -0.23871852, -0.43503317, 0.16720060, -36.36746979, -141.06129456, -254.38836670, -56.12393951, 13.97252274, -106.13855743, 99.11758423, -32.14979172, 177.79020691, 0.19867723, 0.19368081, 0.72771484, 0.62725300, -0.29889947, -0.39809048, -0.03530449, 99.96700287, 113.66096497, 32.41999817, 0.00000000
1, 22.0750, 2193, -0.27771643, -0.46825546, 0.16418071, -44.31650925, -137.39680481, -270.70935059, -55.04238510, 13.12481689, -105.90470886, 99.24662781, -29.29819107, 176.69338989, 0.17449512, 0.18502708, 0.73200411, 0.63204938, -0.21756278, -0.38968813, -0.02613607, 99.96700287, 113.66096497, 32.41999817, 0.00000000
1, 22.0800, 2194, -0.33894870, -0.52046227, 0.13771389, -47.07724762, -134.37884521, -278.48904419, -55.04238510, 13.12481689, -105.90470886, 99.24838257, -27.81717110, 176.19027710, 0.16211630, 0.18020800, 0.73389107, 0.63454491, -0.13377686, -0.34967291, 0.00227262, 99.96700287, 113.66096497, 32.41999817, 0.00000000
1, 22.0850, 2195, -0.38490671, -0.58460665, 0.13106732, -49.55410767, -131.16458130, -285.63668823, -53.43466949, 11.40017509, -105.23238373, 99.21206665, -26.30359077, 175.71777344, 0.14959191, 0.17505495, 0.73560327, 0.63707614, -0.06448054, -0.29753515, 0.01022919, 99.96700287, 113.66096497, 32.41999817, 0.00000000
1, 22.0900, 2196, -0.42818114, -0.64701092, 0.17316478, -52.31887436, -130.25491333, -291.18817139, -53.43466949, 11.40017509, -105.23238373, 99.15011597, -24.77077293, 175.25772095, 0.13693506, 0.16972725, 0.73714828, 0.63957328, 0.00271126, -0.24686787, -0.03110236, 99.96700287, 113.66096497, 32.41999817, 0.00000000
1, 22.0950, 2197, -0.46399486, -0.70870554, 0.23645212, -55.17848206, -129.84957886, -294.61227417, -51.68079376, 9.55860806, -105.11546326, 99.05336761, -23.21492195, 174.80819702, 0.12410395, 0.16421671, 0.73847115, 0.64209938, 0.06298938, -0.19651204, -0.09417326, 99.96700287, 113.66096497, 32.41999817, 0.00000000
1, 22.1000, 2198, -0.50297505, -0.78388596, 0.28824478, -58.49547195, -129.55050659, -296.66607666, -51.68079376, 9.55860806, -105.11546326, 98.92673492, -21.65000343, 174.36393738, 0.11117597, 0.15861616, 0.73956281, 0.64461446, 0.12697831, -0.13216317, -0.14640960, 99.96700287, 113.66096497, 32.41999817, 0.00000000
1, 22.1050, 2199, -0.51320302, -0.80630887, 0.29591373, -60.68114471, -128.46406555, -297.73397827, -50.39462280, 8.24320412, -104.29698944, 98.77531433, -20.08164597, 173.92703247, 0.09821485, 0.15292864, 0.74044251, 0.64707935, 0.16268775, -0.11991951, -0.15494266, 99.96700287, 113.66096497, 32.41999817, 0.00000000
1, 22.1100, 2200, -0.51726896, -0.85399330, 0.30281913, -61.83280563, -124.87167358, -299.80691528, -50.39462280, 8.24320412, -104.29698944, 98.60020447, -18.50692558, 173.51016235, 0.08528289, 0.14704610, 0.74113423, 0.64948010, 0.19258133, -0.08181150, -0.16330066, 99.96700287, 113.66096497, 32.41999817, 0.00000000
1, 22.1150, 2201, -0.52923900, -0.90410197, 0.31340808, -62.14983749, -120.20884705, -304.10833740, -50.39462280, 8.24320412, -104.29698944, 98.40466309, -16.91561890, 173.11930847, 0.07235943, 0.14086278, 0.74167192, 0.65180111, 0.23083976, -0.04069822, -0.17584199, 99.96700287, 113.66096497, 32.41999817, 0.00000000
1, 22.1200, 2202, -0.54327458, -0.97503376, 0.30737227, -62.91592026, -114.05030823, -309.94573975, -48.69921112, 7.16164875, -104.88161469, 98.18547821, -15.30117989, 172.76182556, 0.05944853, 0.13428773, 0.74204588, 0.65406471, 0.27180630, 0.02183356, -0.17232153, 99.96700287, 113.66096497, 32.41999817, 0.00000000
1, 22.1550, 2203, -0.72604907, -1.52117252, 0.35729870, -40.84807205, -29.36571884, -372.42373657, -41.47909927, 1.05232382, -105.37854004, 96.38574219, -3.10565162, 171.63435364, -0.02846034, 0.07236530, 0.74181682, 0.66607898, 0.66274083, 0.52885818, -0.24972963, 99.96700287, 113.66096497, 32.41999817, 0.00000000
1, 22.1600, 2204, -0.66881931, -1.60743141, 0.38225168, -34.54906082, -11.56067467, -383.54159546, -41.47909927, 1.05232382, -105.37854004, 96.20316315, -1.19333029, 171.78390503, -0.04010690, 0.06025585, 0.74187899, 0.66661555, 0.63860148, 0.61319792, -0.27782038, 99.96700287, 113.66096497, 32.41999817, 0.00000000
1, 22.1650, 2205, -0.58481437, -1.70291030, 0.38354647, -35.38088226, 9.88321114, -397.91708374, -41.47909927, 1.05232382, -105.37854004, 96.02047729, 0.77962077, 172.04167175, -0.05146808, 0.04703655, 0.74177110, 0.66701895, 0.58879668, 0.70793307, -0.28207812, 99.96700287, 113.66096497, 32.41999817, 0.00000000
1, 22.1700, 2206, -0.53988039, -1.67848015, 0.30965024, -43.25129318, 14.55920029, -406.95916748, -38.26366425, 2.80619693, -105.08622742, 95.80786133, 2.79595017, 172.32052612, -0.06294163, 0.03335738, 0.74123085, 0.66745973, 0.57904863, 0.68403280, -0.21169859, 99.96700287, 113.66096497, 32.41999817, 0.00000000
1, 22.1750, 2207, -0.45375919, -1.64972603, 0.23588605, -43.38736725, 15.35829544, -414.22924805, -38.26366425, 2.80619693, -105.08622742, 95.60437775, 4.84906626, 172.59999084, -0.07458181, 0.01940945, 0.74045777, 0.66766995, 0.52872944, 0.65708727, -0.14149183, 99.96700287, 113.66096497, 32.41999817, 0.00000000
1, 22.1800, 2208, -0.34015724, -1.62563682, 0.25190398, -38.18257904, 13.28936958, -419.07690430, -34.55130005, 0.38000584, -105.72931671, 95.43545532, 6.92824507, 172.86553955, -0.08640135, 0.00537568, 0.73958576, 0.66747195, 0.45111501, 0.63604295, -0.16060013, 99.96700287, 113.66096497, 32.41999817, 0.00000000
1, 22.1850, 2209, -0.26207986, -1.65130162, 0.33515027, -26.57944870, 9.79030228, -418.60696411, -34.55130005, 0.38000584, -105.72931671, 95.33110809, 9.00748062, 173.10935974, -0.09828960, -0.00849940, 0.73878974, 0.66667593, 0.40884334, 0.66605735, -0.24625280, 99.96700287, 113.66096497, 32.41999817, 0.00000000
1, 22.1900, 2210, -0.23818032, -1.69661057, 0.43738198, -11.64657211, 8.09414101, -415.12191772, -34.55130005, 0.38000584, -105.72931671, 95.31398773, 11.06026363, 173.34368896, -0.11003082, -0.02209140, 0.73821306, 0.66516674, 0.42018920, 0.71705896, -0.34975457, 99.96700287, 113.66096497, 32.41999817, 0.00000000
1, 22.1950, 2211, -0.20887351, -1.80996132, 0.56266844, 5.24590874, 13.02820873, -407.05221558, -31.42355919, 2.10464764, -105.23238373, 95.38901520, 13.08102226, 173.60054016, -0.12143473, -0.03553651, 0.73788691, 0.66295832, 0.42526287, 0.83735478, -0.47492373, 99.96700287, 113.66096497, 32.41999817, 0.00000000
1, 22.2000, 2212, -0.22516008, -1.92015636, 0.74229258, 17.71025848, 33.17838287, -390.11584473, -31.42355919, 2.10464764, -105.23238373, 95.56007385, 15.00761986, 173.95925903, -0.13168263, -0.04894561, 0.73783225, 0.66020280, 0.47423947, 0.95544565, -0.65300286, 99.96700287, 113.66096497, 32.41999817, 0.00000000
1, 22.2300, 2213, -0.32784414, -1.72901690, -0.06746115, 11.83756161, 124.70610046, -258.76235962, -21.36802101, 0.93539900, -104.61853027, 98.21030426, 23.99737358, 179.29627991, -0.16107592, -0.13155584, 0.74021924, 0.63939285, 0.73005158, 0.82269740, 0.19311115, 99.96700287, 113.66096497, 32.41999817, 0.00000000
1, 22.2350, 2214, -0.29567522, -1.64080513, -0.31475830, 3.77251077, 92.84556580, -227.06590271, -21.36802101, 0.93539900, -104.61853027, 98.51041412, 25.05419350, 179.98071289, -0.16443720, -0.14144456, 0.73961163, 0.63712513, 0.71589798, 0.74338305, 0.44457519, 99.96700287, 113.66096497, 32.41999817, 0.00000000
1, 22.2400, 2215, -0.29153246, -1.29949033, -0.12486326, 3.94068313, 62.04690933, -184.33741760, -21.36802101, 0.93539900, -104.61853027, 98.72206879, 25.85559845, -179.53343201, -0.16718099, -0.14871924, 0.73899466, 0.63546836, 0.72525036, 0.40881634, 0.25795421, 99.96700287, 113.66096497, 32.41999817, 0.00000000
1, 22.2450, 2216, -0.42660636, -0.90149260, 0.34780741, 17.25753021, 30.30850029, -136.89141846, -19.43876076, 1.52002335, -104.96930695, 98.93134308, 26.50935364, -179.25074768, -0.17011623, -0.15384389, 0.73877996, 0.63371664, 0.86973906, 0.01563600, -0.21205278, 99.96700287, 113.66096497, 32.41999817, 0.00000000
1, 22.2500, 2217, -0.56012183, -0.47353157, 0.68365842, 28.16660690, 35.51342773, -91.19818115, -19.43876076, 1.52002335, -104.96930695, 99.19522095, 26.93242073, -178.97480774, -0.17168783, -0.15755613, 0.73919517, 0.63189393, 1.00994658, -0.40855938, -0.54436165, 99.96700287, 113.66096497, 32.41999817, 0.00000000
1, 22.2550, 2218, -0.52203667, -0.12082289, 0.82312626, 37.35094070, 77.20016479, -46.64645386, -18.41566849, 2.01695418, -103.65390015, 99.59502411, 27.10064697, -178.50488281, -0.17074737, -0.16091308, 0.74047148, 0.62980497, 0.97514570, -0.75876093, -0.67787492, 99.96700287, 113.66096497, 32.41999817, 0.00000000
1, 22.2600, 2219, -0.28258333, 0.00944322, 0.67979366, 48.15419388, 103.20370483, 0.31502807, -18.41566849, 2.01695418, -103.65390015, 100.09556580, 27.01231384, -177.93406677, -0.16774890, -0.16338716, 0.74255532, 0.62751621, 0.73565722, -0.88772357, -0.52631748, 99.96700287, 113.66096497, 32.41999817, 0.00000000
1, 22.2650, 2220, -0.05516654, -0.25153133, 0.20904595, 52.68758011, 92.22059631, 49.17374420, -18.41566849, 2.01695418, -103.65390015, 100.56737518, 26.68909073, -177.47441101, -0.16379483, -0.16394120, 0.74501634, 0.62549603, 0.50526804, -0.62670159, -0.04759719, 99.96700287, 113.66096497, 32.41999817, 0.00000000
1, 22.2700, 2221, -0.03804062, -0.55966818, -0.27597466, 49.39899826, 70.51416016, 103.76520538, -18.35720444, 1.46156096, -103.27389526, 100.94008636, 26.11461639, -177.19459534, -0.15902402, -0.16214727, 0.74760437, 0.62410522, 0.48114169, -0.32066077, 0.44373327, 99.96700287, 113.66096497, 32.41999817, 0.00000000
1, 22.2750, 2222, -0.24052690, -0.84240675, -0.65346229, 44.09378433, 8.95033455, 141.93925476, -18.35720444, 1.46156096, -103.27389526, 101.11873627, 25.40989113, -177.29516602, -0.15517412, -0.15745957, 0.74986666, 0.62356037, 0.67411160, -0.04160517, 0.82475948, 99.96700287, 113.66096497, 32.41999817, 0.00000000
1, 22.3650, 2223, -0.43532255, -0.65104294, -0.37688750, 20.36382103, -372.68887329, 90.20587921, -28.55890083, -0.32154340, -102.60157776, 100.32032013, 12.72781563, 173.88885498, -0.11892757, -0.03023234, 0.76580697, 0.63125437, 0.65710127, -0.30762607, 0.55079269, 99.96700287, 113.66096497, 32.41999817, 0.00000000
1, 22.3700, 2224, -1.18004596, -0.69781053, 0.07592554, 38.25444412, -408.14913940, 115.70247650, -30.28354263, -1.60771704, -102.51388550, 100.04015350, 12.51593685, 171.72619629, -0.12938504, -0.01490582, 0.76477134, 0.63100094, 1.39761806, -0.26316941, 0.09126779, 99.96700287, 113.66096497, 32.41999817, 0.00000000
1, 22.3750, 2225, -1.92257929, -0.69438088, 0.96728021, 54.27791977, -410.65252686, 150.52606201, -30.28354263, -1.60771704, -102.51388550, 99.84294128, 12.12597466, 169.52389526, -0.13893028, 0.00174525, 0.76391333, 0.63018388, 2.13211107, -0.26997721, -0.80542529, 99.96700287, 113.66096497, 32.41999817, 0.00000000
1, 22.3800, 2226, -2.38768935, -1.29230356, 1.66484880, 72.43947601, -349.49276733, 195.32250977, -32.32972717, -0.29231218, -101.66617584, 99.81235504, 11.45934200, 167.59588623, -0.14515756, 0.01831174, 0.76366013, 0.62882203, 2.58552313, 0.32450199, -1.50607443, 99.96700287, 113.66096497, 32.41999817, 0.00000000
1, 22.3850, 2227, -2.29300523, -1.66117072, 1.85957766, 68.06602478, -260.11001587, 227.23289490, -32.32972717, -0.29231218, -101.66617584, 99.86663818, 10.56035709, 166.09396362, -0.14749973, 0.03345083, 0.76361471, 0.62770826, 2.47602773, 0.69036949, -1.69999886, 99.96700287, 113.66096497, 32.41999817, 0.00000000
1, 22.3900, 2228, -1.95640075, -1.92636287, 1.78056371, 37.01685333, -145.81829834, 239.11538696, -32.32972717, -0.29231218, -101.66617584, 99.89492798, 9.50068665, 165.15882874, -0.14568232, 0.04567691, 0.76331890, 0.62772173, 2.12158298, 0.95258868, -1.61930907, 99.96700287, 113.66096497, 32.41999817, 0.00000000
1, 22.3950, 2229, -1.53630412, -1.90424299, 1.31988931, 32.90802765, -102.23397064, 216.79168701, -34.60976410, 0.00000000, -100.49693298, 99.95288849, 8.52023506, 164.46168518, -0.14305967, 0.05590013, 0.76311231, 0.62774909, 1.68527341, 0.92855811, -1.15635598, 99.96700287, 113.66096497, 32.41999817, 0.00000000
1, 22.4000, 2230, -1.06861234, -1.80483603, 0.94952089, 52.31187820, -89.64796448, 188.24209595, -34.60976410, 0.00000000, -100.49693298, 100.13098907, 7.67119217, 163.85176086, -0.14074172, 0.06494207, 0.76350820, 0.62692070, 1.20324326, 0.82800269, -0.78176451, 99.96700287, 113.66096497, 32.41999817, 0.00000000
1, 22.4050, 2231, -0.64014941, -1.58288860, 0.77093279, 56.66861725, -111.94583893, 160.80517578, -36.04209137, -0.61385560, -99.94153595, 100.32758331, 6.97899485, 163.15373230, -0.13989556, 0.07370299, 0.76389885, 0.62566429, 0.76255488, 0.60532272, -0.59799647, 99.96700287, 113.66096497, 32.41999817, 0.00000000
1, 22.4100, 2232, -0.40689838, -1.24117160, 0.64984953, 39.14410400, -143.13932800, 143.56484985, -36.04209137, -0.61385560, -99.94153595, 100.42757416, 6.40104055, 162.31573486, -0.14060381, 0.08263182, 0.76361227, 0.62473899, 0.51919216, 0.26296610, -0.47340155, 99.96700287, 113.66096497, 32.41999817, 0.00000000
1, 22.4300, 2233, -1.25452960, -1.09018493, -0.37249473, 28.87506866, 65.51755524, 107.23732758, -38.84828949, -3.06927800, -98.62612915, 101.03824615, 4.18458462, 160.94592285, -0.13295728, 0.10477099, 0.76452577, 0.62196934, 1.33096504, 0.11197773, 0.55787307, 99.96700287, 113.66096497, 32.41999817, 0.00000000
1, 22.4350, 2234, -1.16688764, -0.82072484, 0.36217475, 12.21735954, 93.30849457, 95.59815979, -38.84828949, -3.06927800, -98.62612915, 101.12549591, 3.62654066, 161.31364441, -0.12719087, 0.10548830, 0.76495630, 0.62252450, 1.23159087, -0.15901390, -0.17415175, 99.96700287, 113.66096497, 32.41999817, 0.00000000
1, 22.4400, 2235, -1.03991342, -0.68084562, 0.60745007, 8.44923973, 85.17267609, 86.30358887, -39.31599045, 0.99386144, -99.47383881, 101.23933411, 3.04067326, 161.65606689, -0.12134284, 0.10654569, 0.76548308, 0.62286401, 1.09418786, -0.29958084, -0.41725066, 99.96700287, 113.66096497, 32.41999817, 0.00000000
1, 22.4450, 2236, -0.88884854, -0.57120907, 0.72441924, 11.36073971, 65.46752167, 75.24613190, -39.31599045, 0.99386144, -99.47383881, 101.30931854, 2.60825205, 161.90458679, -0.11705594, 0.10733195, 0.76578772, 0.62317491, 0.93439615, -0.40952161, -0.53198427, 99.96700287, 113.66096497, 32.41999817, 0.00000000
1, 22.4500, 2237, -0.77703965, -0.55259311, 0.45482761, 15.84565544, 67.01770782, 70.28363800, -39.31599045, 0.99386144, -99.47383881, 101.40030670, 2.19837260, 162.16488647, -0.11282970, 0.10793059, 0.76623058, 0.62330669, 0.81603527, -0.42771780, -0.26058567, 99.96700287, 113.66096497, 32.41999817, 0.00000000
1, 22.4550, 2238, -0.61642385, -0.57413161, 0.16107485, 24.85617065, 68.34669495, 67.46654510, -40.39754486, 1.08155513, -99.44460297, 101.53482056, 1.80059791, 162.43362427, -0.10859193, 0.10844047, 0.76692426, 0.62311780, 0.64916193, -0.40552503, 0.03567549, 99.96700287, 113.66096497, 32.41999817, 0.00000000
1, 22.4600, 2239, -0.47174573, -0.65646601, 0.05266150, 34.64991379, 61.20876694, 66.50573730, -40.39754486, 1.08155513, -99.44460297, 101.71546173, 1.41404247, 162.66720581, -0.10457121, 0.10915636, 0.76784080, 0.62255150, 0.49795985, -0.32261586, 0.14725807, 99.96700287, 113.66096497, 32.41999817, 0.00000000
1, 22.4650, 2240, -0.30199212, -0.76515079, 0.11598060, 40.81027603, 54.40080261, 65.00317383, -40.45600510, 0.87693655, -99.03536987, 101.92461395, 1.04103470, 162.86764526, -0.10078849, 0.11003309, 0.76888734, 0.62172890, 0.32148096, -0.21346058, 0.08768296, 99.96700287, 113.66096497, 32.41999817, 0.00000000
1, 22.5000, 2241, 0.09525016, -1.17675817, 0.31815952, 13.16585255, -15.31357193, 52.72207260, -41.62525558, -1.14001751, -98.77228546, 103.01312256, -0.98050624, 163.28453064, -0.08384274, 0.11903039, 0.77356458, 0.61676592, -0.11212687, 0.20197856, -0.09498487, 99.96700287, 113.66096497, 32.41999817, 0.00000000
1, 22.5050, 2242, 0.00581279, -1.09062111, 0.39730781, 10.64269352, -27.05977821, 53.59587860, -42.03449249, -1.40309846, -98.39228058, 103.07066345, -1.21122658, 163.09260559, -0.08325405, 0.12160486, 0.77347463, 0.61645603, -0.02694052, 0.11601955, -0.17321011, 99.96700287, 113.66096497, 32.41999817, 0.00000000
1, 22.5100, 2243, -0.09594432, -1.00794494, 0.44891021, 9.37010479, -30.59469795, 53.84329605, -42.03449249, -1.40309846, -98.39228058, 103.12305450, -1.43901312, 162.88296509, -0.08278382, 0.12427759, 0.77333081, 0.61616671, 0.07069936, 0.03355558, -0.22404306, 99.96700287, 113.66096497, 32.41999817, 0.00000000
1, 22.5150, 2244, -0.18979865, -0.95327652, 0.44690049, 8.86572075, -30.42153168, 52.24144363, -43.11604691, 1.52002335, -98.83074951, 103.17362976, -1.65900147, 162.67573547, -0.08235312, 0.12688895, 0.77317697, 0.61588532, 0.16068015, -0.02080866, -0.22133267, 99.96700287, 113.66096497, 32.41999817, 0.00000000
1, 22.5200, 2245, -0.27242512, -0.92088675, 0.40189022, 8.89896011, -30.68611526, 50.20168304, -43.11604691, 1.52002335, -98.83074951, 103.22509766, -1.86857963, 162.46931458, -0.08198550, 0.12943795, 0.77302873, 0.61558986, 0.23971765, -0.05281470, -0.17563634, 99.96700287, 113.66096497, 32.41999817, 0.00000000
1, 22.5250, 2246, -0.34091178, -0.91121471, 0.35498631, 10.76681137, -29.68445206, 48.30896378, -43.11604691, 1.52002335, -98.83074951, 103.28639221, -2.06985617, 162.26969910, -0.08162414, 0.13190188, 0.77293980, 0.61522639, 0.30477950, -0.06206175, -0.12792554, 99.96700287, 113.66096497, 32.41999817, 0.00000000
1, 22.5300, 2247, -0.40763137, -0.93069029, 0.33720428, 13.74354172, -23.27863884, 46.60104370, -43.23297119, 2.19234133, -98.74305725, 103.36198425, -2.26987600, 162.10299683, -0.08107553, 0.13414547, 0.77295887, 0.61478984, 0.36805522, -0.04214185, -0.10914646, 99.96700287, 113.66096497, 32.41999817, 0.00000000
1, 22.5350, 2248, -0.46309316, -0.97222900, 0.34634471, 15.63573170, -9.87988853, 43.39110947, -43.23297119, 2.19234133, -98.74305725, 103.44474792, -2.46945214, 162.00492859, -0.08015063, 0.13592672, 0.77309084, 0.61435360, 0.42000929, -0.00015112, -0.11714053, 99.96700287, 113.66096497, 32.41999817, 0.00000000
1, 22.5400, 2249, -0.48312706, -1.01400936, 0.33622849, 15.55332756, 4.84586477, 39.32657242, -42.94065857, 1.31540489, -97.95381165, 103.54753113, -2.78674102, 161.98632813, -0.07797442, 0.13780811, 0.77330208, 0.61394852, 0.43556955, 0.04221686, -0.10562365, 99.96700287, 113.66096497, 32.41999817, 0.00000000
1, 22.5450, 2250, -0.47530425, -1.05223107, 0.31953031, 14.74842548, 14.77582359, 35.99818039, -42.94065857, 1.31540489, -97.95381165, 103.62020874, -2.97882676, 162.01625061, -0.07642182, 0.13867360, 0.77353263, 0.61365843, 0.42337102, 0.08102714, -0.08755749, 99.96700287, 113.66096497, 32.41999817, 0.00000000
1, 22.5650, 2251, -0.31301156, -1.05245996, 0.34930295, 8.03258228, 47.31323242, 26.09819984, -43.67144012, 0.43846828, -98.15843201, 103.80385590, -3.72077250, 162.56407166, -0.06821890, 0.13901617, 0.77441728, 0.61343175, 0.24803415, 0.08273906, -0.11380369, 99.96700287, 113.66096497, 32.41999817, 0.00000000
1, 22.5700, 2252, -0.26019999, -1.04150426, 0.36890602, 6.08984613, 51.62881088, 24.08761024, -43.67144012, 0.43846828, -98.15843201, 103.81979370, -3.89892602, 162.78678894, -0.06579343, 0.13846171, 0.77458769, 0.61360693, 0.19205025, 0.07203000, -0.13298474, 99.96700287, 113.66096497, 32.41999817, 0.00000000
1, 22.5750, 2253, -0.20917130, -1.02729809, 0.38165429, 4.45108795, 54.43847275, 22.52798843, -43.67144012, 0.43846828, -98.15843201, 103.82576752, -4.07289171, 163.02507019, -0.06332438, 0.13777369, 0.77472675, 0.61384612, 0.13794617, 0.05804042, -0.14549567, 99.96700287, 113.66096497, 32.41999817, 0.00000000
1, 22.5800, 2254, -0.15858887, -1.01641977, 0.39360917, 3.35750175, 56.43558884, 21.64310074, -43.99298477, 1.78310430, -98.07073975, 103.82476044, -4.24495220, 163.27416992, -0.06081773, 0.13699827, 0.77484190, 0.61412770, 0.08433142, 0.04735545, -0.15734665, 99.96700287, 113.66096497, 32.41999817, 0.00000000
1, 22.5850, 2255, -0.10651089, -1.00681102, 0.39854816, 2.64184308, 56.65312576, 21.02645683, -43.99298477, 1.78310430, -98.07073975, 103.81928253, -4.41427946, 163.52513123, -0.05832406, 0.13619347, 0.77493668, 0.61442882, 0.02928152, 0.03793558, -0.16226795, 99.96700287, 113.66096497, 32.41999817, 0.00000000
1, 22.5900, 2256, -0.06049687, -0.99946868, 0.38930842, 1.76784158, 55.26620102, 20.44368935, -44.16837311, 2.33849740, -98.30458832, 103.85234833, -4.56766176, 163.76719666, -0.05594020, 0.13538326, 0.77524269, 0.61444360, -0.01950062, 0.03087102, -0.15274352, 99.96700287, 113.66096497, 32.41999817, 0.00000000
1, 22.5950, 2257, -0.01935180, -0.98881984, 0.36472067, 1.28066266, 51.30492020, 19.86474419, -44.16837311, 2.33849740, -98.30458832, 103.84067535, -4.72510576, 163.99349976, -0.05366538, 0.13467875, 0.77528465, 0.61474836, -0.06325850, 0.02051450, -0.12791443, 99.96700287, 113.66096497, 32.41999817, 0.00000000
1, 22.6000, 2258, 0.00907974, -0.98703456, 0.32687813, 0.81840366, 45.41414261, 19.87042618, -44.16837311, 2.33849740, -98.30458832, 103.82846832, -4.87553835, 164.19117737, -0.05159184, 0.13413100, 0.77529615, 0.61503088, -0.09423982, 0.01895469, -0.09025648, 99.96700287, 113.66096497, 32.41999817, 0.00000000
1, 22.6050, 2259, 0.01295578, -0.96901405, 0.30280223, 0.23794660, 40.58980942, 20.39376450, -44.28529739, 1.87079799, -99.09383392, 103.81492615, -5.02275324, 164.36479187, -0.04967032, 0.13372882, 0.77527487, 0.61530352, -0.10062376, 0.00113310, -0.06641698, 99.96700287, 113.66096497, 32.41999817, 0.00000000
1, 22.6100, 2260, -0.01822961, -0.94232702, 0.29662997, -1.41365802, 33.14582825, 20.83324432, -44.28529739, 1.87079799, -99.09383392, 103.79596710, -5.16324902, 164.50163269, -0.04799781, 0.13353784, 0.77518791, 0.61558735, -0.07190141, -0.02540202, -0.06062092, 99.96700287, 113.66096497, 32.41999817, 0.00000000
1, 22.6500, 2261, -0.25486204, -0.97594941, 0.29619774, -1.02711344, 53.01659012, 15.90391636, -44.69453430, 2.04618526, -99.64922333, 103.61163330, -6.28062391, 165.84466553, -0.03334738, 0.13030648, 0.77458602, 0.61800063, 0.14533059, 0.00935108, -0.06435130, 99.96700287, 113.66096497, 32.41999817, 0.00000000
1, 22.6550, 2262, -0.25091326, -1.00238800, 0.28800714, -0.63012379, 58.29352188, 15.32359695, -44.75299454, 1.95849168, -99.23999023, 103.57913208, -6.42319012, 166.11183167, -0.03096889, 0.12924740, 0.77456564, 0.61837214, 0.13894399, 0.03593492, -0.05680598, 99.96700287, 113.66096497, 32.41999817, 0.00000000
1, 22.6600, 2263, -0.24157967, -1.03123343, 0.28114828, -0.40319821, 63.00358582, 15.08245277, -44.75299454, 1.95849168, -99.23999023, 103.54440308, -6.56989956, 166.40249634, -0.02843648, 0.12805203, 0.77455336, 0.61875778, 0.12709895, 0.06493200, -0.05061004, 99.96700287, 113.66096497, 32.41999817, 0.00000000
1, 22.6650, 2264, -0.22389697, -1.03539360, 0.27262464, -0.52656507, 67.19586182, 14.51795578, -44.95761490, 1.49079216, -99.94153595, 103.50585938, -6.71854925, 166.71452332, -0.02577832, 0.12672299, 0.77453959, 0.61916506, 0.10687283, 0.06924381, -0.04274562, 99.96700287, 113.66096497, 32.41999817, 0.00000000
1, 22.6700, 2265, -0.17183514, -1.02956820, 0.26588622, -0.81176168, 72.92762756, 13.60663986, -44.95761490, 1.49079216, -99.94153595, 103.46156311, -6.86919212, 167.05587769, -0.02295270, 0.12520660, 0.77452177, 0.61960673, 0.05221950, 0.06355549, -0.03666838, 99.96700287, 113.66096497, 32.41999817, 0.00000000
1, 22.6750, 2266, -0.11935279, -1.02142119, 0.26374838, -0.99651718, 76.34930420, 13.19981861, -44.95761490, 1.49079216, -99.94153595, 103.41336060, -7.02152061, 167.41471863, -0.02002336, 0.12358212, 0.77449644, 0.62006611, -0.00288809, 0.05553061, -0.03526051, 99.96700287, 113.66096497, 32.41999817, 0.00000000
1, 22.6800, 2267, -0.06762904, -1.01725936, 0.25776786, -0.76893359, 78.09529877, 13.09832954, -45.22069550, 2.33849740, -99.59075928, 103.36420441, -7.17506838, 167.78248596, -0.01703638, 0.12190567, 0.77447003, 0.62051994, -0.05725151, 0.05150245, -0.03004360, 99.96700287, 113.66096497, 32.41999817, 0.00000000
1, 22.6850, 2268, -0.03344665, -1.01231039, 0.23454812, -0.58902466, 77.95431519, 13.23288822, -45.22069550, 2.33849740, -99.59075928, 103.31507111, -7.32878113, 168.14965820, -0.01404940, 0.12023617, 0.77443862, 0.62095964, -0.09403935, 0.04672158, -0.00764230, 99.96700287, 113.66096497, 32.41999817, 0.00000000
1, 22.6900, 2269, -0.00944491, -1.00214064, 0.21705396, -0.60909224, 76.72901154, 13.48435593, -43.87606049, 0.73078048, -99.94153595, 103.26053619, -7.44629335, 168.51004028, -0.01135008, 0.11842108, 0.77440220, 0.62140894, -0.12033957, 0.03666905, 0.00898861, 99.96700287, 113.66096497, 32.41999817, 0.00000000
1, 22.6950, 2270, 0.00567072, -0.98819447, 0.20525254, -1.09576666, 75.87998962, 13.85588837, -43.87606049, 0.73078048, -99.94153595, 103.20851135, -7.60002995, 168.86682129, -0.00841838, 0.11682595, 0.77433550, 0.62184030, -0.13777669, 0.02282985, 0.01987204, 99.96700287, 113.66096497, 32.41999817, 0.00000000
1, 22.7150, 2271, 0.03551228, -0.92506683, 0.18465710, -3.55224013, 70.71703339, 16.21774864, -44.43145370, 2.77696586, -100.73078156, 102.97128296, -8.22060013, 170.20651245, 0.00286050, 0.11108990, 0.77378088, 0.62362969, -0.17827016, -0.03973950, 0.03637185, 99.96700287, 113.66096497, 32.41999817, 0.00000000
1, 22.7200, 2272, 0.10055829, -0.91048944, 0.19578709, -4.04609251, 67.87920380, 18.18942261, -44.43145370, 2.77696586, -100.73078156, 102.90596008, -8.38477230, 170.52047729, 0.00562608, 0.10985276, 0.77357239, 0.62408864, -0.24613944, -0.05419433, 0.02422849, 99.96700287, 113.66096497, 32.41999817, 0.00000000
1, 22.7250, 2273, 0.14075351, -0.89718604, 0.21335213, -1.75968111, 59.31819534, 23.07387924, -44.43145370, 2.77696586, -101.19847870, 102.85816956, -8.56294155, 170.78709412, 0.00824718, 0.10901198, 0.77339840, 0.62442249, -0.28940070, -0.06729522, 0.00578790, 99.96700287, 113.66096497, 32.41999817, 0.00000000
1, 22.7300, 2274, 0.13011602, -0.90511656, 0.21487032, -0.88577074, 52.61640167, 26.89896393, -44.92838287, 2.51388478, -101.19847870, 102.81953430, -8.75217247, 171.01663208, 0.01075090, 0.10848205, 0.77322704, 0.62468880, -0.28198463, -0.05904279, 0.00346131, 99.96700287, 113.66096497, 32.41999817, 0.00000000
1, 22.7350, 2275, 0.09117346, -0.92224061, 0.19503862, -1.27624714, 47.31923294, 29.79216385, -44.92838287, 2.51388478, -101.19847870, 102.78268433, -8.94954491, 171.21705627, 0.01315333, 0.10819378, 0.77302903, 0.62493777, -0.24637385, -0.04152077, 0.02241434, 99.96700287, 113.66096497, 32.41999817, 0.00000000
1, 22.7400, 2276, 0.02597439, -0.96358788, 0.17997722, -1.28016007, 41.93635178, 30.57526588, -45.04530716, 2.80619693, -101.19847870, 102.73419189, -9.08344746, 171.39010620, 0.01496352, 0.10775205, 0.77280092, 0.62525541, -0.18398727, 0.00013270, 0.03645165, 99.96700287, 113.66096497, 32.41999817, 0.00000000
1, 22.7450, 2277, -0.02161016, -0.98785877, 0.17260695, -2.13017583, 38.87921524, 31.38952255, -45.04530716, 2.80619693, -101.19847870, 102.69882202, -9.27910519, 171.54751587, 0.01712131, 0.10774750, 0.77257037, 0.62548572, -0.13922194, 0.02470015, 0.04284842, 99.96700287, 113.66096497, 32.41999817, 0.00000000
1, 22.7500, 2278, -0.07329680, -1.01606309, 0.18242423, -2.34403729, 36.20566940, 32.41513824, -45.24992752, 2.86465931, -101.49079132, 102.66416931, -9.47676945, 171.69078064, 0.01921615, 0.10785031, 0.77232778, 0.62570685, -0.09095740, 0.05330123, 0.03214946, 99.96700287, 113.66096497, 32.41999817, 0.00000000
1, 22.7550, 2279, -0.12418086, -1.02458000, 0.19773141, -2.85779047, 34.75373840, 33.22832108, -45.24992752, 2.86465931, -101.49079132, 102.62777710, -9.67674446, 171.82615662, 0.02128188, 0.10802020, 0.77206492, 0.62593490, -0.04354125, 0.06222021, 0.01597715, 99.96700287, 113.66096497, 32.41999817, 0.00000000
1, 22.7600, 2280, -0.15255493, -1.02021670, 0.19590676, -3.30586672, 33.66053772, 33.62859344, -45.24992752, 2.86465931, -101.49079132, 102.58962250, -9.87739372, 171.95591736, 0.02331960, 0.10823332, 0.77178562, 0.62616992, -0.01861355, 0.05829453, 0.01697223, 99.96700287, 113.66096497, 32.41999817, 0.00000000
1, 22.7950, 2281, -0.23991068, -1.00408316, 0.18928550, -2.99744439, 37.69068146, 34.17640686, -46.36071396, 3.01081562, -101.75387573, 102.28549957, -11.32669258, 172.91938782, 0.03814650, 0.10964555, 0.76960832, 0.62787396, 0.04391899, 0.04557066, 0.01733547, 99.96700287, 113.66096497, 32.41999817, 0.00000000
1, 22.8000, 2282, -0.23835686, -0.99430597, 0.17556311, -2.57885671, 38.35752106, 34.11687088, -45.83454895, 2.80619693, -101.95848846, 102.24240875, -11.53390217, 173.07395935, 0.04035753, 0.10974078, 0.76931125, 0.62808323, 0.03885341, 0.03635440, 0.03019583, 99.96700287, 113.66096497, 32.41999817, 0.00000000
1, 22.8050, 2283, -0.23837700, -0.99424338, 0.18285395, -1.95296395, 39.51525116, 33.99628448, -45.83454895, 2.80619693, -101.95848846, 102.20062256, -11.74162865, 173.23472595, 0.04260681, 0.10979852, 0.76902574, 0.62827408, 0.03530730, 0.03683924, 0.02205135, 99.96700287, 113.66096497, 32.41999817, 0.00000000
1, 22.8100, 2284, -0.21873285, -0.99914932, 0.20778021, -2.01061511, 41.32749557, 33.93505859, -45.83454895, 2.80619693, -101.95848846, 102.15604401, -11.95082569, 173.40487671, 0.04491463, 0.10980393, 0.76873159, 0.62847239, 0.01203558, 0.04227430, -0.00372166, 99.96700287, 113.66096497, 32.41999817, 0.00000000
1, 22.8150, 2285, -0.18536095, -1.00213647, 0.23719439, -2.34595823, 42.70532227, 34.46290207, -45.86378098, 3.04004669, -102.07541656, 102.10782623, -12.16391468, 173.58166504, 0.04728130, 0.10978922, 0.76841879, 0.62868381, -0.02502683, 0.04579604, -0.03400492, 99.96700287, 113.66096497, 32.41999817, 0.00000000
1, 22.8200, 2286, -0.14842698, -1.00022578, 0.24215239, -2.89394569, 44.01246643, 34.95671082, -45.86378098, 3.04004669, -102.07541656, 102.05484772, -12.38062763, 173.76480103, 0.04970242, 0.10975569, 0.76808143, 0.62891525, -0.06565836, 0.04447079, -0.03990703, 99.96700287, 113.66096497, 32.41999817, 0.00000000
1, 22.8250, 2287, -0.13551818, -1.00006735, 0.19460943, -2.22620559, 44.74279404, 35.24603271, -46.33148193, 3.21543407, -102.25080109, 102.00375366, -12.59934330, 173.95164490, 0.05215881, 0.10970955, 0.76775467, 0.62912321, -0.08216836, 0.04500804, 0.00663346, 99.96700287, 113.66096497, 32.41999817, 0.00000000
1, 22.8300, 2288, -0.13495538, -0.99596727, 0.16425493, -1.55260193, 45.01727295, 35.66462708, -46.33148193, 3.21543407, -102.25080109, 101.95502472, -12.82021713, 174.13978577, 0.05463874, 0.10966757, 0.76743913, 0.62930512, -0.08641025, 0.04160911, 0.03600512, 99.96700287, 113.66096497, 32.41999817, 0.00000000
1, 22.8350, 2289, -0.08549609, -0.98883092, 0.19430251, -0.35800603, 46.49729919, 36.84142303, -46.33148193, 3.21543407, -102.25080109, 101.91011810, -13.04820347, 174.33447266, 0.05720583, 0.10962051, 0.76714230, 0.62944704, -0.13978541, 0.03512277, 0.00515356, 99.96700287, 113.66096497, 32.41999817, 0.00000000
1, 22.8400, 2290, -0.05296847, -0.98910725, 0.17766683, -0.63768262, 46.33050537, 37.89257050, -46.09763336, 3.82928967, -102.66004181, 101.85239410, -13.22285652, 174.52778625, 0.05939236, 0.10930246, 0.76682830, 0.62968248, -0.17571685, 0.03602678, 0.02083514, 99.96700287, 113.66096497, 32.41999817, 0.00000000
1, 22.8700, 2291, 0.12886615, -1.02632201, 0.09669201, -2.73263359, 31.77573395, 52.99527740, -47.03303146, 3.94621444, -102.54311371, 101.57350922, -14.81469250, 175.43220520, 0.07482551, 0.11206050, 0.76447368, 0.63041538, -0.38356185, 0.07877152, 0.09612127, 99.96700287, 113.66096497, 32.41999817, 0.00000000
1, 22.8750, 2292, 0.13174881, -1.03499579, 0.15616350, -1.50158966, 30.66799927, 56.07285309, -47.12072372, 4.29698896, -103.04004669, 101.54141998, -15.11995602, 175.53009033, 0.07738572, 0.11308722, 0.76405895, 0.63042587, -0.39168063, 0.08855969, 0.03581493, 99.96700287, 113.66096497, 32.41999817, 0.00000000
1, 22.8800, 2293, 0.15844743, -1.04930937, 0.17128231, -1.69273949, 29.60804558, 59.55524445, -47.12072372, 4.29698896, -103.04004669, 101.51018524, -15.44118690, 175.61932373, 0.08000508, 0.11425883, 0.76361930, 0.63042033, -0.42375773, 0.10416573, 0.01993573, 99.96700287, 113.66096497, 32.41999817, 0.00000000
1, 22.8850, 2294, 0.15043567, -1.04963863, 0.10745795, -2.55205393, 27.72668076, 62.18529892, -47.12072372, 4.29698896, -103.04004669, 101.47740936, -15.77341557, 175.69659424, 0.08262946, 0.11557189, 0.76314300, 0.63041914, -0.42114481, 0.10600386, 0.08289759, 99.96700287, 113.66096497, 32.41999817, 0.00000000
1, 22.8900, 2295, 0.08854873, -1.03548002, 0.02453788, -2.63897824, 24.38954926, 67.71521759, -47.38380432, 4.26775789, -102.86465454, 101.39937592, -16.03575897, 175.76121521, 0.08466727, 0.11662415, 0.76248056, 0.63075644, -0.36412653, 0.09320958, 0.16450210, 99.96700287, 113.66096497, 32.41999817, 0.00000000
1, 22.8950, 2296, 0.04487094, -1.04967797, 0.04408251, -1.81168520, 24.35407448, 70.96369171, -47.38380432, 4.26775789, -102.86465454, 101.37667084, -16.40757370, 175.81320190, 0.08742467, 0.11831582, 0.76198018, 0.63067001, -0.32587895, 0.10874235, 0.14371528, 99.96700287, 113.66096497, 32.41999817, 0.00000000
1, 22.9000, 2297, 0.02297701, -1.06195855, 0.09621400, -2.65918970, 24.64513016, 74.52169037, -47.90996552, 4.56007004, -103.30312347, 101.34999084, -16.79710960, 175.86331177, 0.09028458, 0.12011951, 0.76142859, 0.63059217, -0.31055683, 0.12272662, 0.09072146, 99.96700287, 113.66096497, 32.41999817, 0.00000000
1, 22.9050, 2298, 0.01406632, -1.08461785, 0.12136880, -4.10801363, 24.71610832, 78.32746124, -47.90996552, 4.56007004, -103.30312347, 101.31670380, -17.20536613, 175.91021729, 0.09324317, 0.12205192, 0.76080781, 0.63053995, -0.30844569, 0.14724781, 0.06458730, 99.96700287, 113.66096497, 32.41999817, 0.00000000
1, 22.9100, 2299, -0.00680793, -1.10320997, 0.12441052, -5.59732056, 25.20364380, 82.17872620, -47.90996552, 4.56007004, -103.30312347, 101.27600098, -17.63298416, 175.95610046, 0.09631512, 0.12410301, 0.76011348, 0.63051528, -0.29462612, 0.16786227, 0.06039827, 99.96700287, 113.66096497, 32.41999817, 0.00000000
1, 22.9150, 2300, -0.04057395, -1.11897874, 0.12080780, -6.24317694, 26.37682533, 85.33455658, -48.43613052, 4.56007004, -103.50774384, 101.23077393, -18.07718468, 176.00526428, 0.09950803, 0.12622714, 0.75936842, 0.63049555, -0.26816916, 0.18578941, 0.06270893, 99.96700287, 113.66096497, 32.41999817, 0.00000000
1, 22.9700, 2301, 0.21117908, -1.22325134, 0.21541043, -3.46619296, 47.56243134, 115.24801636, -51.00847626, 6.48933077, -104.15083313, 100.41492462, -23.89224243, 177.63253784, 0.14607596, 0.14797843, 0.74882865, 0.62930113, -0.61428595, 0.32264251, -0.05113380, 99.96700287, 113.66096497, 32.41999817, 0.00000000
1, 22.9750, 2302, 0.20933309, -1.26643312, 0.22798628, -4.07799292, 43.11356354, 119.00549316, -51.97310638, 7.07395506, -104.67699432, 100.34845734, -24.51625252, 177.74856567, 0.15073039, 0.15069744, 0.74766946, 0.62893653, -0.62236100, 0.36994952, -0.06564483, 99.96700287, 113.66096497, 32.41999817, 0.00000000
1, 22.9800, 2303, 0.20263481, -1.30718148, 0.22610803, -4.80265760, 39.18503952, 122.81187439, -51.97310638, 7.07395506, -104.67699432, 100.28717804, -25.15539551, 177.84092712, 0.15535213, 0.15364856, 0.74646795, 0.62852484, -0.62573266, 0.41507748, -0.06565265, 99.96700287, 113.66096497, 32.41999817, 0.00000000
1, 22.9850, 2304, 0.20317672, -1.34351885, 0.22593337, -5.20299530, 37.80657196, 126.42954254, -51.97310638, 7.07395506, -104.67699432, 100.22721863, -25.81103325, 177.92347717, 0.16002078, 0.15675281, 0.74521655, 0.62807184, -0.63655204, 0.45603088, -0.06733721, 99.96700287, 113.66096497, 32.41999817, 0.00000000
1, 22.9900, 2305, 0.21346138, -1.36997092, 0.22100194, -5.51360750, 37.72865295, 129.58634949, -52.52849960, 8.00935364, -104.85237885, 100.16416931, -26.42561722, 178.00245667, 0.16438766, 0.15966322, 0.74399108, 0.62766373, -0.65685463, 0.48712480, -0.06424417, 99.96700287, 113.66096497, 32.41999817, 0.00000000
1, 22.9950, 2306, 0.22980228, -1.41125131, 0.22104177, -5.33397579, 38.43992615, 133.42169189, -52.52849960, 8.00935364, -104.85237885, 100.10234833, -27.11608124, 178.08415222, 0.16925736, 0.16296700, 0.74263394, 0.62712723, -0.68343592, 0.53328520, -0.06617833, 99.96700287, 113.66096497, 32.41999817, 0.00000000
1, 23.0000, 2307, 0.22550739, -1.42949152, 0.22433950, -5.58602428, 39.40690231, 136.60263062, -53.78544235, 9.03244686, -105.29084778, 100.03675079, -27.82296181, 178.16949463, 0.17423737, 0.16634293, 0.74121237, 0.62655854, -0.69004518, 0.55688226, -0.07147406, 99.96700287, 113.66096497, 32.41999817, 0.00000000
1, 23.0050, 2308, 0.20669317, -1.45175624, 0.20719469, -6.54181147, 42.85742950, 140.55279541, -53.78544235, 9.03244686, -105.29084778, 99.95742798, -28.55218315, 178.27185059, 0.17942335, 0.16975251, 0.73968047, 0.62599057, -0.68235445, 0.58482045, -0.05659609, 99.96700287, 113.66096497, 32.41999817, 0.00000000
1, 23.0100, 2309, 0.16575760, -1.46542227, 0.18676983, -6.94943428, 47.86378479, 143.72683716, -53.78544235, 9.03244686, -105.29084778, 99.86182404, -29.30116653, 178.40129089, 0.18484692, 0.17312324, 0.73804349, 0.62542140, -0.65275288, 0.60442919, -0.03874702, 99.96700287, 113.66096497, 32.41999817, 0.00000000
1, 23.0150, 2310, 0.11165053, -1.47334135, 0.18144576, -7.18356991, 56.02234650, 146.23773193, -54.01929092, 9.29552746, -105.61239624, 99.74060059, -30.06919670, 178.57717896, 0.19059145, 0.17634581, 0.73628205, 0.62487268, -0.61022818, 0.61852467, -0.03639465, 99.96700287, 113.66096497, 32.41999817, 0.00000000
1, 23.0500, 2311, 0.76804936, -1.78831291, -0.16567673, 4.42889977, 144.48822021, 153.70170593, -56.12393951, 10.96170712, -107.98011780, 97.75424194, -35.93751526, -177.70710754, 0.24486274, 0.18851411, 0.72047448, 0.62082309, -1.35152960, 0.98437899, 0.27563852, 99.96700287, 113.66096497, 32.41999817, 0.00000000
1, 23.0550, 2312, 0.79813200, -1.69456208, -0.16853613, 11.53661537, 140.81254578, 148.26580811, -56.12393951, 10.96170712, -107.98011780, 97.37090302, -36.76393127, -176.95996094, 0.25339422, 0.18921117, 0.71804374, 0.62000304, -1.39334404, 0.89839709, 0.27214301, 99.96700287, 113.66096497, 32.41999817, 0.00000000
1, 23.0600, 2313, 0.74795103, -1.63603365, -0.08672294, 20.56031036, 128.75329590, 143.06134033, -57.08856964, 12.56942368, -107.89242554, 97.05851746, -37.55326080, -176.26962280, 0.26146215, 0.18995735, 0.71597910, 0.61881161, -1.35452318, 0.84746814, 0.18461651, 99.96700287, 113.66096497, 32.41999817, 0.00000000
1, 23.0650, 2314, 0.77983683, -1.58532155, 0.00966915, 23.99271965, 117.93511963, 140.76184082, -57.08856964, 12.56942368, -107.89242554, 96.78906250, -38.32188416, -175.63331604, 0.26914066, 0.19087209, 0.71410060, 0.61740720, -1.39731824, 0.80432403, 0.08353655, 99.96700287, 113.66096497, 32.41999817, 0.00000000
1, 23.0700, 2315, 0.76545668, -1.55121255, 0.14555229, 25.30899811, 103.18045807, 140.63874817, -57.08856964, 12.56942368, -107.89242554, 96.57141876, -39.07928467, -175.07994080, 0.27635089, 0.19215390, 0.71238732, 0.61580139, -1.39365339, 0.77782273, -0.05642573, 99.96700287, 113.66096497, 32.41999817, 0.00000000
1, 23.0750, 2316, 0.66752517, -1.49056375, 0.39139739, 21.10056496, 88.88512421, 138.24845886, -57.52703857, 13.79713535, -108.82782745, 96.37847900, -39.81539154, -174.60748291, 0.28300253, 0.19378725, 0.71071315, 0.61420101, -1.30636907, 0.72462177, -0.30596420, 99.96700287, 113.66096497, 32.41999817, 0.00000000
1, 23.0800, 2317, 0.52235514, -1.39421284, 0.57426095, 5.95465755, 75.65649414, 133.91969299, -57.52703857, 13.79713535, -108.82782745, 96.15328979, -40.52173615, -174.20960999, 0.28898734, 0.19582088, 0.70879781, 0.61298144, -1.17119908, 0.63561189, -0.49277186, 99.96700287, 113.66096497, 32.41999817, 0.00000000
1, 23.0850, 2318, 0.32071012, -1.25653863, 0.61039442, -10.62557220, 63.79979706, 131.42955017, -57.99473953, 11.37094402, -109.32476044, 95.88607025, -41.20846176, -173.87985229, 0.29438624, 0.19829720, 0.70657867, 0.61217773, -0.97877723, 0.50532717, -0.53339732, 99.96700287, 113.66096497, 32.41999817, 0.00000000
1, 23.1150, 2319, -0.79306513, -1.46273410, 0.23408653, 1.98033166, -25.51987457, 158.30349731, -59.83630371, 15.96024513, -108.76936340, 95.64372253, -45.70740128, -173.82664490, 0.32071200, 0.22362271, 0.69593829, 0.60233432, 0.07902497, 0.76498246, -0.17020312, 99.96700287, 113.66096497, 32.41999817, 0.00000000
1, 23.1200, 2320, -0.79411560, -1.57997227, 0.18165277, -1.99019921, -23.13716507, 147.50962830, -59.83630371, 15.96024513, -108.76936340, 95.83045197, -46.43001938, -174.09715271, 0.32387182, 0.22872312, 0.69476175, 0.60008252, 0.07125751, 0.89172423, -0.11650947, 99.96700287, 113.66096497, 32.41999817, 0.00000000
1, 23.1250, 2321, -0.78461665, -1.61078763, 0.27413511, -11.80265903, -32.03006363, 135.64501953, -61.41479111, 16.63256264, -109.44168091, 96.01590729, -47.08860016, -174.43034363, 0.32634071, 0.23382811, 0.69354397, 0.59818304, 0.05343539, 0.93112087, -0.20772119, 99.96700287, 113.66096497, 32.41999817, 0.00000000
1, 23.1300, 2322, -0.76439250, -1.59936345, 0.44997263, -20.78644562, -44.18012619, 126.28613281, -61.41479111, 16.63256264, -109.44168091, 96.22454834, -47.69359970, -174.85284424, 0.32809463, 0.23908864, 0.69233429, 0.59654325, 0.02545496, 0.92753267, -0.38192862, 99.96700287, 113.66096497, 32.41999817, 0.00000000
1, 23.1350, 2323, -0.68197173, -1.56546009, 0.61359721, -27.56221581, -53.40798187, 117.88011169, -61.94095230, 18.09412384, -108.53551483, 96.45400238, -48.25078201, -175.34523010, 0.32926935, 0.24442582, 0.69114375, 0.59511179, -0.06403694, 0.90096116, -0.54348814, 99.96700287, 113.66096497, 32.41999817, 0.00000000
1, 23.1400, 2324, -0.58003622, -1.51154065, 0.76273179, -36.99219894, -63.36099625, 111.17311096, -61.94095230, 18.09412384, -108.53551483, 96.72213745, -48.74609756, -175.93423462, 0.32968709, 0.24987514, 0.69003987, 0.59389728, -0.17232612, 0.85381854, -0.69013423, 99.96700287, 113.66096497, 32.41999817, 0.00000000
1, 23.1450, 2325, -0.50438595, -1.42255604, 0.81484604, -48.24039078, -73.23134613, 103.26440430, -61.94095230, 18.09412384, -108.53551483, 96.97020721, -49.21635818, -176.58094788, 0.32964033, 0.25557065, 0.68870729, 0.59304571, -0.25352210, 0.77126062, -0.73967212, 99.96700287, 113.66096497, 32.41999817, 0.00000000
1, 23.1500, 2326, -0.48171410, -1.25739086, 0.73281503, -60.75880432, -75.60717010, 93.20198822, -62.75942612, 19.02952385, -108.47705078, 97.17203522, -49.63372803, -177.24507141, 0.32911068, 0.26119837, 0.68717229, 0.59266835, -0.28088772, 0.61218727, -0.65555519, 99.96700287, 113.66096497, 32.41999817, 0.00000000
1, 23.1550, 2327, -0.54537582, -1.00096917, 0.56120986, -69.96608734, -69.45340729, 83.05538177, -62.75942612, 19.02952385, -108.47705078, 97.29251862, -50.00347900, -177.85931396, 0.32838702, 0.26648748, 0.68540317, 0.59276384, -0.22110108, 0.36128277, -0.48275012, 99.96700287, 113.66096497, 32.41999817, 0.00000000
1, 23.1600, 2328, -0.59229016, -0.71126044, 0.40011030, -70.52009583, -63.81798553, 74.39865112, -63.60713196, 19.70184135, -108.44782257, 97.37672424, -50.33316422, -178.42687988, 0.32759124, 0.27137235, 0.68361890, 0.59304821, -0.17758371, 0.07646675, -0.32089356, 99.96700287, 113.66096497, 32.41999817, 0.00000000
1, 23.2300, 2329, -0.07532478, 0.14079106, 0.34627080, -75.50312042, -126.31760406, -74.56226349, -65.21485138, 21.07570839, -107.04472351, 100.42931366, -50.10736847, 171.88523865, 0.28357893, 0.31955951, 0.67522657, 0.60127676, -0.69417626, -0.77061939, -0.23126163, 99.96700287, 113.66096497, 32.41999817, 0.00000000
1, 23.2350, 2330, -0.04487085, 0.15364692, 0.38019985, -71.04907990, -133.27265930, -89.50665283, -65.18561554, 21.07570839, -105.70008850, 100.75274658, -49.54680252, 170.99565125, 0.27630827, 0.32130718, 0.67623055, 0.60260087, -0.71864784, -0.78997773, -0.26027107, 99.96700287, 113.66096497, 32.41999817, 0.00000000
1, 23.2400, 2331, -0.03303488, 0.14634547, 0.41506675, -66.96099091, -136.30889893, -103.86225891, -65.18561554, 21.07570839, -105.70008850, 101.16267395, -48.91746521, 170.05967712, 0.26857606, 0.32284150, 0.67777830, 0.60353708, -0.72358912, -0.78993636, -0.28946477, 99.96700287, 113.66096497, 32.41999817, 0.00000000
1, 23.2450, 2332, -0.03934966, 0.10674623, 0.44060650, -63.57493591, -136.93783569, -117.17007446, -65.18561554, 21.07570839, -105.70008850, 101.47521210, -48.21032333, 169.21693420, 0.26053640, 0.32373622, 0.67932516, 0.60484135, -0.70943767, -0.75840807, -0.30929315, 99.96700287, 113.66096497, 32.41999817, 0.00000000
1, 23.2500, 2333, -0.06276207, 0.04086943, 0.44241652, -61.30115891, -136.55404663, -129.52824402, -64.63022614, 19.64337921, -105.26161957, 101.76298523, -47.44006348, 168.41294861, 0.25219399, 0.32420594, 0.68105292, 0.60618126, -0.67721593, -0.70144069, -0.30593976, 99.96700287, 113.66096497, 32.41999817, 0.00000000
1, 23.2550, 2334, -0.11785451, -0.02444076, 0.43966472, -59.17066193, -135.65962219, -139.97959900, -64.63022614, 19.64337921, -105.26161957, 102.02471924, -46.61695480, 167.64859009, 0.24361147, 0.32429364, 0.68292230, 0.60753953, -0.61250997, -0.64563912, -0.29819241, 99.96700287, 113.66096497, 32.41999817, 0.00000000
1, 23.2600, 2335, -0.17870757, -0.10153756, 0.45388967, -56.94351578, -133.64558411, -149.14361572, -64.19175720, 18.29874229, -103.88774872, 102.25724792, -45.74888229, 166.92926025, 0.23485692, 0.32400537, 0.68490350, 0.60890895, -0.54137397, -0.57855368, -0.30759782, 99.96700287, 113.66096497, 32.41999817, 0.00000000
1, 23.2650, 2336, -0.24661767, -0.17128477, 0.47265717, -56.53738785, -130.77101135, -157.07217407, -64.19175720, 18.29874229, -103.88774872, 102.44990540, -44.84324265, 166.25781250, 0.22596280, 0.32337257, 0.68692023, 0.61033738, -0.46254534, -0.51921833, -0.32184619, 99.96700287, 113.66096497, 32.41999817, 0.00000000
1, 23.2700, 2337, -0.32710874, -0.21752501, 0.49156719, -57.11496735, -128.59922791, -163.63790894, -64.19175720, 18.29874229, -103.88774872, 102.60447693, -43.90650177, 165.62557983, 0.21693048, 0.32246312, 0.68893248, 0.61182582, -0.37055415, -0.48368925, -0.33658201, 99.96700287, 113.66096497, 32.41999817, 0.00000000
1, 23.2750, 2338, -0.42557880, -0.26287383, 0.49129760, -58.15895081, -126.33605957, -171.28213501, -64.36714172, 17.65565681, -104.00467682, 102.71887970, -42.93386841, 165.03308105, 0.20772718, 0.32124460, 0.69094038, 0.61339450, -0.25993741, -0.44930476, -0.33255509, 99.96700287, 113.66096497, 32.41999817, 0.00000000
1, 23.2800, 2339, -0.50121039, -0.27888921, 0.48460853, -59.82507706, -122.23863220, -177.19224548, -64.36714172, 17.65565681, -104.00467682, 102.78549957, -41.93618011, 164.48793030, 0.19844577, 0.31972307, 0.69288456, 0.61506701, -0.17155895, -0.44449717, -0.32246086, 99.96700287, 113.66096497, 32.41999817, 0.00000000
1, 23.2850, 2340, -0.57873827, -0.29708955, 0.45978007, -63.96770096, -113.76494598, -184.92945862, -63.54866791, 16.63256264, -103.59543610, 102.77403259, -40.90994263, 164.01846313, 0.18913525, 0.31774580, 0.69468474, 0.61699152, -0.08066941, -0.43778771, -0.29516807, 99.96700287, 113.66096497, 32.41999817, 0.00000000
1, 23.2900, 2341, -0.60134208, -0.30184066, 0.42592490, -68.52993774, -105.72943878, -191.97070313, -63.54866791, 16.63256264, -103.59543610, 102.72795105, -39.87686920, 163.59379578, 0.17989984, 0.31551149, 0.69641405, 0.61894751, -0.04426652, -0.44460300, -0.25937867, 99.96700287, 113.66096497, 32.41999817, 0.00000000
1, 23.2950, 2342, -0.59732616, -0.30119359, 0.39658406, -73.83589172, -95.23862457, -199.99552917, -63.54866791, 16.63256264, -103.59543610, 102.55940247, -38.79817963, 163.27351379, 0.17057160, 0.31259230, 0.69786978, 0.62142515, -0.03391856, -0.45711201, -0.22911108, 99.96700287, 113.66096497, 32.41999817, 0.00000000
1, 23.3000, 2343, -0.57406694, -0.29662693, 0.37430397, -79.16112518, -83.36692047, -208.96862793, -62.43788147, 15.11254025, -102.83542633, 102.30622101, -37.68934250, 163.03906250, 0.16126986, 0.30908495, 0.69914073, 0.62422824, -0.04208804, -0.47401094, -0.20727542, 99.96700287, 113.66096497, 32.41999817, 0.00000000
1, 23.3050, 2344, -0.53522474, -0.28320768, 0.35712892, -83.88807678, -71.06210327, -218.35969543, -62.43788147, 15.11254025, -102.83542633, 101.97483063, -36.54843521, 162.88879395, 0.15200502, 0.30495515, 0.70024484, 0.62733883, -0.06518236, -0.50005496, -0.19167930, 99.96700287, 113.66096497, 32.41999817, 0.00000000
1, 23.3100, 2345, -0.48490271, -0.27239218, 0.34448120, -86.81909180, -60.20510101, -227.73799133, -60.94709015, 14.06021595, -102.80619812, 101.58467102, -35.37341690, 162.80926514, 0.14275727, 0.30022597, 0.70123923, 0.63067293, -0.09905486, -0.52372098, -0.18160078, 99.96700287, 113.66096497, 32.41999817, 0.00000000
1, 23.3150, 2346, -0.43103725, -0.26520810, 0.33764228, -88.37525940, -51.28535461, -237.17997742, -60.94709015, 14.06021595, -102.80619812, 101.15368652, -34.16134644, 162.78512573, 0.13348363, 0.29493529, 0.70217198, 0.63415289, -0.13572329, -0.54390895, -0.17811804, 99.96700287, 113.66096497, 32.41999817, 0.00000000
1, 23.3200, 2347, -0.38373661, -0.26515850, 0.32400164, -88.87981415, -43.93450546, -246.18200684, -60.94709015, 14.06021595, -102.80619812, 100.69611359, -32.91217422, 162.80348206, 0.12416105, 0.28913027, 0.70307148, 0.63771331, -0.16501585, -0.55702096, -0.16848677, 99.96700287, 113.66096497, 32.41999817, 0.00000000
1, 23.3250, 2348, -0.31725177, -0.27970228, 0.30654621, -86.90309143, -38.66867447, -254.49418640, -59.45629883, 9.64630222, -102.92311859, 100.23405457, -31.62674141, 162.84921265, 0.11477546, 0.28287348, 0.70400548, 0.64123750, -0.21268746, -0.55549002, -0.15536925, 99.96700287, 113.66096497, 32.41999817, 0.00000000
1, 23.3450, 2349, -0.32580480, -0.53358209, 0.26090774, -68.69129944, -43.95066452, -277.67086792, -58.08243179, 10.78631973, -103.24466705, 98.64929962, -26.15518951, 162.95960999, 0.07565170, 0.25530049, 0.70874184, 0.65328681, -0.12115689, -0.35132897, -0.12673008, 99.96700287, 113.66096497, 32.41999817, 0.00000000
1, 23.3500, 2350, -0.36081892, -0.61570835, 0.27822819, -65.79332733, -48.87941360, -280.27890015, -55.33469772, 7.60011673, -102.95235443, 98.33454895, -24.73397064, 162.91836548, 0.06539704, 0.24824618, 0.71007121, 0.65566462, -0.06391113, -0.28063035, -0.14765635, 99.96700287, 113.66096497, 32.41999817, 0.00000000
1, 23.3550, 2351, -0.47806635, -0.66891539, 0.29025713, -62.98318481, -49.83588409, -284.43859863, -55.33469772, 7.60011673, -102.95235443, 98.03689575, -23.29165840, 162.86727905, 0.05501290, 0.24104159, 0.71141207, 0.65784919, 0.07613219, -0.23836350, -0.16331278, 99.96700287, 113.66096497, 32.41999817, 0.00000000
1, 23.3600, 2352, -0.51291460, -0.73269343, 0.28339893, -59.70581055, -43.36733246, -293.05410767, -53.90236664, 7.33703566, -103.59543610, 97.74154663, -21.81126404, 162.84970093, 0.04460623, 0.23333487, 0.71280110, 0.65990895, 0.13463281, -0.18512744, -0.15996067, 99.96700287, 113.66096497, 32.41999817, 0.00000000
1, 23.3650, 2353, -0.48404765, -0.80746961, 0.30375233, -58.83555603, -34.96319580, -301.90835571, -53.90236664, 7.33703566, -103.59543610, 97.43465424, -20.29255104, 162.87484741, 0.03420603, 0.22506721, 0.71416152, 0.66192758, 0.13023894, -0.12057862, -0.18395485, 99.96700287, 113.66096497, 32.41999817, 0.00000000
1, 23.3700, 2354, -0.41897890, -0.84553838, 0.33491865, -60.13205338, -29.08537865, -307.85083008, -50.83308792, 7.33703566, -103.94621277, 97.11315918, -18.74796295, 162.92575073, 0.02379745, 0.21640524, 0.71540064, 0.66393101, 0.09034921, -0.09230223, -0.21905990, 99.96700287, 113.66096497, 32.41999817, 0.00000000
1, 23.3750, 2355, -0.41411206, -0.85920238, 0.36846763, -54.68030548, -30.69562531, -311.39376831, -50.83308792, 5.67085648, -103.94621277, 96.82485962, -17.18452263, 162.96133423, 0.01328203, 0.20763256, 0.71669620, 0.66562676, 0.11121778, -0.08780185, -0.25648201, 99.96700287, 113.66096497, 32.41999817, 0.00000000
1, 23.3800, 2356, -0.40160111, -0.92205942, 0.34962600, -46.22882843, -33.41712189, -315.45697021, -50.83308792, 5.67085648, -103.94621277, 96.58523560, -15.59909153, 162.97746277, 0.00263676, 0.19876641, 0.71813661, 0.66690695, 0.12514792, -0.03331534, -0.24094521, 99.96700287, 113.66096497, 32.41999817, 0.00000000
1, 23.3850, 2357, -0.38197139, -0.99278665, 0.32519865, -38.90042496, -34.44196701, -319.50054932, -48.43613052, 3.71236467, -103.77082825, 96.38500977, -13.99285603, 162.98425293, -0.00809604, 0.18976292, 0.71968347, 0.66781759, 0.13254616, 0.02977233, -0.21926409, 99.96700287, 113.66096497, 32.41999817, 0.00000000
1, 23.3900, 2358, -0.35011384, -1.09404385, 0.29690683, -32.27931595, -36.22871017, -325.44607544, -48.43613052, 3.71236467, -103.77082825, 96.23056030, -12.36156654, 162.97842407, -0.01895952, 0.18063098, 0.72137296, 0.66830695, 0.12837210, 0.12413479, -0.19311726, 99.96700287, 113.66096497, 32.41999817, 0.00000000
1, 23.4600, 2359, -0.66403699, -2.04278231, 0.56004483, 37.07661438, 0.23552410, -346.94677734, -30.40046692, -2.28003502, -102.74773407, 97.10732269, 12.37407303, 162.45338440, -0.18021150, 0.04316064, 0.74737138, 0.63804156, 0.86964077, 1.07094812, -0.44496423, 99.96700287, 113.66096497, 32.41999817, 0.00000000
1, 23.4650, 2360, -0.62571794, -1.99295390, 0.58927369, 35.60686111, 1.00853717, -334.60632324, -30.40046692, -2.28003502, -102.74773407, 97.33114624, 14.03394699, 162.67176819, -0.18942857, 0.03250261, 0.74889308, 0.63420784, 0.85978162, 1.02797365, -0.47100514, 99.96700287, 113.66096497, 32.41999817, 0.00000000
1, 23.4700, 2361, -0.98312378, -1.85161996, 0.67349678, 29.32629204, 9.65515804, -316.75918579, -27.53580856, -2.77696586, -102.19233704, 97.54019928, 15.59891605, 162.93069458, -0.19783872, 0.02212980, 0.75013620, 0.63060760, 1.24387455, 0.89381456, -0.55323911, 99.96700287, 113.66096497, 32.41999817, 0.00000000
1, 23.4750, 2362, -1.38421047, -1.75875580, 0.68601316, 33.07532501, 36.42040253, -296.99539185, -27.53580856, -2.77696586, -102.19233704, 97.81253815, 17.04725075, 163.32289124, -0.20479022, 0.01169467, 0.75156033, 0.62696195, 1.66970873, 0.80850112, -0.56339949, 99.96700287, 113.66096497, 32.41999817, 0.00000000
1, 23.4800, 2363, -1.25418222, -1.68233716, 0.44393075, 43.63101959, 101.53494263, -284.95693970, -27.53580856, -2.77696586, -102.19233704, 98.25127411, 18.38873863, 164.05728149, -0.20923837, -0.00003885, 0.75371939, 0.62299788, 1.56309128, 0.74045587, -0.31532991, 99.96700287, 113.66096497, 32.41999817, 0.00000000
1, 23.4850, 2364, -0.76938301, -1.64313567, 0.30327067, 34.96691513, 154.70707703, -265.45724487, -25.25577354, -0.67231804, -101.46156311, 98.75329590, 19.58895874, 165.07192993, -0.21136957, -0.01265932, 0.75599313, 0.61938435, 1.09910440, 0.70952475, -0.16626754, 99.96700287, 113.66096497, 32.41999817, 0.00000000
1, 23.4900, 2365, -0.46439889, -1.62487829, 0.15319093, 17.91868782, 154.60206604, -243.82585144, -25.25577354, -0.67231804, -101.46156311, 99.18461609, 20.65097809, 166.08512878, -0.21272650, -0.02458902, 0.75767756, 0.61649626, 0.81251216, 0.69908434, -0.00902811, 99.96700287, 113.66096497, 32.41999817, 0.00000000
1, 23.4950, 2366, -0.51076287, -1.55816782, -0.14317371, 5.38384485, 112.72869873, -226.22689819, -22.77112007, -3.85852075, -101.60771942, 99.49426270, 21.67689514, 166.87663269, -0.21509424, -0.03505101, 0.75855994, 0.61407876, 0.87637281, 0.64007282, 0.29178700, 99.96700287, 113.66096497, 32.41999817, 0.00000000
1, 23.5000, 2367, -0.79177856, -1.41679895, -0.02020282, 11.75161171, 73.86474609, -202.38229370, -22.77112007, -3.85852075, -101.60771942, 99.76682281, 22.61387825, 167.45068359, -0.21809635, -0.04361705, 0.75920719, 0.61166656, 1.17272353, 0.50542212, 0.17157568, 99.96700287, 113.66096497, 32.41999817, 0.00000000
1, 23.5050, 2368, -0.89432603, -1.42724681, 0.31628007, 20.84430122, 61.10013199, -185.27621460, -22.77112007, -3.85852075, -101.60771942, 100.06396484, 23.47485352, 167.94953918, -0.22106233, -0.05118655, 0.75994861, 0.60908902, 1.28856277, 0.52199847, -0.16145845, 99.96700287, 113.66096497, 32.41999817, 0.00000000
1, 23.5300, 2369, -0.28758350, -0.33758697, -0.19822302, 56.74066162, 117.12926483, -10.88936424, -19.61414719, 0.32154340, -101.49079132, 101.74346924, 25.26904106, 170.56837463, -0.21972859, -0.07533289, 0.76573640, 0.59974337, 0.71536773, -0.54771852, 0.37881872, 99.96700287, 113.66096497, 32.41999817, 0.00000000
1, 23.5350, 2370, -0.23249723, -0.51319766, -0.26742738, 59.31623840, 80.58370209, 28.30646706, -18.85413551, 0.55539316, -100.99385834, 102.21206665, 25.04836082, 170.97189331, -0.21649496, -0.07593621, 0.76814818, 0.59775585, 0.65755397, -0.37170854, 0.45587879, 99.96700287, 113.66096497, 32.41999817, 0.00000000
1, 23.5400, 2371, -0.30799419, -0.66855717, -0.35135108, 52.18401337, 40.23060608, 64.45053101, -18.85413551, 0.55539316, -100.99385834, 102.42736816, 24.58492470, 171.07026672, -0.21309817, -0.07367022, 0.76968759, 0.59727973, 0.72729790, -0.21789801, 0.54463816, 99.96700287, 113.66096497, 32.41999817, 0.00000000
1, 23.5450, 2372, -0.51739168, -0.80301845, -0.36948180, 51.61895752, 17.68949509, 96.58908081, -19.55568504, 0.61385560, -99.97076416, 102.67868042, 24.09491730, 171.05082703, -0.21015017, -0.07041361, 0.77150595, 0.59637010, 0.92863274, -0.08628915, 0.56607974, 99.96700287, 113.66096497, 32.41999817, 0.00000000
1, 23.5500, 2373, -0.75448442, -0.95041049, -0.23554724, 56.41609955, 15.08849812, 122.68505096, -19.55568504, 0.61385560, -99.97076416, 102.93527222, 23.48062325, 170.98385620, -0.20661807, -0.06616563, 0.77348495, 0.59552681, 1.15607762, 0.05774115, 0.43615425, 99.96700287, 113.66096497, 32.41999817, 0.00000000
1, 23.5550, 2374, -1.01716208, -1.15739858, 0.07776841, 57.78539276, 22.13595963, 147.54739380, -19.55568504, 0.61385560, -99.97076416, 103.20140076, 22.73757744, 170.92114258, -0.20219681, -0.06124733, 0.77560413, 0.59481382, 1.40663171, 0.26041871, 0.12709665, 99.96700287, 113.66096497, 32.41999817, 0.00000000
1, 23.5600, 2375, -1.07616425, -1.30498385, 0.11416095, 52.14990997, 32.38546371, 161.21832275, -20.69570351, -0.05846244, -99.15229034, 103.45298767, 21.91641998, 170.89208984, -0.19704764, -0.05617879, 0.77766365, 0.59435314, 1.45258570, 0.40366602, 0.09559113, 99.96700287, 113.66096497, 32.41999817, 0.00000000
1, 23.5650, 2376, -0.88528395, -1.55247450, -0.05252908, 39.87432480, 54.73923492, 167.37551880, -20.69570351, -0.05846244, -99.15229034, 103.68237305, 21.03927422, 170.96864319, -0.19093800, -0.05158418, 0.77956653, 0.59427083, 1.24800432, 0.64685059, 0.26732793, 99.96700287, 113.66096497, 32.41999817, 0.00000000
1, 23.5700, 2377, -0.57210088, -1.69737947, -0.37006387, 27.96811104, 74.18502808, 165.60704041, -21.83572006, -0.08769365, -99.67845917, 103.88596344, 20.14729309, 171.14428711, -0.18417419, -0.04764970, 0.78126943, 0.59449768, 0.92109716, 0.78773838, 0.59007776, 99.96700287, 113.66096497, 32.41999817, 0.00000000
1, 23.5750, 2378, -0.07272158, -1.74508679, -0.59571534, 11.70988178, 84.88468933, 159.47920227, -21.83572006, -0.08769365, -99.67845917, 104.02558899, 19.27155876, 171.37901306, -0.17715891, -0.04432833, 0.78257406, 0.59517020, 0.40780920, 0.83134156, 0.82065254, 99.96700287, 113.66096497, 32.41999817, 0.00000000
1, 23.6350, 2379, -1.24873388, -1.31723058, 0.33116913, 46.38862991, -283.15826416, 183.88035583, -26.98041534, -0.29231218, -100.46769714, 101.97386169, 13.72802925, 165.92694092, -0.16872512, 0.01983593, 0.77483910, 0.60890287, 1.48792982, 0.36715668, -0.13450946, 99.96700287, 113.66096497, 32.41999817, 0.00000000
1, 23.6400, 2380, -1.46284652, -1.50453258, 0.65334040, 52.91421127, -233.94657898, 199.65713501, -26.98041534, -0.29231218, -100.46769714, 101.92361450, 12.97639179, 164.54109192, -0.17113967, 0.03327338, 0.77431148, 0.60831398, 1.68914962, 0.55082458, -0.45814741, 99.96700287, 113.66096497, 32.41999817, 0.00000000
1, 23.6450, 2381, -1.42308438, -1.67701054, 0.98401928, 41.92464828, -176.30979919, 207.83074951, -29.31891251, -0.08769365, -99.76615143, 101.89586639, 12.14030457, 163.43910217, -0.17149051, 0.04528598, 0.77376395, 0.60813612, 1.63457525, 0.71956336, -0.78881335, 99.96700287, 113.66096497, 32.41999817, 0.00000000
1, 23.6500, 2382, -1.20998883, -1.69699013, 1.15337491, 20.65386009, -129.37585449, 206.83665466, -29.31891251, -0.08769365, -99.76615143, 101.82668304, 11.26010036, 162.57696533, -0.17030394, 0.05585402, 0.77290583, 0.60868180, 1.40615106, 0.73598957, -0.95796257, 99.96700287, 113.66096497, 32.41999817, 0.00000000
1, 23.6550, 2383, -0.94780838, -1.59913802, 1.16052270, 10.26784039, -107.98803711, 197.20837402, -29.31891251, -0.08769365, -99.76615143, 101.74108124, 10.40402412, 161.83526611, -0.16865878, 0.06544629, 0.77187341, 0.60949379, 1.12911487, 0.63498640, -0.96515423, 99.96700287, 113.66096497, 32.41999817, 0.00000000
1, 23.6600, 2384, -0.69176358, -1.45773172, 1.26927042, 15.01071167, -109.24631500, 183.02700806, -31.39432907, 0.17538731, -99.21075439, 101.69149780, 9.61786461, 161.10482788, -0.16740505, 0.07462336, 0.77092665, 0.60998279, 0.85897434, 0.49075496, -1.07352293, 99.96700287, 113.66096497, 32.41999817, 0.00000000
1, 23.6650, 2385, -0.43694225, -1.14298403, 1.43922424, 18.58206558, -116.35461426, 169.80775452, -31.39432907, 0.17538731, -99.21075439, 101.66587067, 8.90316677, 160.35469055, -0.16671748, 0.08356531, 0.77000028, 0.61018175, 0.59113324, 0.17357014, -1.24241281, 99.96700287, 113.66096497, 32.41999817, 0.00000000
1, 23.6700, 2386, -0.34897983, -0.80704725, 1.35920560, 18.08286476, -121.22792816, 160.72459412, -33.14820099, -4.03390837, -99.03536987, 101.64451599, 8.23754692, 159.59133911, -0.16642450, 0.09232201, 0.76899588, 0.61026633, 0.49174815, -0.16406289, -1.16163886, 99.96700287, 113.66096497, 32.41999817, 0.00000000
1, 23.7000, 2387, -1.24396038, -0.45420641, 0.47137606, 16.65809822, 39.71677780, 103.86854553, -35.86670685, -0.73078048, -98.77228546, 102.25722504, 4.53153515, 157.55181885, -0.15225151, 0.12708890, 0.76789767, 0.60909873, 1.32415652, -0.52062118, -0.26404443, 99.96700287, 113.66096497, 32.41999817, 0.00000000
1, 23.7050, 2388, -1.21206379, -0.54357278, 0.63807184, 21.62366104, 56.80065918, 96.22064972, -36.53902435, -0.14615609, -97.98304749, 102.37959290, 4.00146437, 157.72807312, -0.14766660, 0.12893768, 0.76831460, 0.60931319, 1.28254259, -0.43179816, -0.42868373, 99.96700287, 113.66096497, 32.41999817, 0.00000000
1, 23.7100, 2389, -1.14623547, -0.71248341, 0.55080163, 21.76064682, 73.27451324, 89.04028320, -36.53902435, -0.14615609, -97.98304749, 102.50664520, 3.48845553, 157.99137878, -0.14271703, 0.13010484, 0.76886165, 0.60955423, 1.20792174, -0.26286396, -0.33922923, 99.96700287, 113.66096497, 32.41999817, 0.00000000
1, 23.7150, 2390, -1.02823210, -0.86482704, 0.28800952, 19.36704254, 87.15806580, 81.47988892, -36.53902435, -0.14615609, -97.98304749, 102.62357330, 2.99679017, 158.32949829, -0.13751353, 0.13063024, 0.76945329, 0.60989130, 1.08190250, -0.11013438, -0.07424477, 99.96700287, 113.66096497, 32.41999817, 0.00000000
1, 23.7200, 2391, -0.83884686, -0.97995651, -0.00374297, 17.45436478, 90.54168701, 73.27751160, -37.26980209, 0.61385560, -98.24612427, 102.72925568, 2.54079485, 158.69198608, -0.13242248, 0.13077542, 0.77003986, 0.61024648, 0.88511777, 0.00548620, 0.21971886, 99.96700287, 113.66096497, 32.41999817, 0.00000000
1, 23.7250, 2392, -0.60265893, -1.07397759, -0.10169443, 16.82372475, 85.32940674, 66.67665100, -37.26980209, 0.61385560, -98.24612427, 102.82817841, 2.12206531, 159.03533936, -0.12768281, 0.13083132, 0.77059770, 0.61054039, 0.64176023, 0.09974543, 0.31987745, 99.96700287, 113.66096497, 32.41999817, 0.00000000
1, 23.7300, 2393, -0.32948986, -1.13560069, -0.08310106, 18.13595390, 74.16331482, 54.82657623, -37.70827103, 0.40923706, -98.80152130, 102.92977142, 1.77289438, 159.33651733, -0.12362465, 0.13079169, 0.77117956, 0.61064929, 0.36212787, 0.16150147, 0.30361068, 99.96700287, 113.66096497, 32.41999817, 0.00000000
1, 23.7350, 2394, -0.06785157, -1.18885374, -0.08592957, 23.01965714, 72.85521698, 53.01567459, -37.70827103, 0.40923706, -98.80152130, 103.05381012, 1.43348849, 159.63264465, -0.11962927, 0.13074982, 0.77188206, 0.61056644, 0.09455851, 0.21504951, 0.30904350, 99.96700287, 113.66096497, 32.41999817, 0.00000000
1, 23.7400, 2395, 0.17080033, -1.26426542, -0.07022899, 28.03513527, 67.38254547, 54.99461746, -37.70827103, 0.40923706, -98.80152130, 103.16542053, 1.11060309, 159.89675903, -0.11592565, 0.13081354, 0.77249455, 0.61049271, -0.14992487, 0.29079261, 0.29595530, 99.96700287, 113.66096497, 32.41999817, 0.00000000
1, 23.7450, 2396, 0.36936727, -1.34955585, 0.06222304, 27.21513176, 56.34331131, 57.51105499, -37.76673508, -0.26308095, -98.21689606, 103.30565643, 0.76685888, 160.10581970, -0.11233875, 0.13138081, 0.77317613, 0.61017841, -0.35464972, 0.37627190, 0.16603985, 99.96700287, 113.66096497, 32.41999817, 0.00000000
1, 23.7800, 2397, -0.10996882, -0.91146922, 0.34401435, 8.76467419, -61.12557602, 61.67602158, -39.16983414, 0.35077462, -97.98304749, 103.63140869, -1.13750565, 158.95536804, -0.10521696, 0.14956941, 0.77164948, 0.60919249, 0.09022936, -0.06080405, -0.11035348, 99.96700287, 113.66096497, 32.41999817, 0.00000000
1, 23.7850, 2398, -0.23170657, -0.92058003, 0.35292211, 8.44699764, -61.77706146, 59.66655731, -39.16983414, 0.35077462, -97.98304749, 103.68244934, -1.35498071, 158.58508301, -0.10564867, 0.15325896, 0.77119952, 0.60877049, 0.20810476, -0.05142469, -0.11875075, 99.96700287, 113.66096497, 32.41999817, 0.00000000
1, 23.7900, 2399, -0.42195880, -0.94452775, 0.35969657, 9.42312145, -57.86633682, 56.69780731, -39.16983414, 0.35077462, -97.98304749, 103.76270294, -1.64281952, 158.23924255, -0.10543214, 0.15717866, 0.77084136, 0.60826194, 0.39399254, -0.02710481, -0.12492599, 99.96700287, 113.66096497, 32.41999817, 0.00000000
1, 23.7950, 2400, -0.54499501, -0.97771490, 0.35112286, 11.09624100, -49.74377441, 54.10099030, -40.66062546, 1.75387311, -97.89534760, 103.82817841, -1.84658968, 157.93342590, -0.10558729, 0.16036883, 0.77053553, 0.60778958, 0.51277971, 0.00652778, -0.11547209, 99.96700287, 113.66096497, 32.41999817, 0.00000000
1, 23.8000, 2401, -0.63338059, -1.01288831, 0.33206871, 12.68511772, -37.67728424, 51.14356995, -40.66062546, 1.75387311, -97.89534760, 103.90051270, -2.04997897, 157.68948364, -0.10540394, 0.16314474, 0.77034080, 0.60732925, 0.59766412, 0.04214281, -0.09552217, 99.96700287, 113.66096497, 32.41999817, 0.00000000
1, 23.8050, 2402, -0.68647325, -1.04455483, 0.32153285, 13.69856834, -22.25971031, 47.67747116, -40.33908081, 1.31540489, -97.71996307, 103.97578430, -2.25463891, 157.52430725, -0.10478736, 0.16539817, 0.77026331, 0.60692459, 0.64722049, 0.07426632, -0.08393842, 99.96700287, 113.66096497, 32.41999817, 0.00000000
1, 23.8100, 2403, -0.69975293, -1.07832909, 0.33220658, 14.51556492, -5.49930573, 43.33451843, -40.33908081, 1.31540489, -97.71996307, 104.05212402, -2.45816827, 157.44546509, -0.10371724, 0.16706409, 0.77031147, 0.60659093, 0.65691495, 0.10848480, -0.09344037, 99.96700287, 113.66096497, 32.41999817, 0.00000000
1, 23.8150, 2404, -0.66762251, -1.09269392, 0.35174093, 13.17045403, 10.61772537, 38.89859390, -40.33908081, 1.31540489, -97.71996307, 104.11823273, -2.65957355, 157.44999695, -0.10223312, 0.16814689, 0.77042639, 0.60639781, 0.62121361, 0.12326123, -0.11178397, 99.96700287, 113.66096497, 32.41999817, 0.00000000
1, 23.8200, 2405, -0.59534359, -1.07354367, 0.38504922, 10.57847500, 23.93948174, 34.37686920, -40.98217010, 1.52002335, -97.39842224, 104.16794586, -2.85525441, 157.52450562, -0.10044017, 0.16871268, 0.77056229, 0.60636747, 0.54541409, 0.10444462, -0.14400378, 99.96700287, 113.66096497, 32.41999817, 0.00000000
1, 23.8250, 2406, -0.50518698, -1.04025066, 0.41207880, 7.74198675, 34.10756302, 30.55423164, -40.98217010, 1.52002335, -97.39842224, 104.20041656, -3.04484868, 157.65290833, -0.09842763, 0.16886765, 0.77069294, 0.60648853, 0.45185661, 0.07142603, -0.17018256, 99.96700287, 113.66096497, 32.41999817, 0.00000000
1, 23.8400, 2407, -0.19872992, -0.98460245, 0.42681009, 4.36297369, 50.35517120, 24.28954887, -41.24525070, 1.87079799, -97.51534271, 104.29634094, -3.61511230, 158.23365784, -0.09134074, 0.16801535, 0.77135819, 0.60698795, 0.13562393, 0.01662391, -0.18289998, 99.96700287, 113.66096497, 32.41999817, 0.00000000
1, 23.8450, 2408, -0.11128710, -0.97595286, 0.39972171, 2.77789164, 51.76195526, 23.15148354, -41.21601868, -0.78924292, -97.98304749, 104.29611206, -3.79079890, 158.45661926, -0.08896551, 0.16743036, 0.77146828, 0.60736233, 0.04493520, 0.00833699, -0.15518673, 99.96700287, 113.66096497, 32.41999817, 0.00000000
1, 23.8500, 2409, -0.06665957, -0.96650147, 0.37588844, 2.23023725, 49.88721466, 22.69314194, -41.21601868, -0.78924292, -97.98304749, 104.29303741, -3.96196485, 158.67109680, -0.08666892, 0.16687664, 0.77155524, 0.60773611, -0.00263378, -0.00089113, -0.13131821, 99.96700287, 113.66096497, 32.41999817, 0.00000000
1, 23.8550, 2410, -0.03361174, -0.95915306, 0.35101905, 1.68896437, 47.39509583, 21.83443069, -41.42063522, 1.28617358, -98.01227570, 104.28741455, -4.12589979, 158.87457275, -0.08448242, 0.16635741, 0.77162051, 0.60810339, -0.03850621, -0.00802422, -0.10648786, 99.96700287, 113.66096497, 32.41999817, 0.00000000
1, 23.8600, 2411, -0.00874018, -0.95127559, 0.32090217, 1.12406433, 43.95782089, 21.16380501, -41.42063522, 1.28617358, -98.01227570, 104.27953339, -4.28235245, 159.06222534, -0.08243297, 0.16590410, 0.77165908, 0.60845953, -0.06606246, -0.01568996, -0.07647203, 99.96700287, 113.66096497, 32.41999817, 0.00000000
1, 23.8650, 2412, 0.00424878, -0.93910897, 0.29412898, 1.24647474, 39.52127075, 20.28535271, -41.42063522, 1.28617358, -98.01227570, 104.27333832, -4.42908907, 159.22946167, -0.08055486, 0.16553907, 0.77168810, 0.60877371, -0.08157913, -0.02765159, -0.04980888, 99.96700287, 113.66096497, 32.41999817, 0.00000000
1, 23.8700, 2413, 0.00277013, -0.92970586, 0.26965711, 1.69910848, 34.34574509, 19.84075928, -41.06986237, 1.72464192, -97.95381165, 104.27088928, -4.56731272, 159.37208557, -0.07885917, 0.16529784, 0.77171135, 0.60903174, -0.08248319, -0.03684510, -0.02543211, 99.96700287, 113.66096497, 32.41999817, 0.00000000
1, 23.8750, 2414, -0.00562584, -0.91856337, 0.25052738, 1.86577511, 29.30525398, 19.47313118, -41.06986237, 1.72464192, -97.95381165, 104.27088165, -4.69757843, 159.49069214, -0.07734135, 0.16517858, 0.77172214, 0.60924500, -0.07633953, -0.04777896, -0.00635890, 99.96700287, 113.66096497, 32.41999817, 0.00000000
1, 23.8800, 2415, -0.02249358, -0.91173804, 0.23765777, 1.98997235, 24.88600159, 19.33116150, -41.30371094, 1.05232382, -97.80765533, 104.27300262, -4.82174635, 159.58798218, -0.07597490, 0.16517237, 0.77172065, 0.60942042, -0.06162244, -0.05440173, 0.00646096, 99.96700287, 113.66096497, 32.41999817, 0.00000000
1, 23.8850, 2416, -0.04974099, -0.91263473, 0.24009895, 2.56130719, 21.72481537, 19.17843628, -41.30371094, 1.05232382, -97.80765533, 104.27905273, -4.94129848, 159.67010498, -0.07471457, 0.16524673, 0.77172363, 0.60955232, -0.03647842, -0.05331502, 0.00399108, 99.96700287, 113.66096497, 32.41999817, 0.00000000
1, 23.9200, 2417, -0.20731951, -0.96218002, 0.32510734, 2.26576209, 45.44925690, 15.99709702, -42.29757309, 1.81233561, -97.86611938, 104.27502441, -5.81931114, 160.62457275, -0.06364709, 0.16339354, 0.77198142, 0.61097991, 0.10569596, -0.00253145, -0.08184372, 99.96700287, 113.66096497, 32.41999817, 0.00000000
1, 23.9250, 2418, -0.24833362, -0.96219265, 0.32275173, 3.34457111, 52.69788742, 13.31691265, -42.29757309, 1.81233561, -97.86611938, 104.26725769, -5.94836855, 160.86500549, -0.06149454, 0.16244246, 0.77212131, 0.61127704, 0.14444923, -0.00232545, -0.07978640, 99.96700287, 113.66096497, 32.41999817, 0.00000000
1, 23.9300, 2419, -0.23946102, -0.98508847, 0.29141000, 4.29805374, 61.35292816, 10.04090500, -42.20988083, 2.04618526, -98.18766022, 104.25884247, -6.07207966, 161.15174866, -0.05913132, 0.16115108, 0.77232802, 0.61159080, 0.13348103, 0.02080954, -0.04864617, 99.96700287, 113.66096497, 32.41999817, 0.00000000
1, 23.9350, 2420, -0.26336649, -1.02201116, 0.28474382, 4.53098774, 67.74626160, 6.40469170, -42.20988083, 2.04618526, -98.18766022, 104.24713135, -6.18594694, 161.47421265, -0.05664805, 0.15956573, 0.77257645, 0.61192763, 0.15537922, 0.05791067, -0.04231799, 99.96700287, 113.66096497, 32.41999817, 0.00000000
1, 23.9400, 2421, -0.33190680, -1.02890360, 0.25385275, -1.87062442, 72.60195160, 2.04513597, -42.20988083, 2.04618526, -98.18766022, 104.19457245, -6.33614635, 161.82788086, -0.05380455, 0.15794040, 0.77260166, 0.61257374, 0.22177057, 0.06491996, -0.01233660, 99.96700287, 113.66096497, 32.41999817, 0.00000000
1, 23.9450, 2422, -0.19311574, -0.99904227, 0.25866389, -3.98410940, 82.30527496, 0.44555748, -42.03449249, 2.33849740, -99.26921844, 104.13002014, -6.43838167, 162.22900391, -0.05104852, 0.15574086, 0.77268118, 0.61327207, 0.08078291, 0.03500506, -0.01792673, 99.96700287, 113.66096497, 32.41999817, 0.00000000
1, 23.9500, 2423, -0.02155609, -1.06077504, 0.25772613, -0.84216988, 83.93404388, -0.99275577, -42.03449249, 2.33849740, -99.26921844, 104.07936096, -6.53517723, 162.64001465, -0.04825439, 0.15345393, 0.77284807, 0.61386436, -0.09248289, 0.09670113, -0.01760755, 99.96700287, 113.66096497, 32.41999817, 0.00000000
1, 23.9550, 2424, 0.10218216, -0.91823423, 0.30314910, -0.37721109, 79.47923279, 6.32620668, -41.82987213, 2.04618526, -98.94767761, 104.03382874, -6.66176844, 163.02055359, -0.04540998, 0.15153213, 0.77295959, 0.61441803, -0.21838474, -0.04588389, -0.06334190, 99.96700287, 113.66096497, 32.41999817, 0.00000000
1, 23.9600, 2425, 0.20241971, -0.89962888, 0.22063294, 4.77966642, 72.53546143, 14.54262924, -41.82987213, 2.04618526, -98.94767761, 104.01840210, -6.81959295, 163.35740662, -0.04254440, 0.15008157, 0.77313328, 0.61476046, -0.32098466, -0.06416637, 0.01895950, 99.96700287, 113.66096497, 32.41999817, 0.00000000
1, 23.9650, 2426, 0.22654049, -0.89197624, 0.19683169, 8.76689911, 59.31751251, 22.51923752, -41.82987213, 2.04618526, -98.94767761, 104.03092194, -7.00016880, 163.62008667, -0.03988334, 0.14926088, 0.77333051, 0.61489069, -0.34811676, -0.07139140, 0.04286259, 99.96700287, 113.66096497, 32.41999817, 0.00000000
1, 24.0050, 2427, -0.17721309, -1.01582587, 0.23877959, 3.51754522, 29.69744110, 26.99767113, -42.00526047, 1.81233561, -98.88921356, 104.10148621, -8.25334263, 164.60722351, -0.02591036, 0.14918803, 0.77349919, 0.61544341, 0.03378777, 0.05551449, 0.00027198, 99.96700287, 113.66096497, 32.41999817, 0.00000000
1, 24.0100, 2428, -0.18255012, -1.00807858, 0.24763732, 1.88381946, 32.27821732, 26.27378273, -42.00526047, 1.81233561, -98.88921356, 104.09294891, -8.41983223, 164.73336792, -0.02410281, 0.14920682, 0.77341622, 0.61561668, 0.03621908, 0.04813502, -0.00878971, 99.96700287, 113.66096497, 32.41999817, 0.00000000
1, 24.0150, 2429, -0.17031810, -0.97373903, 0.26771575, 0.67265701, 35.14795303, 25.27098274, -42.73604202, 2.60157847, -99.61999512, 104.07569122, -8.58491802, 164.87490845, -0.02223325, 0.14911294, 0.77330744, 0.61584640, 0.02108391, 0.01410556, -0.02915894, 99.96700287, 113.66096497, 32.41999817, 0.00000000
1, 24.0200, 2430, -0.15630932, -0.98103595, 0.27876309, 1.65156162, 36.55000687, 25.25688744, -42.73604202, 2.60157847, -99.61999512, 104.06187439, -8.75157547, 165.02345276, -0.02031045, 0.14898109, 0.77322364, 0.61604989, 0.00418380, 0.02174388, -0.04053624, 99.96700287, 113.66096497, 32.41999817, 0.00000000
1, 24.0250, 2431, -0.13788360, -0.98831534, 0.30820233, 1.76889694, 38.57519150, 25.09335136, -42.73604202, 2.60157847, -99.61999512, 104.04663849, -8.91984558, 165.18225098, -0.01832296, 0.14878871, 0.77314287, 0.61626005, -0.01721252, 0.02934877, -0.07029417, 99.96700287, 113.66096497, 32.41999817, 0.00000000
1, 24.0300, 2432, -0.13029164, -0.98005617, 0.31666309, 1.78142762, 40.42704391, 24.85691643, -42.56065369, 3.18620276, -99.38614655, 104.02951050, -9.08915234, 165.35055542, -0.01627929, 0.14853778, 0.77306217, 0.61647904, -0.02774099, 0.02145147, -0.07911542, 99.96700287, 113.66096497, 32.41999817, 0.00000000
1, 24.0350, 2433, -0.13529694, -0.97333705, 0.29597670, 1.48362732, 41.44314194, 24.49935341, -42.56065369, 3.18620276, -99.38614655, 104.00951385, -9.25790119, 165.52442932, -0.01421291, 0.14824672, 0.77297318, 0.61671180, -0.02559435, 0.01514050, -0.05886210, 99.96700287, 113.66096497, 32.41999817, 0.00000000
1, 24.0400, 2434, -0.14221743, -0.97361279, 0.27467215, 1.76216400, 41.96530914, 24.61340714, -42.61911774, 1.72464192, -99.18152618, 104.00228119, -9.41868687, 165.69880676, -0.01218151, 0.14791252, 0.77296245, 0.61684895, -0.02146145, 0.01584465, -0.03791885, 99.96700287, 113.66096497, 32.41999817, 0.00000000
1, 24.0450, 2435, -0.14651349, -0.97332203, 0.27827609, 2.54706597, 41.95225906, 25.44435883, -42.61911774, 1.72464192, -99.18152618, 103.98636627, -9.59253693, 165.87428284, -0.01006551, 0.14763886, 0.77288955, 0.61704391, -0.02007060, 0.01597188, -0.04182964, 99.96700287, 113.66096497, 32.41999817, 0.00000000
1, 24.0500, 2436, -0.13903406, -0.97877991, 0.28834867, 2.78586102, 43.01102448, 26.41296387, -42.61911774, 1.72464192, -99.18152618, 103.97040558, -9.77232170, 166.05392456, -0.00788614, 0.14736879, 0.77281368, 0.61723518, -0.03063964, 0.02185322, -0.05227925, 99.96700287, 113.66096497, 32.41999817, 0.00000000
1, 24.0750, 2437, -0.02892795, -0.98943901, 0.32422227, -2.61742568, 52.48266983, 30.42303658, -42.70681000, 0.67231804, -100.05846405, 103.80056763, -10.75698853, 167.05902100, 0.00406501, 0.14575996, 0.77196467, 0.61871493, -0.15762006, 0.03473129, -0.09128606, 99.96700287, 113.66096497, 32.41999817, 0.00000000
1, 24.0800, 2438, -0.01305060, -0.98034918, 0.28547236, -4.11796331, 53.21681213, 31.23078728, -43.37912750, 1.75387311, -99.59075928, 103.73783112, -10.97167015, 167.28468323, 0.00667456, 0.14537145, 0.77164519, 0.61918205, -0.17706290, 0.02613555, -0.05366209, 99.96700287, 113.66096497, 32.41999817, 0.00000000
1, 24.0850, 2439, -0.02163400, -0.97395313, 0.22226906, -4.80199146, 51.19968414, 32.31308746, -43.37912750, 1.75387311, -99.59075928, 103.67295074, -11.18900490, 167.49945068, 0.00924131, 0.14507316, 0.77129549, 0.61965448, -0.17203307, 0.02028333, 0.00828478, 99.96700287, 113.66096497, 32.41999817, 0.00000000
1, 24.0900, 2440, -0.00318253, -0.97209454, 0.15998018, -4.91387081, 49.00524139, 33.73439407, -43.29143524, 3.15697169, -100.11692047, 103.58264923, -11.34809875, 167.70472717, 0.01132652, 0.14453758, 0.77086765, 0.62027723, -0.19356763, 0.01883616, 0.06917393, 99.96700287, 113.66096497, 32.41999817, 0.00000000
1, 24.0950, 2441, 0.00494208, -0.97265840, 0.13467179, -4.17453909, 47.18294144, 35.92488861, -43.29143524, 3.15697169, -100.11692047, 103.52417755, -11.57775021, 167.89616394, 0.01386021, 0.14446658, 0.77050495, 0.62069273, -0.20498905, 0.01980892, 0.09312953, 99.96700287, 113.66096497, 32.41999817, 0.00000000
1, 24.1000, 2442, 0.01754608, -0.97821391, 0.14843111, -4.18830872, 45.81318283, 37.85533142, -43.29143524, 3.15697169, -100.11692047, 103.46667480, -11.81501961, 168.07890320, 0.01640014, 0.14449672, 0.77012557, 0.62109458, -0.22164749, 0.02591810, 0.07824672, 99.96700287, 113.66096497, 32.41999817, 0.00000000
1, 24.1050, 2443, 0.03819481, -0.97207010, 0.13007857, -5.11990404, 43.94034958, 40.10094833, -43.05758667, 2.83542824, -99.79537964, 103.40616608, -12.06087494, 168.25009155, 0.01893233, 0.14465275, 0.76970297, 0.62150985, -0.24641652, 0.02041798, 0.09545850, 99.96700287, 113.66096497, 32.41999817, 0.00000000
1, 24.1100, 2444, 0.07906315, -0.98015594, 0.09856015, -4.75822496, 38.16667938, 42.79795074, -43.05758667, 2.83542824, -99.79537964, 103.35341644, -12.31304646, 168.38978577, 0.02134633, 0.14505480, 0.76927304, 0.62187016, -0.29148164, 0.02923050, 0.12593602, 99.96700287, 113.66096497, 32.41999817, 0.00000000
1, 24.1150, 2445, 0.12731025, -1.00892186, 0.08799052, -3.85681820, 32.00151443, 46.03958893, -43.23297119, 2.25080395, -100.32154083, 103.31198120, -12.57381916, 168.49528503, 0.02364737, 0.14573140, 0.76884824, 0.62215406, -0.34410730, 0.05878080, 0.13562275, 99.96700287, 113.66096497, 32.41999817, 0.00000000
1, 24.1200, 2446, 0.15045391, -1.03145468, 0.09967799, -3.50779891, 27.43030167, 49.43140793, -43.23297119, 2.25080395, -100.32154083, 103.27770996, -12.84580612, 168.57431030, 0.02588965, 0.14664464, 0.76841176, 0.62238944, -0.37184024, 0.08214551, 0.12311077, 99.96700287, 113.66096497, 32.41999817, 0.00000000
1, 24.1550, 2447, 0.07203090, -1.06099546, 0.08325387, -2.97389245, -2.81701231, 72.08347321, -44.69453430, 3.65390229, -100.38000488, 103.20651245, -14.92907429, 168.30867004, 0.03856352, 0.15941560, 0.76482773, 0.62300742, -0.32838297, 0.11977221, 0.13597542, 99.96700287, 113.66096497, 32.41999817, 0.00000000
1, 24.1600, 2448, 0.03937041, -1.07042515, 0.09659974, -2.74153614, -3.65847540, 75.32030487, -44.69453430, 3.65390229, -100.38000488, 103.22164154, -15.29172611, 168.20164490, 0.04047540, 0.16202918, 0.76423609, 0.62293792, -0.30180529, 0.13081460, 0.12239309, 99.96700287, 113.66096497, 32.41999817, 0.00000000
1, 24.1650, 2449, 0.01824767, -1.08426809, 0.13114209, -2.50740004, -4.64000797, 78.58883667, -44.84069061, 3.88775206, -100.55538940, 103.24106598, -15.66914558, 168.08552551, 0.04244484, 0.16477600, 0.76362091, 0.62284064, -0.28705952, 0.14635763, 0.08768235, 99.96700287, 113.66096497, 32.41999817, 0.00000000
1, 24.1700, 2450, 0.00662343, -1.09744036, 0.18194638, -3.02249241, -5.48311710, 81.62483215, -44.84069061, 3.88775206, -100.55538940, 103.26096344, -16.06035233, 167.96118164, 0.04446475, 0.16764581, 0.76296234, 0.62274092, -0.28207588, 0.16131455, 0.03673577, 99.96700287, 113.66096497, 32.41999817, 0.00000000
1, 24.1750, 2451, -0.00288673, -1.10084498, 0.20001267, -3.29575920, -5.63784218, 85.09478760, -44.84069061, 3.88775206, -100.55538940, 103.28185272, -16.46822739, 167.83154297, 0.04657147, 0.17063338, 0.76226139, 0.62263387, -0.27939096, 0.16668107, 0.01852202, 99.96700287, 113.66096497, 32.41999817, 0.00000000
1, 24.1800, 2452, -0.02706376, -1.09614217, 0.24276860, -2.36620712, -2.45796204, 87.92787170, -46.38994217, 4.35545158, -100.70154572, 103.30477905, -16.89347458, 167.71424866, 0.04886724, 0.17362413, 0.76154745, 0.62250489, -0.26234740, 0.16403012, -0.02440284, 99.96700287, 113.66096497, 32.41999817, 0.00000000
1, 24.1850, 2453, -0.04503947, -1.09749138, 0.27238455, -1.25476730, 0.18741195, 89.86959839, -46.38994217, 4.35545158, -100.70154572, 103.33097839, -17.33113480, 167.60765076, 0.05131125, 0.17660218, 0.76083195, 0.62234533, -0.25169942, 0.16758686, -0.05416504, 99.96700287, 113.66096497, 32.41999817, 0.00000000
1, 24.1900, 2454, -0.05471487, -1.09972048, 0.27480218, -0.53169376, 2.55500174, 91.63438416, -47.47150040, 4.99853849, -100.52616119, 103.36115265, -17.71404648, 167.50788879, 0.05342610, 0.17924328, 0.76022196, 0.62215763, -0.24891013, 0.17202261, -0.05664454, 99.96700287, 113.66096497, 32.41999817, 0.00000000
1, 24.1950, 2455, -0.05329024, -1.10270977, 0.25129023, 0.50443327, 5.54783106, 93.58535004, -47.47150040, 4.99853849, -100.52616119, 103.39091492, -18.17582130, 167.42326355, 0.05616081, 0.18218920, 0.75949061, 0.62195438, -0.25734609, 0.17738265, -0.03316926, 99.96700287, 113.66096497, 32.41999817, 0.00000000
1, 24.2000, 2456, -0.03765484, -1.10794091, 0.24342032, 1.78709114, 8.71942329, 95.43227386, -47.47150040, 4.99853849, -100.52616119, 103.42347717, -18.65017700, 167.35218811, 0.05905986, 0.18510367, 0.75875854, 0.62171876, -0.28076506, 0.18525878, -0.02535443, 99.96700287, 113.66096497, 32.41999817, 0.00000000
1, 24.2250, 2457, 0.04258063, -1.18080389, 0.29693115, 3.05483413, 9.52349377, 107.45819855, -49.16690826, 5.99239969, -100.40923309, 103.63822937, -21.20157242, 166.97810364, 0.07477765, 0.20059697, 0.75476885, 0.62007511, -0.40278941, 0.27342650, -0.07891691, 99.96700287, 113.66096497, 32.41999817, 0.00000000
1, 24.2300, 2458, 0.04248754, -1.20111406, 0.29725823, 2.85761070, 8.92105770, 110.74125671, -49.66384125, 5.84624386, -100.70154572, 103.68795013, -21.75025177, 166.88510132, 0.07809953, 0.20398442, 0.75384599, 0.61968303, -0.41156703, 0.29729146, -0.07932194, 99.96700287, 113.66096497, 32.41999817, 0.00000000
1, 24.2350, 2459, 0.05438837, -1.21400225, 0.28773034, 2.68547821, 9.09474182, 113.62187195, -49.66384125, 5.84624386, -100.70154572, 103.73902893, -22.31305885, 166.78846741, 0.08150183, 0.20745744, 0.75287420, 0.61927336, -0.43248808, 0.31392086, -0.06984892, 99.96700287, 113.66096497, 32.41999817, 0.00000000
1, 24.2400, 2460, 0.05713673, -1.22445703, 0.27664065, 2.93423152, 9.63365936, 115.94499969, -50.39462280, 6.40163708, -99.91230774, 103.78942108, -22.81824684, 166.68989563, 0.08450134, 0.21064076, 0.75198436, 0.61887771, -0.44387299, 0.32806450, -0.05881682, 99.96700287, 113.66096497, 32.41999817, 0.00000000
1, 24.2450, 2461, 0.05218052, -1.23686779, 0.26268262, 3.29071784, 10.03929806, 118.05324554, -50.39462280, 6.40163708, -99.91230774, 103.84630585, -23.40352249, 166.59066772, 0.08805605, 0.21422099, 0.75094867, 0.61841059, -0.44768727, 0.34433484, -0.04493367, 99.96700287, 113.66096497, 32.41999817, 0.00000000
1, 24.2500, 2462, 0.05219143, -1.24472725, 0.24624698, 2.83093381, 10.26694298, 120.02744293, -50.39462280, 6.40163708, -99.91230774, 103.90281677, -23.99857903, 166.48899841, 0.09166498, 0.21785577, 0.74986088, 0.61793625, -0.45713562, 0.35645151, -0.02861458, 99.96700287, 113.66096497, 32.41999817, 0.00000000
1, 24.2550, 2463, 0.05416354, -1.24874854, 0.22046521, 2.40305161, 10.87029457, 122.32567596, -51.00847626, 4.85238218, -99.88307190, 103.95856476, -24.60543442, 166.38641357, 0.09534916, 0.22154491, 0.74871618, 0.61745495, -0.46866131, 0.36491421, -0.00301147, 99.96700287, 113.66096497, 32.41999817, 0.00000000
1, 24.2600, 2464, 0.06313816, -1.25432181, 0.19408289, 2.36960936, 11.29391003, 125.00016785, -51.00847626, 4.85238218, -99.88307190, 104.01619720, -25.22567368, 166.28140259, 0.09911628, 0.22530334, 0.74752116, 0.61694938, -0.48734540, 0.37512439, 0.02317253, 99.96700287, 113.66096497, 32.41999817, 0.00000000
1, 24.3150, 2465, 0.69937509, -1.75317657, 0.33773798, 25.45679855, 105.08964539, 151.19802856, -55.65623856, 11.19555664, -100.78924561, 104.22566986, -33.30068588, 167.04139709, 0.15829809, 0.26016203, 0.73144454, 0.61012006, -1.24609554, 0.94053853, -0.13264827, 99.96700287, 113.66096497, 32.41999817, 0.00000000
1, 24.3200, 2466, 0.73042339, -1.74205947, 0.34393036, 22.54901886, 112.64589691, 148.78623962, -55.65623856, 11.19555664, -100.78924561, 104.09616089, -34.15894699, 167.48095703, 0.16611011, 0.26173082, 0.72956395, 0.60962361, -1.28968191, 0.93703485, -0.14242747, 99.96700287, 113.66096497, 32.41999817, 0.00000000
1, 24.3250, 2467, 0.65389359, -1.66518939, 0.23569362, 16.16936302, 115.09185791, 141.77510071, -56.47471619, 11.19555664, -102.01695251, 103.91122437, -34.98517990, 167.95240784, 0.17372943, 0.26304120, 0.72752762, 0.60936934, -1.22492480, 0.86773169, -0.03864188, 99.96700287, 113.66096497, 32.41999817, 0.00000000
1, 24.3300, 2468, 0.49313280, -1.54667282, -0.03934316, 10.01685429, 110.50523376, 134.69862366, -56.47471619, 11.51710033, -102.01695251, 103.69515991, -35.77031326, 168.41499329, 0.18093398, 0.26428047, 0.72539896, 0.60927427, -1.07482207, 0.75670427, 0.23134392, 99.96700287, 113.66096497, 32.41999817, 0.00000000
1, 24.3350, 2469, 0.29922533, -1.42885542, -0.28069180, 13.03367615, 101.54594421, 131.71258545, -56.47471619, 11.51710033, -102.01695251, 103.51365662, -36.52909851, 168.83593750, 0.18780047, 0.26562485, 0.72341514, 0.60897052, -0.89111423, 0.64624619, 0.46788180, 99.96700287, 113.66096497, 32.41999817, 0.00000000
1, 24.3400, 2470, 0.09249646, -1.33470762, -0.18259199, 29.06193352, 99.25456238, 129.87658691, -56.62086868, 11.92633724, -102.28003693, 103.37763214, -37.22463608, 169.26977539, 0.19440201, 0.26652288, 0.72185951, 0.60835218, -0.69474506, 0.55881333, 0.36576623, 99.96700287, 113.66096497, 32.41999817, 0.00000000
1, 24.3450, 2471, 0.01827381, -1.31565857, -0.00908638, 38.80703354, 101.85228729, 128.16700745, -56.62086868, 11.92633724, -102.28003693, 103.30445099, -37.96461105, 169.71029663, 0.20146151, 0.26750255, 0.72052521, 0.60720605, -0.63089812, 0.54657590, 0.18905234, 99.96700287, 113.66096497, 32.41999817, 0.00000000
1, 24.3500, 2472, -0.11056537, -1.29665172, 0.28025925, 41.46656036, 109.93206024, 121.87615204, -57.61473083, 13.38789845, -102.71850586, 103.19973755, -38.68265915, 170.21585083, 0.20862737, 0.26803339, 0.71922445, 0.60609329, -0.51270723, 0.53440773, -0.10354063, 99.96700287, 113.66096497, 32.41999817, 0.00000000
1, 24.3550, 2473, -0.22537072, -1.27116013, 0.44619003, 29.36213112, 124.31317902, 116.23888397, -57.61473083, 13.38789845, -102.71850586, 102.96273804, -39.38837814, 170.82743835, 0.21594188, 0.26810324, 0.71749824, 0.60554612, -0.40793902, 0.51558101, -0.27411228, 99.96700287, 113.66096497, 32.41999817, 0.00000000
1, 24.3600, 2474, -0.32129553, -1.21976304, 0.40354389, 14.71583652, 137.45297241, 112.07656097, -57.61473083, 13.38789845, -102.71850586, 102.58250427, -40.08579254, 171.53942871, 0.22337388, 0.26781824, 0.71526766, 0.60561514, -0.32131830, 0.47079241, -0.23791201, 99.96700287, 113.66096497, 32.41999817, 0.00000000
1, 24.3950, 2475, -1.02395892, -1.34822452, 0.00737340, 41.99710846, 97.84166718, 132.44737244, -58.87167358, 14.93715286, -104.79392242, 100.13093567, -45.19681549, 176.29040527, 0.27531341, 0.26945099, 0.69955093, 0.60185325, 0.31665975, 0.65238076, 0.11267610, 99.96700287, 113.66096497, 32.41999817, 0.00000000
1, 24.4000, 2476, -0.95254773, -1.45624626, 0.08275393, 43.20496368, 102.23758698, 125.28098297, -58.95936966, 16.13563347, -105.08622742, 99.94530487, -45.90160370, 176.85505676, 0.28222725, 0.27004695, 0.69797397, 0.60021234, 0.23625132, 0.76870203, 0.03369279, 99.96700287, 113.66096497, 32.41999817, 0.00000000
1, 24.4050, 2477, -0.85965699, -1.45823550, 0.28408557, 28.64207458, 100.76897430, 112.95278931, -58.95936966, 16.13563347, -105.08622742, 99.67111206, -46.54296112, 177.43510437, 0.28858799, 0.27047399, 0.69614452, 0.59911913, 0.13495333, 0.77791321, -0.17186713, 99.96700287, 113.66096497, 32.41999817, 0.00000000
1, 24.4100, 2478, -0.80708408, -1.45951498, 0.41485563, 20.57061195, 90.73980713, 108.47001648, -58.95936966, 16.13563347, -105.08622742, 99.39276123, -47.15212631, 177.95950317, 0.29442027, 0.27111834, 0.69425327, 0.59818399, 0.07466951, 0.78614080, -0.30714476, 99.96700287, 113.66096497, 32.41999817, 0.00000000
1, 24.4150, 2479, -0.71275890, -1.30050135, 0.41076842, 7.76530075, 80.32255554, 101.02375793, -60.09938431, 16.63256264, -105.49546814, 99.08860016, -47.71459579, 178.42691040, 0.29958129, 0.27196640, 0.69222420, 0.59758770, -0.02645095, 0.63384807, -0.30717844, 99.96700287, 113.66096497, 32.41999817, 0.00000000
1, 24.4200, 2480, -0.76086438, -1.01684427, 0.28247738, -3.01357698, 81.63788605, 93.09527588, -60.09938431, 16.63256264, -105.49546814, 98.70609283, -48.23711014, 178.92303467, 0.30443829, 0.27267438, 0.68996894, 0.59741855, 0.01574005, 0.35654205, -0.18379593, 99.96700287, 113.66096497, 32.41999817, 0.00000000
1, 24.4250, 2481, -0.76519263, -0.73533809, 0.15673296, -3.74043703, 92.39447784, 82.88031006, -59.98246002, 17.01256943, -106.13855743, 98.24042511, -48.71445084, 179.52134705, 0.30933401, 0.27279615, 0.68765301, 0.59751827, 0.01471133, 0.08077397, -0.06367567, 99.96700287, 113.66096497, 32.41999817, 0.00000000
1, 24.4300, 2482, -0.72075105, -0.56618667, 0.10963821, 3.40498734, 99.34111786, 73.14031982, -59.98246002, 17.01256943, -106.13855743, 97.75143433, -49.14488983, -179.80641174, 0.31425872, 0.27233988, 0.68552554, 0.59760123, -0.03469396, -0.08334164, -0.02256175, 99.96700287, 113.66096497, 32.41999817, 0.00000000
1, 24.4350, 2483, -0.68296295, -0.45121399, 0.14410734, 7.62466288, 95.73050690, 65.39421082, -59.98246002, 17.01256943, -106.13855743, 97.28696442, -49.53087234, -179.14279175, 0.31891441, 0.27168131, 0.68363059, 0.59760535, -0.07708994, -0.19388562, -0.06277240, 99.96700287, 113.66096497, 32.41999817, 0.00000000
1, 24.4400, 2484, -0.63496625, -0.33820304, 0.16398561, 5.87795544, 91.37217712, 57.63613892, -60.62554932, 18.00643158, -106.60625458, 96.86040497, -49.90027237, -178.52223206, 0.32332283, 0.27112618, 0.68188035, 0.59748828, -0.12928545, -0.30271274, -0.08791743, 99.96700287, 113.66096497, 32.41999817, 0.00000000
1, 24.4650, 2485, -0.13100441, -0.12327453, 0.10741315, 7.92905712, 54.93398285, -17.46396828, -59.86553574, 18.53259277, -107.89242554, 94.55469513, -50.42323303, -175.41595459, 0.33723018, 0.26218125, 0.67569047, 0.60081547, -0.64026082, -0.51166862, -0.05662069, 99.96700287, 113.66096497, 32.41999817, 0.00000000
1, 24.4700, 2486, -0.05781283, -0.06177325, 0.05815259, 12.19631290, 37.91312408, -28.12417030, -59.86553574, 18.53259277, -107.89242554, 94.37417603, -50.29731750, -175.10284424, 0.33774477, 0.26017767, 0.67577225, 0.60130525, -0.71209186, -0.57476413, -0.00929414, 99.96700287, 113.66096497, 32.41999817, 0.00000000
1, 24.4750, 2487, -0.00123332, 0.00060203, 0.00574456, 18.12644386, 21.82531166, -37.87194824, -59.71937943, 18.35720444, -108.44782257, 94.31679535, -50.11631775, -174.91085815, 0.33759451, 0.25822124, 0.67635399, 0.60157877, -0.76667303, -0.63936758, 0.04254190, 99.96700287, 113.66096497, 32.41999817, 0.00000000
1, 24.4800, 2488, 0.03310144, 0.05485511, -0.02518605, 25.74579430, 7.18486071, -47.81704712, -59.71937943, 18.35720444, -108.44782257, 94.38106537, -49.88021851, -174.82749939, 0.33683473, 0.25624311, 0.67745966, 0.60160649, -0.79843986, -0.69650590, 0.07425739, 99.96700287, 113.66096497, 32.41999817, 0.00000000
1, 24.4850, 2489, 0.05381510, 0.10519660, -0.01441658, 33.91844177, -6.25534439, -58.23130798, -59.71937943, 18.35720444, -108.44782257, 94.56045532, -49.58709335, -174.84132385, 0.33549258, 0.25418887, 0.67908835, 0.60139155, -0.81604087, -0.75043660, 0.06560490, 99.96700287, 113.66096497, 32.41999817, 0.00000000
1, 24.4900, 2490, 0.05786854, 0.14401942, 0.01993149, 42.36459732, -18.94451332, -69.36724091, -60.33323669, 17.42180634, -107.92166138, 94.86882019, -49.25656128, -174.95722961, 0.33367658, 0.25216359, 0.68125701, 0.60080147, -0.81647384, -0.79339039, 0.03474963, 99.96700287, 113.66096497, 32.41999817, 0.00000000
1, 24.4950, 2491, 0.04070983, 0.15842843, 0.05909022, 49.70170212, -31.18181610, -80.86386108, -60.33323669, 17.42180634, -107.92166138, 95.25489044, -48.83963013, -175.14070129, 0.33116540, 0.24985549, 0.68389457, 0.60015827, -0.79496729, -0.81261373, 0.00025475, 99.96700287, 113.66096497, 32.41999817, 0.00000000
1, 24.5000, 2492, 0.02018326, 0.15525095, 0.09517822, 56.35651398, -42.96343994, -92.72650909, -59.33937454, 16.80795097, -107.13241577, 95.72853851, -48.35713577, -175.39804077, 0.32805631, 0.24740118, 0.68699008, 0.59934658, -0.76916230, -0.81509221, -0.03012930, 99.96700287, 113.66096497, 32.41999817, 0.00000000
1, 24.5050, 2493, -0.03830630, 0.11890953, 0.12879080, 61.86620712, -53.97460938, -103.71497345, -59.33937454, 16.80795097, -107.13241577, 96.27603912, -47.81277084, -175.71983337, 0.32437885, 0.24482033, 0.69048500, 0.59839100, -0.70460141, -0.78502643, -0.05710962, 99.96700287, 113.66096497, 32.41999817, 0.00000000
1, 24.5100, 2494, -0.09347277, 0.08842386, 0.14088273, 65.18560791, -60.52590179, -115.55070496, -59.33937454, 16.80795097, -107.13241577, 96.85759735, -47.20378494, -176.06845093, 0.32021779, 0.24199893, 0.69425988, 0.59741133, -0.64245373, -0.76144421, -0.06177579, 99.96700287, 113.66096497, 32.41999817, 0.00000000
1, 24.5350, 2495, -0.37565657, -0.17847025, 0.15250428, 70.94512939, -64.36671448, -159.84628296, -58.78398132, 15.28792763, -105.61239624, 99.73950958, -43.40461731, -177.65270996, 0.29493678, 0.22373512, 0.71511871, 0.59292513, -0.31455970, -0.53557873, -0.03289054, 99.96700287, 113.66096497, 32.41999817, 0.00000000
1, 24.5400, 2496, -0.37190291, -0.21882717, 0.17368284, 69.14095306, -63.98686600, -167.66593933, -58.46243668, 14.06021595, -105.61239624, 100.26541138, -42.53541565, -177.90093994, 0.28929862, 0.21937105, 0.71939790, 0.59215653, -0.30735448, -0.50429893, -0.04580664, 99.96700287, 113.66096497, 32.41999817, 0.00000000
1, 24.5450, 2497, -0.35507908, -0.24880776, 0.18888843, 66.22971344, -63.39130020, -176.16741943, -58.46243668, 14.06021595, -105.61239624, 100.73203278, -41.61101913, -178.10635376, 0.28336564, 0.21464580, 0.72356141, 0.59168410, -0.31250253, -0.48369306, -0.05291196, 99.96700287, 113.66096497, 32.41999817, 0.00000000
1, 24.5500, 2498, -0.32660264, -0.26363030, 0.20569219, 62.42406082, -62.41491699, -184.89379883, -57.26395798, 12.42326832, -104.35545349, 101.15743256, -40.64357376, -178.28196716, 0.27718017, 0.20965111, 0.72763997, 0.59140325, -0.32848871, -0.47866201, -0.06198403, 99.96700287, 113.66096497, 32.41999817, 0.00000000
1, 24.5550, 2499, -0.29571113, -0.27146986, 0.20415939, 58.06340790, -59.69782257, -193.78193665, -57.26395798, 12.42326832, -104.35545349, 101.53266907, -39.63435745, -178.41740417, 0.27078843, 0.20434043, 0.73159391, 0.59134507, -0.34609619, -0.48089367, -0.05312464, 99.96700287, 113.66096497, 32.41999817, 0.00000000
1, 24.5600, 2500, -0.26109365, -0.26795650, 0.19002171, 54.32613754, -55.48827744, -202.22181702, -57.26395798, 12.42326832, -104.35545349, 101.85733795, -38.58747482, -178.50538635, 0.26425591, 0.19867887, 0.73541296, 0.59149253, -0.36667746, -0.49472135, -0.03212964, 99.96700287, 113.66096497, 32.41999817, 0.00000000
1, 24.5650, 2501, -0.19900598, -0.25524405, 0.18927900, 51.89755249, -51.14733505, -212.77836609, -56.47471619, 9.38322163, -104.12159729, 102.13818359, -37.49309921, -178.54425049, 0.25754392, 0.19257675, 0.73914206, 0.59182298, -0.41397405, -0.51803702, -0.02488417, 99.96700287, 113.66096497, 32.41999817, 0.00000000
1, 24.5700, 2502, -0.17817701, -0.25225392, 0.19528341, 50.61529541, -49.97859192, -221.35702515, -56.47471619, 9.38322163, -104.12159729, 102.39657593, -36.35791016, -178.55764771, 0.25061101, 0.18616366, 0.74282283, 0.59224278, -0.41918546, -0.53186560, -0.02475538, 99.96700287, 113.66096497, 32.41999817, 0.00000000
1, 24.5750, 2503, -0.16597463, -0.25091711, 0.20790486, 49.39956284, -51.76306152, -231.68942261, -55.33469772, 8.65244102, -102.89389038, 102.64309692, -35.17032242, -178.56176758, 0.24331562, 0.17945619, 0.74649525, 0.59273756, -0.41481039, -0.54427564, -0.03132062, 99.96700287, 113.66096497, 32.41999817, 0.00000000
1, 24.5800, 2504, -0.16995651, -0.25714254, 0.21951872, 48.69430542, -54.02085114, -239.51582336, -55.33469772, 8.65244102, -102.89389038, 102.88409424, -33.94208527, -178.56262207, 0.23571028, 0.17253973, 0.75014800, 0.59325266, -0.39340943, -0.54916096, -0.03689440, 99.96700287, 113.66096497, 32.41999817, 0.00000000
1, 24.6200, 2505, -0.35091957, -0.60759830, 0.31826639, 46.85681152, -30.77800751, -301.96224976, -50.42385101, 6.08009338, -100.99385834, 104.32239532, -22.87387466, -177.67166138, 0.16878080, 0.10588667, 0.77636981, 0.59795570, -0.04466081, -0.28324538, -0.09335476, 99.96700287, 113.66096497, 32.41999817, 0.00000000
1, 24.6250, 2506, -0.39507306, -0.63889205, 0.32107258, 46.23377228, -22.04347229, -309.14215088, -48.20227814, 3.97544575, -100.70154572, 104.43833923, -21.34828186, -177.37506104, 0.16014448, 0.09565556, 0.77907938, 0.59853095, 0.02401641, -0.26130387, -0.09188081, 99.96700287, 113.66096497, 32.41999817, 0.00000000
1, 24.6300, 2507, -0.48353764, -0.66987431, 0.31929287, 45.44871521, -6.16520548, -317.97241211, -48.20227814, 3.97544575, -100.70154572, 104.52459717, -19.80011177, -176.98484802, 0.15178174, 0.08469656, 0.78154379, 0.59914798, 0.13764237, -0.23927982, -0.08653106, 99.96700287, 113.66096497, 32.41999817, 0.00000000
1, 24.6350, 2508, -0.57410502, -0.69196558, 0.28890246, 45.55059052, 7.44035244, -324.65988159, -48.20227814, 3.97544575, -100.70154572, 104.59622192, -18.23706627, -176.51770020, 0.14367698, 0.07313597, 0.78378856, 0.59973627, 0.25395849, -0.22558570, -0.05294209, 99.96700287, 113.66096497, 32.41999817, 0.00000000
1, 24.6400, 2509, -0.67194420, -0.75305426, 0.26669344, 48.93175125, 23.37608147, -331.47372437, -45.33761978, 3.30312777, -100.23384857, 104.67478943, -16.68848038, -175.96292114, 0.13610315, 0.06102647, 0.78587949, 0.60012102, 0.37774646, -0.17221799, -0.02777537, 99.96700287, 113.66096497, 32.41999817, 0.00000000
1, 24.6450, 2510, -0.76976693, -0.82446516, 0.29810110, 55.47913742, 39.14198303, -338.78756714, -45.33761978, 3.30312777, -100.23384857, 104.77234650, -15.09824467, -175.32110596, 0.12867999, 0.04806160, 0.78789496, 0.60029417, 0.50184643, -0.10791013, -0.05609157, 99.96700287, 113.66096497, 32.41999817, 0.00000000
1, 24.6500, 2511, -0.84336191, -0.91443241, 0.33817333, 63.48538208, 52.36510468, -344.11254883, -42.73604202, 1.46156096, -99.38614655, 104.90938568, -13.50023651, -174.60774231, 0.12155712, 0.03451019, 0.78987324, 0.60011101, 0.60229146, -0.02429920, -0.09263001, 99.96700287, 113.66096497, 32.41999817, 0.00000000
1, 24.6550, 2512, -0.91102600, -1.01103699, 0.42304677, 74.50563812, 60.58620453, -348.92913818, -42.73604202, 1.46156096, -99.38614655, 105.11051178, -11.89144993, -173.84725952, 0.11457694, 0.02050970, 0.79191083, 0.59944040, 0.69703764, 0.06683918, -0.17317030, 99.96700287, 113.66096497, 32.41999817, 0.00000000
1, 24.6600, 2513, -0.84472889, -1.17584217, 0.64171338, 87.04360962, 67.24397278, -351.90954590, -39.75445557, 0.93539900, -98.94767761, 105.38768005, -10.27993107, -173.04766846, 0.10772952, 0.00616300, 0.79404438, 0.59820569, 0.65776753, 0.22703317, -0.38621885, 99.96700287, 113.66096497, 32.41999817, 0.00000000
1, 24.6650, 2514, -0.70635813, -1.38125777, 0.92111701, 94.41397095, 72.90497589, -350.01065063, -39.75445557, 0.93539900, -98.94767761, 105.71879578, -8.68925858, -172.21826172, 0.10110205, -0.00830330, 0.79613703, 0.59655285, 0.54616743, 0.42885095, -0.65901601, 99.96700287, 113.66096497, 32.41999817, 0.00000000
1, 24.6850, 2515, -1.01339841, -1.96578014, 0.34901664, 101.97254181, 181.32237244, -305.70541382, -34.11283112, -3.33235884, -97.66149902, 107.14027405, -3.11186028, -167.94400024, 0.08406480, -0.06842700, 0.80153376, 0.58804309, 0.95315284, 1.01076615, -0.06236732, 99.96700287, 113.66096497, 32.41999817, 0.00000000
1, 24.6900, 2516, -1.25101602, -2.02506924, 0.36113983, 106.50530243, 216.39360046, -287.78668213, -34.11283112, -3.33235884, -97.66149902, 107.60221863, -2.06588006, -166.48138428, 0.08394711, -0.08439183, 0.80248547, 0.58467788, 1.20969796, 1.07147217, -0.06735004, 99.96700287, 113.66096497, 32.41999817, 0.00000000
1, 24.6950, 2517, -1.47931468, -1.93515801, 0.49099711, 104.18659973, 258.79855347, -271.67398071, -34.11283112, -3.33235884, -97.66149902, 108.07379913, -1.16537094, -164.83403015, 0.08565207, -0.10088422, 0.80306351, 0.58101231, 1.45398688, 0.98333961, -0.18965802, 99.96700287, 113.66096497, 32.41999817, 0.00000000
1, 24.7000, 2518, -1.74335408, -1.87654662, 0.67174369, 103.71537781, 313.10104370, -255.72183228, -31.07278633, -1.28617358, -97.07687378, 108.56335449, -0.43937343, -162.94677734, 0.08963775, -0.11816478, 0.80324882, 0.57688260, 1.73103929, 0.92684495, -0.36286706, 99.96700287, 113.66096497, 32.41999817, 0.00000000
1, 24.7050, 2519, -2.03525734, -1.84215069, 0.80958039, 104.24954224, 369.91705322, -238.18026733, -31.07278633, -1.28617358, -97.07687378, 109.07579803, 0.09584128, -160.81251526, 0.09601937, -0.13622406, 0.80302668, 0.57216388, 2.03277540, 0.89500451, -0.49296921, 99.96700287, 113.66096497, 32.41999817, 0.00000000
1, 24.7100, 2520, -2.18077946, -1.79583848, 0.81358945, 99.08158112, 410.31591797, -219.31001282, -28.44197655, -2.16311026, -95.38146973, 109.57999420, 0.45637590, -158.51394653, 0.10427868, -0.15455589, 0.80228943, 0.56707174, 2.18530917, 0.85162604, -0.48888189, 99.96700287, 113.66096497, 32.41999817, 0.00000000
1, 24.7150, 2521, -2.21713638, -1.72105300, 0.72577190, 94.54880524, 433.91973877, -198.49964905, -28.44197655, -2.16311026, -95.38146973, 110.07380676, 0.65913564, -156.13630676, 0.11386304, -0.17265695, 0.80111992, 0.56163311, 2.22610760, 0.77992785, -0.39292124, 99.96700287, 113.66096497, 32.41999817, 0.00000000
1, 24.7200, 2522, -2.11619449, -1.57967639, 0.50876266, 94.43222046, 457.48043823, -175.74853516, -28.44197655, -2.16311026, -95.38146973, 110.57318878, 0.69380289, -153.68576050, 0.12477615, -0.19046220, 0.79963297, 0.55564594, 2.12707496, 0.64192092, -0.16728310, 99.96700287, 113.66096497, 32.41999817, 0.00000000
1, 24.7250, 2523, -1.94324398, -1.41297114, 0.19561343, 98.17155457, 489.35949707, -149.86882019, -26.33732796, -2.63080978, -95.00145721, 111.09001160, 0.52934563, -151.13179016, 0.13733467, -0.20806691, 0.79788297, 0.54884434, 1.95293498, 0.47886553, 0.15492742, 99.96700287, 113.66096497, 32.41999817, 0.00000000
1, 24.7300, 2524, -1.75990498, -1.33546889, -0.07966932, 101.06621552, 526.44866943, -123.67892456, -26.33732796, -2.63080978, -95.00145721, 111.61029053, 0.15241162, -148.45417786, 0.15170982, -0.22555465, 0.79578257, 0.54114634, 1.76462603, 0.40507746, 0.43930668, 99.96700287, 113.66096497, 32.41999817, 0.00000000
1, 24.7750, 2525, 2.49910212, -1.75644672, -2.57763934, -32.12638474, 12.77769852, 41.52466965, -25.72347260, -2.74773455, -92.31218719, 113.16732788, -5.46675444, -135.59848022, 0.24470842, -0.29071608, 0.78185552, 0.49427116, -2.58728170, 0.84573650, 2.97332525, 99.96700287, 113.66096497, 32.41999817, 0.00000000
1, 24.7800, 2526, 2.40523195, -1.84332716, -2.44255376, -58.83437729, -93.47216034, 41.11980820, -25.72347260, -2.74773455, -92.31218719, 112.92269135, -5.47457504, -136.11169434, 0.24315694, -0.28665718, 0.78210193, 0.49701005, -2.49472284, 0.93096530, 2.83427429, 99.96700287, 113.66096497, 32.41999817, 0.00000000
1, 24.7850, 2527, 1.73432302, -1.74879849, -1.65751636, -84.02834320, -187.75183105, 49.07803726, -25.95732307, -2.39696002, -92.51680756, 112.59420013, -5.34033060, -137.07722473, 0.23886761, -0.27999210, 0.78286088, 0.50167269, -1.82397079, 0.83290732, 2.04283977, 99.96700287, 113.66096497, 32.41999817, 0.00000000
1, 24.7900, 2528, 1.26107216, -1.56981397, -0.78149337, -91.52571106, -248.52471924, 69.35212708, -25.95732307, -2.39696002, -92.51680756, 112.24106598, -5.17514420, -138.36351013, 0.23295176, -0.27123708, 0.78416252, 0.50720125, -1.35010719, 0.64993978, 1.16046572, 99.96700287, 113.66096497, 32.41999817, 0.00000000
1, 24.7950, 2529, 0.80682391, -1.59999740, 0.27784842, -75.91767120, -337.99932861, 87.73661041, -25.95732307, -2.39696002, -92.51680756, 112.01588440, -4.94868612, -140.10173035, 0.22421867, -0.25993061, 0.78687298, 0.51282865, -0.89475840, 0.67635894, 0.09586686, 99.96700287, 113.66096497, 32.41999817, 0.00000000
1, 24.8000, 2530, 0.56723022, -1.58425927, 0.80161035, -79.29915619, -358.87426758, 98.63900757, -26.45425224, -2.07541656, -92.80912018, 111.77731323, -4.74105215, -141.95785522, 0.21499398, -0.24768193, 0.78963202, 0.51856774, -0.65274501, 0.65794778, -0.43211019, 99.96700287, 113.66096497, 32.41999817, 0.00000000
1, 24.8050, 2531, 0.34194788, -1.48760283, 1.11461961, -75.44360352, -355.96713257, 103.74177551, -26.45425224, -2.07541656, -92.80912018, 111.55167389, -4.57002115, -143.81016541, 0.20588455, -0.23529182, 0.79229009, 0.52395201, -0.42510962, 0.55904198, -0.74918222, 99.96700287, 113.66096497, 32.41999817, 0.00000000
1, 24.8100, 2532, 0.02255881, -1.35098243, 1.31477058, -61.85064316, -339.44714355, 100.94802094, -28.03273773, -2.10464764, -93.53990173, 111.38246155, -4.42233849, -145.58032227, 0.19708797, -0.22343871, 0.79487610, 0.52858633, -0.10357252, 0.42071691, -0.95282191, 99.96700287, 113.66096497, 32.41999817, 0.00000000
1, 24.8700, 2533, 0.31898579, -0.56494141, 0.41464272, 3.19482684, 131.00843811, 18.79576111, -29.84507370, -2.39696002, -94.73838043, 110.89942169, -5.66677809, -147.97387695, 0.19538912, -0.19997945, 0.79843628, 0.53322679, -0.41741976, -0.36545384, -0.05960996, 99.96700287, 113.66096497, 32.41999817, 0.00000000
1, 24.8750, 2534, 0.42279977, -0.68258309, 0.35474783, 7.74880552, 117.87583160, 13.16694069, -29.40660667, -2.86465931, -94.56299591, 110.88468170, -5.93749523, -147.44352722, 0.19972730, -0.20233487, 0.79771435, 0.53180957, -0.52600503, -0.24737898, -0.00015614, 99.96700287, 113.66096497, 32.41999817, 0.00000000
1, 24.8800, 2535, 0.46446776, -0.82670784, 0.33869597, 8.98166370, 103.09225464, 8.38229752, -29.40660667, -2.86465931, -94.56299591, 110.88019562, -6.15951872, -146.97383118, 0.20342463, -0.20451869, 0.79708886, 0.53050923, -0.57169771, -0.10286760, 0.01551241, 99.96700287, 113.66096497, 32.41999817, 0.00000000
1, 24.8850, 2536, 0.45199949, -0.96349919, 0.33712170, 7.17313433, 84.43190765, 5.85741091, -30.13738632, -2.30926633, -94.59222412, 110.87406921, -6.33661652, -146.58720398, 0.20642789, -0.20633742, 0.79655123, 0.52945137, -0.56248665, 0.03422427, 0.01661932, 99.96700287, 113.66096497, 32.41999817, 0.00000000
1, 24.8900, 2537, 0.42231029, -1.06307447, 0.34217280, 4.21066666, 61.89072037, 6.44446087, -30.13738632, -2.30926633, -94.59222412, 110.84787750, -6.34099007, -146.31161499, 0.20777789, -0.20818385, 0.79593635, 0.52912509, -0.53421092, 0.13382937, 0.01099544, 99.96700287, 113.66096497, 32.41999817, 0.00000000
1, 24.8950, 2538, 0.37537122, -1.14010561, 0.35726440, 1.26748836, 38.40926361, 9.95323658, -30.13738632, -2.30926633, -94.59222412, 110.83618164, -6.45554733, -146.14863586, 0.20932853, -0.20873900, 0.79570639, 0.52864063, -0.48821980, 0.21081248, -0.00468670, 99.96700287, 113.66096497, 32.41999817, 0.00000000
1, 24.9000, 2539, 0.25386083, -1.21762598, 0.40679228, -2.59143901, 17.43006516, 14.83024216, -29.55276108, -1.92926037, -95.03069305, 110.81712341, -6.55578375, -146.09304810, 0.21029928, -0.20860404, 0.79562265, 0.52843475, -0.36861002, 0.28833717, -0.05498599, 99.96700287, 113.66096497, 32.41999817, 0.00000000
1, 24.9050, 2540, 0.15250905, -1.21486616, 0.42862457, -7.70121241, 2.37482262, 17.69113922, -29.55276108, -1.92926037, -95.03069305, 110.78118896, -6.64282131, -146.11338806, 0.21086062, -0.20797439, 0.79558498, 0.52851593, -0.26894057, 0.28553823, -0.07760274, 99.96700287, 113.66096497, 32.41999817, 0.00000000
1, 24.9100, 2541, -0.04491677, -1.15728712, 0.45368156, -15.88099194, -15.03910732, 19.02764893, -30.10815430, -2.01695418, -94.67991638, 110.71420288, -6.70550871, -146.21807861, 0.21092339, -0.20681967, 0.79553062, 0.52902567, -0.07272834, 0.22766720, -0.10409711, 99.96700287, 113.66096497, 32.41999817, 0.00000000
1, 24.9150, 2542, -0.18994689, -1.07390618, 0.47051156, -19.68449402, -21.41361427, 17.66224861, -30.10815430, -2.01695418, -94.67991638, 110.63149261, -6.75077868, -146.35035706, 0.21076770, -0.20552905, 0.79543328, 0.52973640, 0.07139993, 0.14386542, -0.12247843, 99.96700287, 113.66096497, 32.41999817, 0.00000000
1, 24.9200, 2543, -0.33366135, -0.99377978, 0.48678675, -20.96149826, -25.03939056, 15.87452316, -30.10815430, -2.01695418, -94.67991638, 110.54410553, -6.78153515, -146.49653625, 0.21045597, -0.20420405, 0.79532200, 0.53053939, 0.21448357, 0.06324926, -0.14041013, 99.96700287, 113.66096497, 32.41999817, 0.00000000
1, 24.9900, 2544, -0.14110646, -0.91892087, 0.28790075, -18.15142059, 64.72022247, -16.58323860, -29.55276108, -1.31540489, -95.58608246, 109.25798035, -7.63897657, -144.10316467, 0.22966304, -0.21403897, 0.78589731, 0.53273600, 0.00758235, -0.01701482, 0.03776839, 99.96700287, 113.66096497, 32.41999817, 0.00000000
1, 24.9950, 2545, -0.11559041, -0.90268505, 0.28382513, -18.45904350, 63.39070511, -17.90794373, -29.31891251, -2.07541656, -95.93685913, 109.12131500, -7.65827465, -143.77146912, 0.23159000, -0.21594150, 0.78466100, 0.53295648, -0.01830928, -0.03399630, 0.03961909, 99.96700287, 113.66096497, 32.41999817, 0.00000000
1, 25.0000, 2546, -0.08963141, -0.87864578, 0.30110303, -19.04121780, 61.31847382, -18.86128426, -29.31891251, -2.07541656, -95.93685913, 108.98274994, -7.66891766, -143.44805908, 0.23342738, -0.21782048, 0.78341627, 0.53322136, -0.04453159, -0.05881677, 0.02017857, 99.96700287, 113.66096497, 32.41999817, 0.00000000
1, 25.0050, 2547, -0.06740279, -0.85038316, 0.31313118, -18.83462524, 58.76171494, -19.66094971, -29.31891251, -2.07541656, -95.93685913, 108.84660339, -7.67087364, -143.13554382, 0.23515487, -0.21966739, 0.78218824, 0.53350741, -0.06686168, -0.08786064, 0.00600475, 99.96700287, 113.66096497, 32.41999817, 0.00000000
1, 25.0100, 2548, -0.05113761, -0.82646608, 0.32381728, -17.34421158, 55.99916840, -20.13134384, -28.88044357, -4.26775789, -96.05378723, 108.71959686, -7.66544533, -142.83543396, 0.23676097, -0.22147965, 0.78101277, 0.53376967, -0.08309112, -0.11252725, -0.00672427, 99.96700287, 113.66096497, 32.41999817, 0.00000000
1, 25.0150, 2549, -0.04730817, -0.82394755, 0.31948081, -14.55115604, 54.39202881, -20.38046646, -28.88044357, -4.26775789, -96.05378723, 108.60755157, -7.65562773, -142.54263306, 0.23827788, -0.22329044, 0.77991104, 0.53395128, -0.08675112, -0.11569613, -0.00425087, 99.96700287, 113.66096497, 32.41999817, 0.00000000
1, 25.0200, 2550, -0.06896999, -0.83613753, 0.31645575, -12.00410938, 52.60195541, -20.35039902, -29.08506203, -1.78310430, -96.08301544, 108.50944519, -7.64254951, -142.25846863, 0.23970798, -0.22508356, 0.77888227, 0.53405982, -0.06486910, -0.10409106, -0.00296419, 99.96700287, 113.66096497, 32.41999817, 0.00000000
1, 25.0250, 2551, -0.09266125, -0.85330176, 0.29742339, -10.62595367, 53.34528732, -20.35022354, -29.08506203, -1.78310430, -96.08301544, 108.41783142, -7.63016653, -141.97074890, 0.24114823, -0.22690718, 0.77787304, 0.53411090, -0.04091113, -0.08743498, 0.01446100, 99.96700287, 113.66096497, 32.41999817, 0.00000000
1, 25.0300, 2552, -0.12363490, -0.87489629, 0.27990675, -9.15042686, 54.88767624, -20.22708893, -29.08506203, -1.78310430, -96.08301544, 108.33269501, -7.62032175, -141.67585754, 0.24262734, -0.22877681, 0.77687776, 0.53409183, -0.00971400, -0.06630762, 0.03045079, 99.96700287, 113.66096497, 32.41999817, 0.00000000
1, 25.0350, 2553, -0.14670193, -0.90517044, 0.26529017, -8.14537907, 57.08898544, -20.15236282, -28.90967560, -3.33235884, -96.49225616, 108.25124359, -7.61384058, -141.37055969, 0.24417102, -0.23070446, 0.77587807, 0.53401238, 0.01351685, -0.03647128, 0.04361955, 99.96700287, 113.66096497, 32.41999817, 0.00000000
1, 25.0550, 2554, -0.18122524, -1.02934909, 0.32423785, -8.20730400, 71.65208435, -17.38585472, -28.67582512, -3.68313360, -96.55071259, 107.89400482, -7.66210461, -140.00422668, 0.25158122, -0.23891671, 0.77147609, 0.53333879, 0.04721764, 0.08579197, -0.02147486, 99.96700287, 113.66096497, 32.41999817, 0.00000000
1, 25.0600, 2555, -0.19117728, -1.04255593, 0.33785930, -10.06443691, 75.50699615, -16.11360931, -27.36042023, -2.25080395, -96.72610474, 107.79168701, -7.70058775, -139.61666870, 0.25384867, -0.24110666, 0.77023900, 0.53306693, 0.05651067, 0.09853222, -0.03679483, 99.96700287, 113.66096497, 32.41999817, 0.00000000
1, 25.0650, 2556, -0.18045351, -1.02030373, 0.34221309, -12.63053131, 78.92808533, -15.89423943, -27.36042023, -2.25080395, -96.72610474, 107.67407990, -7.74459124, -139.21287537, 0.25626016, -0.24333745, 0.76889724, 0.53283644, 0.04503263, 0.07576777, -0.04299300, 99.96700287, 113.66096497, 32.41999817, 0.00000000
1, 25.0700, 2557, -0.16498075, -0.99318218, 0.33850762, -14.23403454, 81.89791870, -16.85460663, -28.06196976, -2.19234133, -96.72610474, 107.54597473, -7.78764439, -138.79322815, 0.25876257, -0.24564832, 0.76746464, 0.53263211, 0.02881809, 0.04808750, -0.04131820, 99.96700287, 113.66096497, 32.41999817, 0.00000000
1, 25.0750, 2558, -0.11049685, -0.93819952, 0.33832335, -14.75721931, 89.46037292, -18.66566849, -28.06196976, -2.19234133, -96.72610474, 107.40958405, -7.83238363, -138.33425903, 0.26147744, -0.24818632, 0.76590335, 0.53237706, -0.02643173, -0.00749345, -0.04315481, 99.96700287, 113.66096497, 32.41999817, 0.00000000
1, 25.0800, 2559, -0.07907621, -0.93665278, 0.35562378, -13.79464340, 92.21997833, -18.64719963, -28.06196976, -2.19234133, -96.72610474, 107.27580261, -7.88023090, -137.86187744, 0.26427007, -0.25079480, 0.76432019, 0.53205079, -0.05870061, -0.00965819, -0.06263092, 99.96700287, 113.66096497, 32.41999817, 0.00000000
1, 25.0850, 2560, -0.05166223, -0.94264591, 0.36640978, -13.29465866, 92.30214691, -17.52993202, -27.15580177, -1.66617942, -96.22917175, 107.14429474, -7.93245220, -137.39057922, 0.26708135, -0.25336954, 0.76274687, 0.53168470, -0.08703154, -0.00424065, -0.07557227, 99.96700287, 113.66096497, 32.41999817, 0.00000000
1, 25.0900, 2561, -0.02067437, -0.94390488, 0.35443714, -13.94009304, 89.94641876, -16.84177017, -27.15580177, -1.66617942, -96.22917175, 107.02465820, -7.95431471, -136.93481445, 0.26960084, -0.25601080, 0.76121050, 0.53134978, -0.11862879, -0.00351737, -0.06563076, 99.96700287, 113.66096497, 32.41999817, 0.00000000
1, 25.0950, 2562, 0.00348270, -0.93373787, 0.33220422, -14.89889717, 86.90502167, -16.72679710, -27.36042023, -1.78310430, -97.04764557, 106.88829041, -8.00050926, -136.49047852, 0.27226099, -0.25840628, 0.75964826, 0.53106940, -0.14329967, -0.01422114, -0.04547072, 99.96700287, 113.66096497, 32.41999817, 0.00000000
1, 25.1000, 2563, 0.02186864, -0.92514050, 0.31688431, -15.61284637, 84.18161011, -16.71252060, -27.36042023, -1.78310430, -97.04764557, 106.74983215, -8.04179668, -136.05915833, 0.27483532, -0.26072571, 0.75809073, 0.53083527, -0.16238359, -0.02338593, -0.03240407, 99.96700287, 113.66096497, 32.41999817, 0.00000000
1, 25.1250, 2564, 0.06549906, -0.91854250, 0.26055941, -17.62942696, 58.77289200, -8.00364780, -26.39579010, -2.04618526, -97.33995819, 106.07828522, -8.23190403, -134.29400635, 0.28576165, -0.26975539, 0.75118589, 0.53036982, -0.20913659, -0.03273871, 0.01274994, 99.96700287, 113.66096497, 32.41999817, 0.00000000
1, 25.1300, 2565, 0.05743143, -0.92244124, 0.24271016, -18.25349998, 54.76780319, -6.79423618, -26.39579010, -2.04618526, -97.33995819, 105.94738007, -8.27456856, -134.01855469, 0.28761229, -0.27101794, 0.74999738, 0.53040773, -0.20177901, -0.02933313, 0.02836127, 99.96700287, 113.66096497, 32.41999817, 0.00000000
1, 25.1350, 2566, 0.04181708, -0.93449771, 0.22460277, -18.74492073, 48.66846466, -5.35601282, -26.57117844, -1.98772287, -96.93071747, 105.81839752, -8.31524181, -133.77462769, 0.28930113, -0.27208436, 0.74888694, 0.53051245, -0.18682274, -0.01776134, 0.04423304, 99.96700287, 113.66096497, 32.41999817, 0.00000000
1, 25.1400, 2567, 0.03227430, -0.95079517, 0.22819926, -18.43336868, 43.82870102, -3.86293697, -26.57117844, -1.98772287, -96.93071747, 105.67952728, -8.27924538, -133.55699158, 0.29041529, -0.27333516, 0.74766809, 0.53097957, -0.17732882, -0.00208782, 0.03837745, 99.96700287, 113.66096497, 32.41999817, 0.00000000
1, 25.1450, 2568, 0.03010658, -0.97128010, 0.23715569, -17.99327660, 40.20100403, -2.02713656, -26.92195320, -1.40309846, -97.28149414, 105.56092072, -8.32351017, -133.35858154, 0.29189333, -0.27410474, 0.74671608, 0.53111213, -0.17526668, 0.01780009, 0.02725967, 99.96700287, 113.66096497, 32.41999817, 0.00000000
1, 25.1500, 2569, 0.01908856, -0.99692714, 0.23723085, -17.54054642, 38.39284515, -0.53370166, -26.92195320, -1.40309846, -97.28149414, 105.44595337, -8.37215233, -133.17089844, 0.29334071, -0.27478859, 0.74581265, 0.53123069, -0.16506866, 0.04302859, 0.02516087, 99.96700287, 113.66096497, 32.41999817, 0.00000000
1, 25.1550, 2570, -0.00571982, -1.01391017, 0.22513084, -17.82283974, 38.43574524, 0.48742777, -26.92195320, -1.40309846, -97.28149414, 105.32958984, -8.42540359, -132.98420715, 0.29481551, -0.27543575, 0.74491197, 0.53134280, -0.14113191, 0.05962715, 0.03520599, 99.96700287, 113.66096497, 32.41999817, 0.00000000
1, 25.1600, 2571, -0.03921082, -1.02199018, 0.21305352, -17.82639313, 38.87324905, 1.12884033, -26.51271439, -1.98772287, -97.54457855, 105.21281433, -8.48196030, -132.79611206, 0.29631856, -0.27607122, 0.74401075, 0.53143972, -0.10857475, 0.06733294, 0.04520467, 99.96700287, 113.66096497, 32.41999817, 0.00000000
1, 25.2000, 2572, -0.24745078, -0.91106582, 0.29818711, -12.18599987, 64.94161987, 6.97127056, -26.48348427, -2.19234133, -97.83689117, 104.32318115, -9.21472073, -130.82125854, 0.31211862, -0.28275347, 0.73630798, 0.52960646, 0.08706520, -0.04579730, -0.05562106, 99.96700287, 113.66096497, 32.41999817, 0.00000000
1, 25.2050, 2573, -0.27135578, -0.89091861, 0.29659954, -10.34000778, 68.19479370, 7.06036472, -26.48348427, -2.19234133, -97.83689117, 104.21898651, -9.33257675, -130.49507141, 0.31459704, -0.28396371, 0.73522317, 0.52899933, 0.10896051, -0.06607436, -0.05590632, 99.96700287, 113.66096497, 32.41999817, 0.00000000
1, 25.2100, 2574, -0.29291052, -0.87743425, 0.29754511, -8.82235336, 72.07751465, 6.92327833, -26.24963379, -1.95849168, -97.95381165, 104.11852264, -9.45389938, -130.14930725, 0.31717473, -0.28528634, 0.73411119, 0.52829224, 0.12843724, -0.07965617, -0.05865820, 99.96700287, 113.66096497, 32.41999817, 0.00000000
1, 25.2150, 2575, -0.30881575, -0.86945188, 0.30711052, -7.23106241, 75.72055054, 6.63933325, -26.24963379, -1.95849168, -97.95381165, 104.02220917, -9.57763672, -129.78494263, 0.31983915, -0.28672135, 0.73297405, 0.52748734, 0.14219937, -0.08771802, -0.06995833, 99.96700287, 113.66096497, 32.41999817, 0.00000000
1, 25.2200, 2576, -0.31354412, -0.86001694, 0.30943909, -6.46986103, 80.27130890, 5.96696520, -25.89885902, -1.25694239, -98.04150391, 103.92498016, -9.70295429, -129.39701843, 0.32262009, -0.28829005, 0.73177379, 0.52660453, 0.14477043, -0.09720665, -0.07398942, 99.96700287, 113.66096497, 32.41999817, 0.00000000
1, 25.2250, 2577, -0.32823586, -0.85948682, 0.30135804, -5.29677391, 86.01440430, 5.10746002, -25.89885902, -1.25694239, -98.04150391, 103.82769012, -9.83027363, -128.97937012, 0.32554537, -0.29003119, 0.73049879, 0.52561742, 0.15730149, -0.09776239, -0.06765856, 99.96700287, 113.66096497, 32.41999817, 0.00000000
1, 25.2300, 2578, -0.35541791, -0.87781608, 0.29598200, -4.10142326, 92.74497986, 3.74542570, -25.89885902, -1.25694239, -98.04150391, 103.72940063, -9.95821953, -128.52651978, 0.32863349, -0.29198304, 0.72912693, 0.52451867, 0.18229660, -0.07945496, -0.06410846, 99.96700287, 113.66096497, 32.41999817, 0.00000000
1, 25.2350, 2579, -0.38639072, -0.92142808, 0.29133278, -2.59948468, 97.60255432, 2.15958405, -26.36655998, -0.32154340, -97.83689117, 103.63307190, -10.08339310, -128.04739380, 0.33181465, -0.29411322, 0.72768694, 0.52332413, 0.21111295, -0.03586005, -0.06131947, 99.96700287, 113.66096497, 32.41999817, 0.00000000
1, 25.2400, 2580, -0.39955899, -0.96841621, 0.29074943, -1.22919083, 98.75464630, 1.08298337, -26.36655998, -0.32154340, -97.83689117, 103.55426025, -10.25297165, -127.56146240, 0.33523822, -0.29610291, 0.72638464, 0.52182740, 0.22176251, 0.01121356, -0.06240939, 99.96700287, 113.66096497, 32.41999817, 0.00000000
1, 25.2450, 2581, -0.38123664, -1.02289927, 0.30935261, -0.06379032, 99.30224609, 0.45026147, -25.78193474, -2.42619109, -97.77842712, 103.46617889, -10.37036705, -127.07109833, 0.33838975, -0.29835111, 0.72492754, 0.52053726, 0.20095748, 0.06576847, -0.08251658, 99.96700287, 113.66096497, 32.41999817, 0.00000000
1, 25.2900, 2582, -0.31602973, -1.02456760, 0.43916216, -10.96348572, 106.61505890, -12.17093945, -25.08038521, -1.25694239, -97.74919128, 102.31594086, -11.29277611, -122.09094238, 0.36920625, -0.32124367, 0.70808792, 0.50901937, 0.11948620, 0.06578515, -0.23205717, 99.96700287, 113.66096497, 32.41999817, 0.00000000
1, 25.2950, 2583, -0.33768481, -1.00059509, 0.43624574, -13.85580254, 103.88113403, -15.42408562, -24.72961044, -2.07541656, -97.92458344, 102.14167023, -11.32673264, -121.55660248, 0.37226018, -0.32380375, 0.70588058, 0.50823826, 0.14033544, 0.04141861, -0.23175542, 99.96700287, 113.66096497, 32.41999817, 0.00000000
1, 25.3000, 2584, -0.34240532, -0.96188092, 0.44419599, -15.90857410, 96.54437256, -18.16669273, -24.72961044, -2.07541656, -97.92458344, 101.96349335, -11.33809185, -121.05581665, 0.37504923, -0.32624501, 0.70369411, 0.50765824, 0.14472818, 0.00211686, -0.24262917, 99.96700287, 113.66096497, 32.41999817, 0.00000000
1, 25.3050, 2585, -0.37722412, -0.93776381, 0.41259292, -18.02289581, 94.35598755, -20.64559174, -25.05115509, -1.57848585, -98.45074463, 101.77630615, -11.33354568, -120.56333160, 0.37773952, -0.32867274, 0.70144826, 0.50720555, 0.17964004, -0.02260192, -0.21415648, 99.96700287, 113.66096497, 32.41999817, 0.00000000
1, 25.3100, 2586, -0.40469691, -0.91391909, 0.35830188, -21.12811279, 97.62854004, -23.15697289, -25.05115509, -1.57848585, -98.45074463, 101.56994629, -11.31835461, -120.05197906, 0.38051158, -0.33119205, 0.69903022, 0.50683278, 0.20746699, -0.04710029, -0.16325822, 99.96700287, 113.66096497, 32.41999817, 0.00000000
1, 25.3150, 2587, -0.41008371, -0.88027585, 0.35473365, -23.44228745, 103.16842651, -25.51922798, -25.05115509, -1.57848585, -98.45074463, 101.34628296, -11.29519558, -119.51065826, 0.38342565, -0.33386034, 0.69641995, 0.50647926, 0.21322574, -0.08155948, -0.16331927, 99.96700287, 113.66096497, 32.41999817, 0.00000000
1, 25.3200, 2588, -0.40376690, -0.84222269, 0.37940037, -24.44469070, 106.13970184, -27.78414154, -24.34960556, -1.75387311, -97.89534760, 101.11451721, -11.26169491, -118.95240021, 0.38638559, -0.33663848, 0.69368851, 0.50613940, 0.20737249, -0.12052783, -0.19175622, 99.96700287, 113.66096497, 32.41999817, 0.00000000
1, 25.3250, 2589, -0.40700975, -0.82240880, 0.40015340, -24.27757835, 106.47813416, -30.23186111, -24.34960556, -1.75387311, -97.89534760, 100.88320923, -11.21427917, -118.39031982, 0.38928968, -0.33949265, 0.69090217, 0.50581861, 0.21131313, -0.14128171, -0.21634334, 99.96700287, 113.66096497, 32.41999817, 0.00000000
1, 25.3300, 2590, -0.42819899, -0.80679882, 0.40624252, -25.15665627, 107.96443176, -32.98941422, -23.96959877, -2.07541656, -98.94767761, 100.64608002, -11.15244484, -117.81848145, 0.39218116, -0.34243917, 0.68801296, 0.50553703, 0.23348452, -0.15785152, -0.22637782, 99.96700287, 113.66096497, 32.41999817, 0.00000000
1, 25.3350, 2591, -0.45774576, -0.78386509, 0.41244352, -26.61042404, 112.76448822, -36.15140152, -23.96959877, -2.07541656, -98.94767761, 100.39723206, -11.07705116, -117.22010040, 0.39515793, -0.34555230, 0.68494380, 0.50526810, 0.26425171, -0.18180752, -0.23670767, 99.96700287, 113.66096497, 32.41999817, 0.00000000
1, 25.3650, 2592, -0.61309439, -0.69149971, 0.43021438, -12.34020042, 202.58666992, -65.63391113, -22.74188805, -1.92926037, -99.09383392, 98.91591644, -10.34293079, -112.27075958, 0.41760758, -0.37308365, 0.66109121, 0.49937069, 0.43175495, -0.28076696, -0.27933621, 99.96700287, 113.66096497, 32.41999817, 0.00000000
1, 25.3700, 2593, -0.64520335, -0.70977259, 0.41307095, -9.31491756, 224.87963867, -70.39889526, -21.51417732, -1.75387311, -98.59690094, 98.65777588, -10.16500187, -111.08719635, 0.42268163, -0.37982902, 0.65560234, 0.49724823, 0.46691290, -0.26368624, -0.26658815, 99.96700287, 113.66096497, 32.41999817, 0.00000000
1, 25.3750, 2594, -0.66033638, -0.73257387, 0.41181889, -6.97799015, 248.30613708, -74.74250793, -21.51417732, -1.75387311, -98.59690094, 98.39410400, -9.97744370, -109.78424072, 0.42824236, -0.38720638, 0.64958268, 0.49469388, 0.48523119, -0.24211738, -0.26978165, 99.96700287, 113.66096497, 32.41999817, 0.00000000
1, 25.3800, 2595, -0.68214321, -0.75436246, 0.40362307, -4.71606112, 272.07760620, -78.97180176, -20.14031029, -1.11078632, -98.12920380, 98.12528229, -9.77984047, -108.36047363, 0.43428618, -0.39520550, 0.64300418, 0.49168462, 0.51041043, -0.22156167, -0.26614058, 99.96700287, 113.66096497, 32.41999817, 0.00000000
1, 25.3850, 2596, -0.69181997, -0.78376830, 0.37440047, -1.93649554, 297.17559814, -83.14099884, -20.14031029, -1.11078632, -98.12920380, 97.85388947, -9.57218170, -106.80954742, 0.44082314, -0.40384763, 0.63582963, 0.48816282, 0.52369016, -0.19336097, -0.24152264, 99.96700287, 113.66096497, 32.41999817, 0.00000000
1, 25.3900, 2597, -0.68668246, -0.81420434, 0.34158534, 1.58811307, 322.54638672, -86.78740692, -20.14031029, -1.11078632, -98.12920380, 97.59813690, -9.38726711, -105.13229370, 0.44793421, -0.41301191, 0.62820983, 0.48386827, 0.52205074, -0.16405392, -0.21315873, 99.96700287, 113.66096497, 32.41999817, 0.00000000
1, 25.3950, 2598, -0.67446232, -0.83937597, 0.32750016, 5.98445320, 346.61505127, -89.56459045, -18.73721123, -1.95849168, -97.36918640, 97.33685303, -9.16542816, -103.33258057, 0.45536855, -0.42285976, 0.61985922, 0.47916985, 0.51339608, -0.14001340, -0.20339489, 99.96700287, 113.66096497, 32.41999817, 0.00000000
1, 25.4000, 2599, -0.65522295, -0.87088299, 0.33665368, 10.82712841, 369.20968628, -91.71659851, -18.73721123, -1.95849168, -97.36918640, 97.08896637, -8.93896770, -101.42015076, 0.46316022, -0.43322551, 0.61095923, 0.47384301, 0.49801898, -0.10968805, -0.21677183, 99.96700287, 113.66096497, 32.41999817, 0.00000000
1, 25.4050, 2600, -0.57352138, -0.91730654, 0.37853402, 16.46327591, 390.87313843, -93.97100830, -18.12335587, -1.19848001, -96.31686401, 96.86019897, -8.70633411, -99.39969635, 0.47123984, -0.44408774, 0.60151583, 0.46786523, 0.42018843, -0.06444539, -0.26246756, 99.96700287, 113.66096497, 32.41999817, 0.00000000
1, 25.4100, 2601, -0.51497138, -0.94355786, 0.39112452, 20.04279137, 409.32278442, -95.11911011, -18.12335587, -1.19848001, -96.31686401, 96.64397430, -8.47093964, -97.28810120, 0.47955781, -0.45528811, 0.59154981, 0.46130896, 0.36568832, -0.03927492, -0.27860105, 99.96700287, 113.66096497, 32.41999817, 0.00000000
1, 25.4450, 2602, 0.29719082, -1.15942025, -0.14851154, 15.99359035, 437.16781616, -86.93775940, -14.38175964, 0.87693655, -91.93218231, 95.31571960, -6.87664700, -81.34136200, 0.53884119, -0.53327531, 0.51147419, 0.40455139, -0.41755384, 0.17132619, 0.24016826, 99.96700287, 113.66096497, 32.41999817, 0.00000000
1, 25.4500, 2603, 0.39958903, -1.16564763, -0.25084388, 9.40871716, 420.81866455, -82.93218994, -14.38175964, 0.87693655, -91.93218231, 95.10876465, -6.65127230, -79.19376373, 0.54644424, -0.54268974, 0.49971113, 0.39645350, -0.51576471, 0.17692813, 0.33926204, 99.96700287, 113.66096497, 32.41999817, 0.00000000
1, 25.4550, 2604, 0.48169637, -1.13231647, -0.31478480, 5.52042961, 396.29577637, -78.45475006, -13.65097904, 1.37386727, -90.76293182, 94.90514374, -6.43008232, -77.17285156, 0.55350232, -0.55130970, 0.48840719, 0.38878182, -0.59386504, 0.14294419, 0.39994797, 99.96700287, 113.66096497, 32.41999817, 0.00000000
1, 25.4600, 2605, 0.59464461, -1.04560709, -0.29965079, 4.60032415, 367.73358154, -72.95464325, -13.65097904, 1.37386727, -90.76293182, 94.72084808, -6.21773624, -75.29903412, 0.55990750, -0.55914623, 0.47776955, 0.38156962, -0.70309919, 0.05551359, 0.38199472, 99.96700287, 113.66096497, 32.41999817, 0.00000000
1, 25.4650, 2606, 0.64579105, -0.99703944, -0.22869582, 4.88884449, 335.94400024, -68.98398590, -13.65097904, 1.37386727, -90.76293182, 94.56205750, -6.00697613, -73.58755493, 0.56557298, -0.56623906, 0.46789330, 0.37493536, -0.75080132, 0.00620196, 0.30837411, 99.96700287, 113.66096497, 32.41999817, 0.00000000
1, 25.4700, 2607, 0.71788466, -0.93319035, -0.11291964, 5.46821070, 285.88122559, -65.48764801, -12.86173630, 1.92926037, -89.00906372, 94.43869019, -5.79026794, -72.12951660, 0.57015067, -0.57234502, 0.45925996, 0.36936414, -0.81943792, -0.05840360, 0.19067253, 99.96700287, 113.66096497, 32.41999817, 0.00000000
1, 25.4750, 2608, 0.73302841, -0.90068483, -0.07642488, 5.29722214, 253.43557739, -63.38454819, -12.86173630, 1.92926037, -89.00906372, 94.33630371, -5.56901693, -70.83583069, 0.57403338, -0.57779688, 0.45141703, 0.36449853, -0.83085024, -0.09149531, 0.15243541, 99.96700287, 113.66096497, 32.41999817, 0.00000000
1, 25.4800, 2609, 0.68675202, -0.87814140, -0.05426097, 5.84489298, 223.29809570, -61.41084290, -13.21251106, 1.95849168, -88.36597443, 94.25620270, -5.34450340, -69.69466400, 0.57727414, -0.58267659, 0.44433624, 0.36028880, -0.78074133, -0.11456162, 0.12873518, 99.96700287, 113.66096497, 32.41999817, 0.00000000
1, 25.4850, 2610, 0.57914376, -0.88232267, -0.02726061, 7.16497469, 196.99272156, -59.18037415, -13.21251106, 1.95849168, -88.36597443, 94.19934082, -5.12026930, -68.68674469, 0.57995415, -0.58707893, 0.43795589, 0.35663182, -0.66929454, -0.11086549, 0.10040522, 99.96700287, 113.66096497, 32.41999817, 0.00000000
1, 25.4900, 2611, 0.43823299, -0.89752102, 0.00327618, 8.28220177, 175.88986206, -56.08721161, -13.21251106, 1.95849168, -88.36597443, 94.15491486, -4.84561205, -67.78546906, 0.58205110, -0.59125197, 0.43187737, 0.35372254, -0.52414834, -0.09615485, 0.06872742, 99.96700287, 113.66096497, 32.41999817, 0.00000000
1, 25.5500, 2612, -0.37841651, -0.88823545, 0.47875828, 2.01605844, 282.47189331, -55.21962738, -11.37094402, 3.39082146, -84.30283356, 93.80694580, -2.79225898, -55.88875198, 0.61172527, -0.63707167, 0.35678774, 0.30435926, 0.32770163, -0.10910162, -0.41457433, 99.96700287, 113.66096497, 32.41999817, 0.00000000
1, 25.5550, 2613, -0.28890201, -0.85882783, 0.49058726, 3.21585202, 294.67556763, -56.76672363, -11.22478771, 3.68313360, -83.33820343, 93.75216675, -2.60366154, -54.39854431, 0.61541277, -0.64190239, 0.34734383, 0.29762533, 0.24142458, -0.13875058, -0.42711192, 99.96700287, 113.66096497, 32.41999817, 0.00000000
1, 25.5600, 2614, -0.19259924, -0.83770096, 0.49117404, 5.15998363, 304.23013306, -57.96582413, -11.22478771, 3.68313360, -83.33820343, 93.70996094, -2.41082621, -52.86062622, 0.61906582, -0.64681411, 0.33757305, 0.29057455, 0.14846477, -0.16007930, -0.42821002, 99.96700287, 113.66096497, 32.41999817, 0.00000000
1, 25.5650, 2615, -0.10624515, -0.83121073, 0.49192896, 7.49711561, 310.78338623, -58.78578568, -11.22478771, 3.68313360, -83.33820343, 93.68332672, -2.21501231, -51.29005814, 0.62262338, -0.65176356, 0.32756835, 0.28327283, 0.06551389, -0.16674519, -0.42926162, 99.96700287, 113.66096497, 32.41999817, 0.00000000
1, 25.5700, 2616, -0.02413240, -0.84467149, 0.46934077, 9.12260818, 314.50051880, -59.24366379, -11.45863724, 4.20929527, -82.25665283, 93.66950989, -2.01750708, -49.70105362, 0.62606210, -0.65668398, 0.31740624, 0.27580023, -0.01310509, -0.15339603, -0.40677461, 99.96700287, 113.66096497, 32.41999817, 0.00000000
1, 25.5750, 2617, 0.02376439, -0.85974252, 0.45047832, 9.77935123, 316.01083374, -59.53149414, -11.45863724, 4.20929527, -82.25665283, 93.66423798, -1.81875980, -48.10465622, 0.62937653, -0.66151589, 0.30714029, 0.26822922, -0.05749237, -0.13842072, -0.38793477, 99.96700287, 113.66096497, 32.41999817, 0.00000000
1, 25.5800, 2618, 0.05211242, -0.87437916, 0.41303983, 10.02368641, 316.42745972, -59.38446808, -11.57556248, 4.00467682, -80.76585388, 93.66564178, -1.62082243, -46.50639725, 0.63256711, -0.66622680, 0.29680932, 0.26058596, -0.08229117, -0.12382956, -0.35044730, 99.96700287, 113.66096497, 32.41999817, 0.00000000
1, 25.5850, 2619, 0.05740786, -0.88798916, 0.38316944, 9.90112114, 314.91601563, -58.85808945, -11.57556248, 4.00467682, -80.76585388, 93.67213440, -1.42515206, -44.91597366, 0.63562334, -0.67077947, 0.28647560, 0.25292227, -0.08408417, -0.11025879, -0.32048917, 99.96700287, 113.66096497, 32.41999817, 0.00000000
1, 25.5900, 2620, 0.06353608, -0.90435398, 0.35445669, 9.56308937, 313.70272827, -57.76103210, -11.57556248, 4.00467682, -80.76585388, 93.70449829, -1.22822046, -43.33344269, 0.63841474, -0.67529947, 0.27616709, 0.24521227, -0.08673593, -0.09390540, -0.29142606, 99.96700287, 113.66096497, 32.41999817, 0.00000000
1, 25.5950, 2621, 0.07613900, -0.90917170, 0.31629264, 9.26983547, 311.78677368, -56.40089035, -12.30634308, 4.67699480, -79.85968781, 93.71893311, -1.04501557, -41.75952148, 0.64123130, -0.67951012, 0.26587859, 0.23748094, -0.09595910, -0.08906569, -0.25281140, 99.96700287, 113.66096497, 32.41999817, 0.00000000
1, 25.6200, 2622, 0.18449087, -0.92570961, 0.23281081, 8.49033833, 292.46176147, -49.66588593, -12.97866154, 5.17392588, -77.11195374, 93.87076569, -0.22595015, -34.15487289, 0.65313822, -0.69797486, 0.21583267, 0.19914296, -0.18967393, -0.07239120, -0.16650960, 99.96700287, 113.66096497, 32.41999817, 0.00000000
1, 25.6250, 2623, 0.20789611, -0.92683625, 0.21223985, 7.41766453, 287.33618164, -48.37232208, -12.97866154, 5.17392588, -77.11195374, 93.90338898, -0.07957176, -32.70534134, 0.65514374, -0.70108241, 0.20620453, 0.19170246, -0.21044761, -0.07120053, -0.14530887, 99.96700287, 113.66096497, 32.41999817, 0.00000000
1, 25.6300, 2624, 0.24110933, -0.92922580, 0.18304633, 6.79757404, 283.14202881, -46.53652573, -13.65097904, 4.64776373, -76.32270813, 93.93652344, 0.05821373, -31.27727699, 0.65704155, -0.70400906, 0.19671465, 0.18431257, -0.24115172, -0.06872618, -0.11546660, 99.96700287, 113.66096497, 32.41999817, 0.00000000
1, 25.6350, 2625, 0.27910236, -0.92541599, 0.14363296, 6.09472275, 271.10766602, -44.60613251, -13.65097904, 4.64776373, -76.32270813, 93.96939850, 0.18959537, -29.90980911, 0.65877438, -0.70669639, 0.18759435, 0.17721455, -0.27671969, -0.07242826, -0.07537962, 99.96700287, 113.66096497, 32.41999817, 0.00000000
1, 25.6400, 2626, 0.30676413, -0.92364585, 0.13063787, 6.19596624, 263.12533569, -42.86981583, -14.11867905, 3.74159598, -74.94884491, 94.01169586, 0.34286311, -28.58215332, 0.66027808, -0.70928919, 0.17857234, 0.17045154, -0.30189282, -0.07412091, -0.06164720, 99.96700287, 113.66096497, 32.41999817, 0.00000000
1, 25.6450, 2627, 0.33156222, -0.91784608, 0.12550752, 6.91392231, 254.20196533, -40.88336182, -14.11867905, 3.74159598, -74.94884491, 94.05474091, 0.45957604, -27.30007553, 0.66169834, -0.71165258, 0.17001159, 0.16371317, -0.32435742, -0.07984343, -0.05567491, 99.96700287, 113.66096497, 32.41999817, 0.00000000
1, 25.6500, 2628, 0.34222615, -0.91966033, 0.12725881, 7.46003056, 244.75730896, -39.01230240, -14.11867905, 3.74159598, -74.94884491, 94.10262299, 0.56921607, -26.06565094, 0.66296452, -0.71386385, 0.16176529, 0.15718952, -0.33308297, -0.07795750, -0.05658771, 99.96700287, 113.66096497, 32.41999817, 0.00000000
1, 25.6550, 2629, 0.34907970, -0.92410886, 0.12575096, 7.62017870, 234.82691956, -37.35821915, -14.49868488, 4.82315111, -74.18883514, 94.15309143, 0.67304790, -24.88121796, 0.66409248, -0.71591973, 0.15384103, 0.15090796, -0.33809412, -0.07342502, -0.05420304, 99.96700287, 113.66096497, 32.41999817, 0.00000000
1, 25.6600, 2630, 0.35376194, -0.93693721, 0.11807043, 7.67353582, 224.92781067, -35.59686661, -14.49868488, 4.82315111, -74.18883514, 94.20532990, 0.77056444, -23.74666977, 0.66509503, -0.71782643, 0.14624356, 0.14486803, -0.34102696, -0.06049731, -0.04563034, 99.96700287, 113.66096497, 32.41999817, 0.00000000
1, 25.6650, 2631, 0.35529986, -0.94887900, 0.11497381, 7.44218588, 215.12231445, -33.47914505, -15.34638977, 5.84624386, -73.63343811, 94.25753021, 0.86001134, -22.66167450, 0.66599309, -0.71958280, 0.13898206, 0.13906088, -0.34096068, -0.04846130, -0.04164179, 99.96700287, 113.66096497, 32.41999817, 0.00000000
1, 25.6900, 2632, 0.36721608, -0.96204329, 0.12888846, 6.76889944, 164.51405334, -22.16321373, -16.34025192, 3.85852075, -72.81496429, 94.52756500, 1.23363805, -18.01225471, 0.66898143, -0.72653216, 0.10775420, 0.11403521, -0.34666073, -0.03485423, -0.05092055, 99.96700287, 113.66096497, 32.41999817, 0.00000000
1, 25.6950, 2633, 0.38165328, -0.95363879, 0.13441369, 7.09175205, 150.17279053, -19.52971840, -16.34025192, 3.85852075, -72.81496429, 94.57932281, 1.27270651, -17.25588799, 0.66935092, -0.72756201, 0.10277684, 0.10981788, -0.35994092, -0.04316631, -0.05543293, 99.96700287, 113.66096497, 32.41999817, 0.00000000
1, 25.7000, 2634, 0.39242679, -0.94521224, 0.14730173, 7.10012722, 141.10380554, -17.53770065, -16.34025192, 3.85852075, -72.81496429, 94.63059235, 1.30472553, -16.54547310, 0.66966134, -0.72850978, 0.09812382, 0.10582510, -0.37015921, -0.05152903, -0.06738675, 99.96700287, 113.66096497, 32.41999817, 0.00000000
1, 25.7050, 2635, 0.39801940, -0.93925548, 0.16198033, 7.29259539, 131.48280334, -15.70139408, -16.63256264, 6.63548660, -71.99649048, 94.68205261, 1.33078432, -15.88371658, 0.66990888, -0.72938466, 0.09380804, 0.10207930, -0.37530899, -0.05742627, -0.08114954, 99.96700287, 113.66096497, 32.41999817, 0.00000000
1, 25.7100, 2636, 0.39685854, -0.93690360, 0.17697430, 7.66110039, 122.03492737, -13.75804520, -16.63256264, 6.63548660, -71.99649048, 94.73455048, 1.35035694, -15.26981544, 0.67009366, -0.73019773, 0.08982945, 0.09857212, -0.37381214, -0.05971952, -0.09523679, 99.96700287, 113.66096497, 32.41999817, 0.00000000
1, 25.7150, 2637, 0.39996356, -0.93328190, 0.18669441, 8.55216217, 113.52828979, -11.65870285, -17.15872574, 5.61239386, -71.11955261, 94.79067230, 1.36237085, -14.69914913, 0.67020762, -0.73097253, 0.08616810, 0.09526804, -0.37669817, -0.06327197, -0.10398647, 99.96700287, 113.66096497, 32.41999817, 0.00000000
1, 25.7200, 2638, 0.39352018, -0.93417215, 0.20516488, 9.58149433, 105.33787537, -9.62368679, -17.15872574, 5.61239386, -71.11955261, 94.85108948, 1.36704779, -14.17011833, 0.67025059, -0.73171902, 0.08281368, 0.09215905, -0.37018868, -0.06232271, -0.12144298, 99.96700287, 113.66096497, 32.41999817, 0.00000000
1, 25.7250, 2639, 0.38650984, -0.93724573, 0.22565934, 10.71238518, 97.50400543, -7.89693689, -17.15872574, 5.61239386, -71.11955261, 94.91621399, 1.36583292, -13.68085384, 0.67022282, -0.73244625, 0.07974663, 0.08924343, -0.36322689, -0.05918792, -0.14084718, 99.96700287, 113.66096497, 32.41999817, 0.00000000
1, 25.7750, 2640, 0.40016651, -1.03490829, 0.23096988, -4.51100302, 59.08149338, 4.24518633, -18.97106171, 4.15083313, -69.65799713, 95.47695923, 1.13453567, -10.08894062, 0.66923392, -0.73776555, 0.05843899, 0.06642950, -0.38072777, 0.03930157, -0.13615394, 99.96700287, 113.66096497, 32.41999817, 0.00000000
1, 25.7800, 2641, 0.42693561, -0.98524678, 0.18338957, -6.28949070, 53.49706268, 5.53680611, -18.79567337, 6.25548077, -69.51184082, 95.45066833, 1.08185601, -9.82518291, 0.66958642, -0.73772132, 0.05703419, 0.06456331, -0.40827799, -0.01034045, -0.08885400, 99.96700287, 113.66096497, 32.41999817, 0.00000000
1, 25.7850, 2642, 0.43245813, -0.93267226, 0.13423613, -5.48933840, 46.68959045, 7.92317057, -18.79567337, 6.25548077, -69.51184082, 95.42752075, 1.02059972, -9.59640884, 0.66989940, -0.73767197, 0.05590720, 0.06284384, -0.41470343, -0.06289436, -0.04003026, 99.96700287, 113.66096497, 32.41999817, 0.00000000
1, 25.7900, 2643, 0.42542729, -0.89843404, 0.12066197, -1.82373714, 38.48591614, 11.46660519, -19.14644814, 6.75241137, -70.09646606, 95.44540405, 1.17980719, -9.40245914, 0.66979653, -0.73793685, 0.05373596, 0.06272513, -0.40683937, -0.09709279, -0.02640328, 99.96700287, 113.66096497, 32.41999817, 0.00000000
1, 25.7950, 2644, 0.40619180, -0.89492249, 0.19648468, 3.17434001, 29.12274170, 15.91185188, -19.14644814, 6.75241137, -70.09646606, 95.46420288, 1.08703625, -9.26488781, 0.66980398, -0.73807263, 0.05340335, 0.06131563, -0.38728511, -0.10067950, -0.10184231, 99.96700287, 113.66096497, 32.41999817, 0.00000000
1, 25.8000, 2645, 0.39257339, -0.91779351, 0.24783243, 7.18127346, 19.55664063, 21.20613098, -19.14644814, 6.75241137, -70.09646606, 95.50198364, 0.97239685, -9.17746830, 0.66967243, -0.73828679, 0.05353130, 0.06004955, -0.37564754, -0.07787496, -0.15271716, 99.96700287, 113.66096497, 32.41999817, 0.00000000
1, 25.8050, 2646, 0.37564406, -0.96714449, 0.30674595, 11.38313961, 6.26765203, 29.31852150, -19.96492195, 6.54779291, -69.33644867, 95.55953979, 0.82363623, -9.16015053, 0.66939420, -0.73856896, 0.05431997, 0.05896377, -0.36136192, -0.02856764, -0.21078299, 99.96700287, 113.66096497, 32.41999817, 0.00000000
1, 25.8100, 2647, 0.36237431, -1.01436818, 0.29844353, 11.98627090, -1.33275473, 34.21224976, -19.96492195, 6.54779291, -69.33644867, 95.61961365, 0.65415531, -9.18314743, 0.66908914, -0.73883641, 0.05548982, 0.05797777, -0.35094112, 0.01873211, -0.20154881, 99.96700287, 113.66096497, 32.41999817, 0.00000000
1, 25.8150, 2648, 0.34052232, -1.05384183, 0.24099697, 11.43861771, -8.02325153, 38.51137543, -19.76030350, 7.04472351, -69.42414093, 95.67671204, 0.46652263, -9.24171352, 0.66879433, -0.73905861, 0.05699242, 0.05708253, -0.33214489, 0.05836584, -0.14320928, 99.96700287, 113.66096497, 32.41999817, 0.00000000
1, 25.8200, 2649, 0.31526366, -1.08242440, 0.15461916, 10.62631512, -13.55226135, 42.21062088, -19.76030350, 7.04472351, -69.42414093, 95.72981262, 0.26323265, -9.32977295, 0.66851854, -0.73923182, 0.05877359, 0.05625889, -0.31015447, 0.08715849, -0.05600037, 99.96700287, 113.66096497, 32.41999817, 0.00000000
1, 25.8450, 2650, 0.21562514, -1.08481693, 0.01694573, 16.07571602, -28.04845619, 59.04140854, -20.66647148, 6.46009922, -69.59953308, 96.04864502, -0.92766368, -10.04374981, 0.66675299, -0.74007666, 0.07046814, 0.05254835, -0.23062959, 0.09042845, 0.08680837, 99.96700287, 113.66096497, 32.41999817, 0.00000000
1, 25.8500, 2651, 0.18982971, -1.06808889, 0.02744592, 15.60466290, -29.68268204, 61.67241287, -20.66647148, 6.46009922, -69.59953308, 96.13080597, -1.21863723, -10.22357273, 0.66629142, -0.74027419, 0.07335635, 0.05166044, -0.20988643, 0.07392329, 0.07769972, 99.96700287, 113.66096497, 32.41999817, 0.00000000
1, 25.8550, 2652, 0.16846076, -1.05086195, 0.02706783, 14.87305260, -30.28236008, 64.64687347, -20.66647148, 6.10932446, -68.98567963, 96.21038818, -1.52384079, -10.40838432, 0.66585165, -0.74043244, 0.07635568, 0.05070700, -0.19379380, 0.05696529, 0.07942683, 99.96700287, 113.66096497, 32.41999817, 0.00000000
1, 25.8600, 2653, 0.14134021, -1.02756166, 0.01212838, 14.66587448, -30.30199623, 66.85732269, -20.66647148, 6.10932446, -68.98567963, 96.29003906, -1.83976924, -10.59492970, 0.66541624, -0.74056995, 0.07942569, 0.04968996, -0.17209131, 0.03399207, 0.09569965, 99.96700287, 113.66096497, 32.41999817, 0.00000000
1, 25.8650, 2654, 0.11926088, -1.00995862, 0.01589082, 15.20194912, -30.16073608, 68.43121338, -20.75416565, 7.07395506, -69.30722046, 96.37342834, -2.16333413, -10.78211498, 0.66496009, -0.74070978, 0.08254269, 0.04862016, -0.15563425, 0.01672803, 0.09331781, 99.96700287, 113.66096497, 32.41999817, 0.00000000
1, 25.8700, 2655, 0.10284659, -0.99796200, 0.05214425, 15.39995098, -28.61996078, 69.62213898, -20.75416565, 7.07395506, -69.30722046, 96.45862579, -2.49337816, -10.96280670, 0.66449815, -0.74084616, 0.08565277, 0.04746485, -0.14504120, 0.00506043, 0.05849257, 99.96700287, 113.66096497, 32.41999817, 0.00000000
1, 25.8750, 2656, 0.10012998, -0.98438573, 0.11887837, 13.74916840, -24.45548630, 69.67230988, -20.75416565, 7.07395506, -69.30722046, 96.53567505, -2.82576418, -11.12333202, 0.66409796, -0.74093491, 0.08863934, 0.04617917, -0.14828092, -0.00820844, -0.00686630, 99.96700287, 113.66096497, 32.41999817, 0.00000000
1, 25.8800, 2657, 0.11730273, -0.96701896, 0.15640308, 9.37278271, -18.74845886, 68.32176208, -20.84185982, 6.48933077, -69.45337677, 96.59026337, -3.15451765, -11.25513935, 0.66385186, -0.74090594, 0.09140722, 0.04476466, -0.17129847, -0.02522585, -0.04329998, 99.96700287, 113.66096497, 32.41999817, 0.00000000
1, 25.8850, 2658, 0.14752269, -0.92884898, 0.12273768, 4.41526842, -15.15347099, 66.22722626, -20.84185982, 6.48933077, -69.45337677, 96.61969757, -3.47486210, -11.36815834, 0.66377020, -0.74074185, 0.09399299, 0.04331394, -0.20705846, -0.06295434, -0.00892424, 99.96700287, 113.66096497, 32.41999817, 0.00000000
1, 25.8900, 2659, 0.17603660, -0.87881410, 0.07309366, 1.93768096, -16.62320709, 64.15563965, -22.06957054, 7.30780458, -69.74568939, 96.62480927, -3.70071173, -11.48375702, 0.66379952, -0.74049932, 0.09604113, 0.04251146, -0.24015906, -0.11259325, 0.04106999, 99.96700287, 113.66096497, 32.41999817, 0.00000000
1, 25.9100, 2660, 0.23506472, -0.77548838, 0.16241966, 13.90103722, -35.07638550, 52.06639481, -22.27418900, 7.45396090, -68.92721558, 96.88063049, -4.77865887, -12.20180130, 0.66238469, -0.74044073, 0.10695642, 0.03942649, -0.31774396, -0.21425584, -0.04408735, 99.96700287, 113.66096497, 32.41999817, 0.00000000
1, 25.9150, 2661, 0.18129510, -0.74696350, 0.29091105, 11.88570118, -34.40122223, 46.39463806, -22.68342590, 6.43086815, -69.33644867, 96.95758057, -4.98839521, -12.40086460, 0.66191441, -0.74050945, 0.10946855, 0.03913770, -0.26807863, -0.24250668, -0.17131981, 99.96700287, 113.66096497, 32.41999817, 0.00000000
1, 25.9200, 2662, 0.08461739, -0.73377013, 0.41140407, 8.49755096, -31.30108452, 43.70748520, -22.68342590, 6.43086815, -69.33644867, 97.01676178, -5.18646383, -12.58317184, 0.66156012, -0.74049360, 0.11179808, 0.03884235, -0.17518878, -0.25545609, -0.29095390, 99.96700287, 113.66096497, 32.41999817, 0.00000000
1, 25.9250, 2663, 0.02826240, -0.71964145, 0.42541611, 4.60527992, -30.39054489, 42.09622574, -22.68342590, 6.43086815, -69.24875641, 97.05662537, -5.37697363, -12.76020432, 0.66132963, -0.74037075, 0.11404242, 0.03858275, -0.12220827, -0.26921225, -0.30437416, 99.96700287, 113.66096497, 32.41999817, 0.00000000
1, 25.9300, 2664, -0.02259524, -0.72088182, 0.35545811, 7.53806543, -40.28626633, 43.29521942, -22.91727448, 7.13241720, -69.24875641, 97.11654663, -5.56722736, -12.98750687, 0.66095316, -0.74030560, 0.11661547, 0.03859295, -0.07447325, -0.26743454, -0.23368111, 99.96700287, 113.66096497, 32.41999817, 0.00000000
1, 25.9350, 2665, -0.16452789, -0.77304506, 0.31224936, 14.54283237, -50.94860077, 47.43859100, -22.91727448, 7.13241720, -69.24875641, 97.21783447, -5.77108049, -13.27087784, 0.66029763, -0.74039751, 0.11964062, 0.03879182, 0.06410296, -0.21466652, -0.18939131, 99.96700287, 113.66096497, 32.41999817, 0.00000000
1, 25.9400, 2666, -0.36936522, -0.85150194, 0.32947353, 22.40749359, -50.22792053, 52.19285202, -22.47880745, 7.36626720, -69.30722046, 97.40980530, -6.06848860, -13.56225872, 0.65909815, -0.74089390, 0.12327717, 0.03832286, 0.26444373, -0.13543874, -0.20460236, 99.96700287, 113.66096497, 32.41999817, 0.00000000
1, 25.9450, 2667, -0.56032097, -0.92102587, 0.36256206, 26.41737556, -42.78850555, 55.71918869, -22.47880745, 7.36626720, -69.30722046, 97.56948090, -6.31691122, -13.81170464, 0.65809971, -0.74128246, 0.12635033, 0.03795759, 0.45048553, -0.06504690, -0.23520358, 99.96700287, 113.66096497, 32.41999817, 0.00000000
1, 25.9500, 2668, -0.69741404, -0.97525966, 0.28965223, 25.22091103, -40.16143417, 59.05689621, -22.56650162, 7.51242304, -68.92721558, 97.72322083, -6.58292675, -14.05105591, 0.65715253, -0.74161494, 0.12945238, 0.03741753, 0.58322072, -0.00983344, -0.16012052, 99.96700287, 113.66096497, 32.41999817, 0.00000000
1, 25.9550, 2669, -0.76959997, -1.00234699, 0.14726855, 25.37715912, -43.16722488, 63.92561340, -22.56650162, 7.51242304, -68.92721558, 97.88116455, -6.87040663, -14.30955219, 0.65618324, -0.74191099, 0.13279684, 0.03683333, 0.65087539, 0.01841747, -0.01535824, 99.96700287, 113.66096497, 32.41999817, 0.00000000
1, 25.9900, 2670, -0.43257821, -0.96930873, 0.11121418, 30.48778152, 13.96569061, 52.28809738, -23.64805603, 4.29698896, -68.72259521, 98.89533997, -9.00190163, -14.84591007, 0.65040910, -0.74452960, 0.14845233, 0.02460770, 0.27754939, -0.00703832, 0.03828952, 99.96700287, 113.66096497, 32.41999817, 0.00000000
1, 25.9950, 2671, -0.33316892, -0.98165858, 0.14204760, 29.17535591, 7.66295147, 51.73394775, -23.64805603, 4.29698896, -68.72259521, 99.04217529, -9.26302719, -14.84792805, 0.64956063, -0.74503243, 0.14994128, 0.02270034, 0.17296287, 0.00645203, 0.01003371, 99.96700287, 113.66096497, 32.41999817, 0.00000000
1, 26.0000, 2672, -0.24677268, -0.97782636, 0.09056880, 30.89713287, 6.39606476, 51.43646622, -24.70038033, 7.48319197, -68.89797974, 99.19874573, -9.52165413, -14.85673332, 0.64864308, -0.74557972, 0.15145694, 0.02083123, 0.08223401, 0.00384269, 0.06421389, 99.96700287, 113.66096497, 32.41999817, 0.00000000
1, 26.0050, 2673, -0.18528748, -0.99381995, 0.08780173, 34.96706009, 7.91196918, 50.68469238, -24.70038033, 7.48319197, -68.89797974, 99.37444305, -9.77771091, -14.85811710, 0.64759779, -0.74624318, 0.15290760, 0.01890747, 0.01633471, 0.02105140, 0.06989782, 99.96700287, 113.66096497, 32.41999817, 0.00000000
1, 26.0100, 2674, -0.14997849, -1.02379346, 0.12785244, 37.02538300, 7.83864546, 48.65876770, -24.70038033, 7.48319197, -68.89797974, 99.56031799, -10.02367687, -14.85899925, 0.64647883, -0.74697274, 0.15429479, 0.01702979, -0.02335760, 0.05221009, 0.03288592, 99.96700287, 113.66096497, 32.41999817, 0.00000000
1, 26.0150, 2675, -0.16921698, -1.04620814, 0.18536313, 35.89649200, 3.56945086, 46.15277481, -24.67114830, 7.68781042, -68.66413116, 99.74410248, -10.25374985, -14.87997341, 0.64536166, -0.74767894, 0.15571934, 0.01536934, -0.00828681, 0.07576706, -0.02168949, 99.96700287, 113.66096497, 32.41999817, 0.00000000
1, 26.0200, 2676, -0.25596499, -1.04953527, 0.18679821, 32.23302841, -2.94363832, 43.34515381, -24.67114830, 7.68781042, -68.66413116, 99.91513824, -10.46446609, -14.93190861, 0.64431429, -0.74829155, 0.15723307, 0.01402488, 0.07475056, 0.08026374, -0.02051558, 99.96700287, 113.66096497, 32.41999817, 0.00000000
1, 26.0250, 2677, -0.28689301, -1.04566610, 0.19402339, 31.17111397, -9.41403675, 42.60856247, -24.67114830, 6.92779875, -68.31335449, 100.08702087, -10.66583347, -15.01629353, 0.64325303, -0.74887139, 0.15890354, 0.01291930, 0.10217250, 0.07752624, -0.02504184, 99.96700287, 113.66096497, 32.41999817, 0.00000000
1, 26.0300, 2678, -0.31952783, -1.04253948, 0.23051912, 31.01712990, -17.06524467, 43.51477051, -24.67114830, 6.92779875, -68.31335449, 100.26586151, -10.86472607, -15.14050579, 0.64214069, -0.74943185, 0.16081779, 0.01203878, 0.13131502, 0.07550882, -0.05873094, 99.96700287, 113.66096497, 32.41999817, 0.00000000
1, 26.0350, 2679, -0.32810515, -1.03573871, 0.27624172, 30.82249832, -18.41239929, 44.43154526, -24.67114830, 6.92779875, -68.31335449, 100.44575500, -11.06654549, -15.27302361, 0.64102173, -0.74997526, 0.16279876, 0.01117781, 0.13633224, 0.06983948, -0.10154621, 99.96700287, 113.66096497, 32.41999817, 0.00000000
1, 26.0700, 2680, -0.52708381, -0.94782317, 0.31265667, 23.81792450, -6.87068653, 31.16051292, -25.43115997, 8.68167210, -67.49488068, 101.54705048, -12.31951427, -16.02418900, 0.63418484, -0.75320399, 0.17454275, 0.00532500, 0.31354964, -0.01013145, -0.12047262, 99.96700287, 113.66096497, 32.41999817, 0.00000000
1, 26.0750, 2681, -0.50991625, -0.97523797, 0.26607233, 21.41600609, -2.93044353, 28.65609550, -26.22040367, 8.15550995, -67.81642914, 101.66390991, -12.45673275, -16.06811333, 0.63346255, -0.75357902, 0.17556754, 0.00446449, 0.29412195, 0.01828434, -0.07196932, 99.96700287, 113.66096497, 32.41999817, 0.00000000
1, 26.0800, 2682, -0.47737977, -0.98271608, 0.25555083, 18.95228386, 0.30548331, 26.45114326, -26.22040367, 8.15550995, -67.81642914, 101.76454926, -12.58636284, -16.09383011, 0.63284457, -0.75390160, 0.17642970, 0.00357756, 0.25935811, 0.02663602, -0.05970379, 99.96700287, 113.66096497, 32.41999817, 0.00000000
1, 26.0850, 2683, -0.41604981, -0.98213506, 0.25347698, 16.22109032, 5.00867081, 23.96910095, -26.22040367, 8.15550995, -67.81642914, 101.84587860, -12.70861053, -16.09358978, 0.63235116, -0.75416708, 0.17707963, 0.00262561, 0.19593927, 0.02680821, -0.05617748, 99.96700287, 113.66096497, 32.41999817, 0.00000000
1, 26.0900, 2684, -0.35924503, -0.98205268, 0.27698228, 15.60227680, 5.90353489, 22.73642921, -26.19117165, 8.38935947, -67.67027283, 101.96766663, -12.88570213, -16.10020828, 0.63160896, -0.75456059, 0.17806454, 0.00127722, 0.13654825, 0.02759851, -0.07799147, 99.96700287, 113.66096497, 32.41999817, 0.00000000
1, 26.0950, 2685, -0.30438340, -0.98605514, 0.31244090, 15.47174549, 4.83320379, 22.29195023, -26.19117165, 8.38935947, -67.67027283, 102.04515076, -12.99956417, -16.09950829, 0.63113636, -0.75481540, 0.17866346, 0.00038314, 0.07913870, 0.03244477, -0.11177997, 99.96700287, 113.66096497, 32.41999817, 0.00000000
1, 26.1000, 2686, -0.25288346, -0.98998499, 0.33369741, 15.31758499, 2.81771183, 22.03556252, -26.48348427, 8.09704781, -67.55334473, 102.12411499, -13.11007690, -16.10881424, 0.63065219, -0.75506675, 0.17930929, -0.00043634, 0.02569382, 0.03704730, -0.13169909, 99.96700287, 113.66096497, 32.41999817, 0.00000000
1, 26.1050, 2687, -0.21184435, -0.99557459, 0.34875941, 15.09188652, 0.89934087, 22.06281281, -26.48348427, 8.09704781, -67.55334473, 102.20420837, -13.21870899, -16.12795067, 0.63015962, -0.75531071, 0.18000874, -0.00119169, -0.01723643, 0.04332147, -0.14542894, 99.96700287, 113.66096497, 32.41999817, 0.00000000
1, 26.1100, 2688, -0.17919640, -1.00211132, 0.34937277, 14.40616989, -1.26180410, 21.87981987, -26.48348427, 8.09704781, -67.55334473, 102.28337097, -13.32415867, -16.15789795, 0.62967205, -0.75553632, 0.18076155, -0.00186560, -0.05169338, 0.05055877, -0.14474328, 99.96700287, 113.66096497, 32.41999817, 0.00000000
1, 26.1150, 2689, -0.16792183, -1.00462270, 0.35007554, 13.55289745, -4.29308510, 21.60811615, -26.77579689, 6.08009338, -67.02718353, 102.36181641, -13.42503357, -16.20293427, 0.62918776, -0.75573969, 0.18158865, -0.00242551, -0.06470265, 0.05375482, -0.14420646, 99.96700287, 113.66096497, 32.41999817, 0.00000000
1, 26.1400, 2690, -0.32235360, -1.00366831, 0.29435271, 6.93133593, -10.40391064, 18.39205933, -26.60040855, 7.95089149, -66.85179901, 102.73274231, -13.89433765, -16.57197762, 0.62690151, -0.75644135, 0.18647680, -0.00418200, 0.08218884, 0.05601750, -0.08337805, 99.96700287, 113.66096497, 32.41999817, 0.00000000
1, 26.1450, 2691, -0.35064322, -1.01070452, 0.29145160, 5.99340248, -9.45646000, 17.76058769, -26.60040855, 7.95089149, -66.85179901, 102.77922058, -13.97054482, -16.63954926, 0.62662190, -0.75646353, 0.18731974, -0.00440584, 0.10881110, 0.06372263, -0.07949784, 99.96700287, 113.66096497, 32.41999817, 0.00000000
1, 26.1500, 2692, -0.36146662, -1.01116896, 0.28838003, 5.40052414, -7.63478518, 17.11050987, -27.03887749, 8.44782257, -67.02718353, 102.82041168, -14.04553318, -16.69729805, 0.62637657, -0.75647366, 0.18809123, -0.00466704, 0.11836775, 0.06466150, -0.07581979, 99.96700287, 113.66096497, 32.41999817, 0.00000000
1, 26.1550, 2693, -0.36267924, -1.01356637, 0.29386449, 4.37638998, -5.46632004, 16.36903381, -27.03887749, 8.44782257, -67.02718353, 102.85370636, -14.11928082, -16.74337769, 0.62618262, -0.75646091, 0.18877912, -0.00497110, 0.11831297, 0.06748969, -0.08079501, 99.96700287, 113.66096497, 32.41999817, 0.00000000
1, 26.1600, 2694, -0.35839045, -1.01582122, 0.30577266, 3.31794810, -3.43407249, 15.48454094, -27.03887749, 8.44782257, -67.02718353, 102.87901306, -14.19094658, -16.77828789, 0.62604034, -0.75642562, 0.18938246, -0.00530919, 0.11277030, 0.07012764, -0.09231800, 99.96700287, 113.66096497, 32.41999817, 0.00000000
1, 26.1650, 2695, -0.35200170, -1.01413524, 0.31161663, 2.68740940, -1.53308892, 14.41620731, -26.71733475, 7.45396090, -67.08564758, 102.89858246, -14.25950718, -16.80245972, 0.62593442, -0.75638109, 0.18989868, -0.00567557, 0.10519569, 0.06880039, -0.09786353, 99.96700287, 113.66096497, 32.41999817, 0.00000000
1, 26.1700, 2696, -0.34713852, -1.01705277, 0.31615952, 2.19095707, 1.06367004, 13.43285561, -26.71733475, 7.45396090, -67.08564758, 102.91217041, -14.32615089, -16.81246948, 0.62586659, -0.75633025, 0.19031154, -0.00609651, 0.09918527, 0.07204988, -0.10221184, 99.96700287, 113.66096497, 32.41999817, 0.00000000
1, 26.1750, 2697, -0.34348628, -1.02373385, 0.31261340, 1.33835101, 3.62995934, 12.13784313, -27.15580177, 8.88629055, -66.35486603, 102.91792297, -14.38933849, -16.80810165, 0.62584847, -0.75626576, 0.19061173, -0.00655951, 0.09445709, 0.07903627, -0.09860249, 99.96700287, 113.66096497, 32.41999817, 0.00000000
1, 26.1800, 2698, -0.34331837, -1.03093338, 0.30396581, 0.56765044, 5.26121426, 10.64423943, -27.15580177, 8.88629055, -66.35486603, 102.91733551, -14.44707298, -16.79382133, 0.62586969, -0.75619191, 0.19081841, -0.00702903, 0.09331058, 0.08650319, -0.09001057, 99.96700287, 113.66096497, 32.41999817, 0.00000000
1, 26.1850, 2699, -0.34588802, -1.03398609, 0.29358697, 0.04840574, 6.78025150, 9.56538677, -27.15580177, 8.88629055, -66.35486603, 102.91189575, -14.50122738, -16.77064323, 0.62592089, -0.75611210, 0.19094801, -0.00751473, 0.09497908, 0.08979044, -0.07976440, 99.96700287, 113.66096497, 32.41999817, 0.00000000
1, 26.2250, 2700, -0.30170760, -0.95143664, 0.26555333, -6.36675882, 15.23762512, 3.15366745, -27.33119011, 8.65244102, -66.38409424, 102.73080444, -14.91470337, -16.37442970, 0.62719893, -0.75510246, 0.19050771, -0.01218922, 0.04379365, 0.00845991, -0.05469285, 99.96700287, 113.66096497, 32.41999817, 0.00000000
1, 26.2300, 2701, -0.29226691, -0.94558334, 0.25166652, -6.44741678, 15.87939835, 2.50399947, -27.33119011, 8.65244102, -66.38409424, 102.67868042, -14.94433403, -16.29708481, 0.62754166, -0.75489682, 0.19015855, -0.01272727, 0.03387892, 0.00256736, -0.04166376, 99.96700287, 113.66096497, 32.41999817, 0.00000000
1, 26.2350, 2702, -0.27966273, -0.94939542, 0.25883901, -5.74967003, 16.90603065, 2.06390929, -27.33119011, 8.65244102, -66.38409424, 102.62851715, -14.97285080, -16.21402168, 0.62786990, -0.75471300, 0.18976620, -0.01329267, 0.02077289, 0.00630727, -0.04966901, 99.96700287, 113.66096497, 32.41999817, 0.00000000
1, 26.2400, 2703, -0.26585475, -0.94709623, 0.26764721, -6.40634346, 18.16512871, 1.61154914, -27.15580177, 8.82782841, -66.76410675, 102.63225555, -14.99956322, -16.14071465, 0.62784308, -0.75481087, 0.18942258, -0.01388182, 0.00647999, 0.00402605, -0.05886150, 99.96700287, 113.66096497, 32.41999817, 0.00000000
1, 26.2450, 2704, -0.26441261, -0.95485210, 0.25746572, -6.99262619, 19.46216393, 1.05404055, -27.15580177, 8.82782841, -66.76410675, 102.57214355, -15.02586269, -16.04355621, 0.62823331, -0.75459880, 0.18892772, -0.01449353, 0.00462327, 0.01180279, -0.04921094, 99.96700287, 113.66096497, 32.41999817, 0.00000000
1, 26.2500, 2705, -0.27932808, -0.96024776, 0.26032388, -6.18692827, 20.51121140, 1.17394555, -27.24349594, 8.79859638, -66.82256317, 102.51464844, -15.05377769, -15.94118214, 0.62860501, -0.75440639, 0.18840727, -0.01514964, 0.01907592, 0.01709924, -0.05310172, 99.96700287, 113.66096497, 32.41999817, 0.00000000
1, 26.2550, 2706, -0.29598975, -0.96947896, 0.26760706, -5.04203606, 22.95327759, 1.42789209, -27.24349594, 8.79859638, -66.82256317, 102.45970154, -15.08543587, -15.82669449, 0.62895828, -0.75424111, 0.18782698, -0.01590231, 0.03519703, 0.02625449, -0.06138024, 99.96700287, 113.66096497, 32.41999817, 0.00000000
1, 26.2600, 2707, -0.30095550, -0.98278999, 0.26055625, -4.77554035, 24.42111778, 1.31927752, -27.74042702, 8.79859638, -66.58871460, 102.40402222, -15.11804008, -15.70461655, 0.62931436, -0.75408208, 0.18720250, -0.01670241, 0.03963277, 0.03952038, -0.05530496, 99.96700287, 113.66096497, 32.41999817, 0.00000000
1, 26.2650, 2708, -0.30307454, -0.98737919, 0.25105670, -5.32625389, 25.84436417, 1.32515955, -27.74042702, 8.79859638, -66.58871460, 102.34363556, -15.15205765, -15.57528687, 0.62969923, -0.75390601, 0.18653913, -0.01754491, 0.04120803, 0.04406166, -0.04682248, 99.96700287, 113.66096497, 32.41999817, 0.00000000
1, 26.2700, 2709, -0.30913186, -0.98519075, 0.24844719, -6.13878822, 28.21774673, 0.83123845, -27.74042702, 8.79859638, -66.58871460, 102.27581024, -15.18604660, -15.43334389, 0.63012969, -0.75370866, 0.18579465, -0.01844519, 0.04669903, 0.04179249, -0.04534011, 99.96700287, 113.66096497, 32.41999817, 0.00000000
1, 26.3100, 2710, -0.23850450, -0.99137378, 0.26333916, -6.28473806, 51.69622803, -0.74546707, -28.06196976, 7.27857351, -67.55334473, 101.58840942, -15.49440765, -13.76325130, 0.63434184, -0.75206649, 0.17659338, -0.02865644, -0.02909407, 0.04695874, -0.07154228, 99.96700287, 113.66096497, 32.41999817, 0.00000000
1, 26.3150, 2711, -0.21729082, -0.97284746, 0.25573906, -6.58326435, 52.93847656, -0.36153519, -28.06196976, 7.27857351, -67.55334473, 101.48334503, -15.54522228, -13.49364567, 0.63496470, -0.75181943, 0.17512174, -0.03033082, -0.05113386, 0.02832251, -0.06562851, 99.96700287, 113.66096497, 32.41999817, 0.00000000
1, 26.3200, 2712, -0.19376633, -0.95798624, 0.24004029, -6.44341898, 53.17923355, -0.18231606, -28.06196976, 7.27857351, -67.55334473, 101.37842560, -15.59667587, -13.22282982, 0.63558102, -0.75157034, 0.17364806, -0.03201899, -0.07548025, 0.01337150, -0.05162368, 99.96700287, 113.66096497, 32.41999817, 0.00000000
1, 26.3250, 2713, -0.16885290, -0.94006956, 0.21935549, -6.08757687, 53.27515030, 0.30617082, -28.90967560, 8.59397793, -66.99795532, 101.27500153, -15.65014076, -12.95184994, 0.63618231, -0.75132322, 0.17218626, -0.03372639, -0.10123374, -0.00461143, -0.03261126, 99.96700287, 113.66096497, 32.41999817, 0.00000000
1, 26.3300, 2714, -0.15021995, -0.93012738, 0.21857974, -5.09076309, 53.40156555, 1.20785177, -28.90967560, 8.59397793, -66.99795532, 101.17636871, -15.70767784, -12.68096447, 0.63674688, -0.75109291, 0.17074801, -0.03547025, -0.12080953, -0.01461979, -0.03347109, 99.96700287, 113.66096497, 32.41999817, 0.00000000
1, 26.3350, 2715, -0.13751121, -0.93162763, 0.22816677, -4.34247255, 53.42800903, 1.82989585, -28.79274940, 8.71090317, -66.79333496, 101.08127594, -15.76785088, -12.41037941, 0.63728273, -0.75087452, 0.16932723, -0.03723763, -0.13454747, -0.01316880, -0.04466210, 99.96700287, 113.66096497, 32.41999817, 0.00000000
1, 26.3400, 2716, -0.13241369, -0.93780303, 0.23428454, -4.18116331, 51.98709488, 2.42443681, -28.79274940, 8.71090317, -66.79333496, 101.01570129, -15.76263714, -12.15404606, 0.63762784, -0.75089443, 0.16764125, -0.03853216, -0.14012325, -0.00713210, -0.05211606, 99.96700287, 113.66096497, 32.41999817, 0.00000000
1, 26.3450, 2717, -0.13135616, -0.93982840, 0.22324587, -4.51563740, 50.43066025, 3.30295324, -28.79274940, 8.71090317, -66.79333496, 100.92400360, -15.82648563, -11.89994907, 0.63813746, -0.75065875, 0.16635104, -0.04024151, -0.14165643, -0.00520033, -0.04239991, 99.96700287, 113.66096497, 32.41999817, 0.00000000
1, 26.4200, 2718, -0.10663300, -0.98048031, 0.14988913, -5.56304598, 34.46541595, 18.04323959, -31.51125336, 8.24320412, -67.08564758, 99.59060669, -17.18862915, -8.67204189, 0.64507431, -0.74571234, 0.15328354, -0.06554797, -0.18876299, 0.03814910, 0.00774134, 99.96700287, 113.66096497, 32.41999817, 0.00000000
1, 26.4250, 2719, -0.08148064, -0.98848951, 0.17485726, -5.89091539, 32.57317734, 19.86007690, -31.89126015, 5.96316862, -67.49488068, 99.51658630, -17.31342125, -8.52092171, 0.64542484, -0.74532109, 0.15302721, -0.06712767, -0.21602708, 0.04653716, -0.01850844, 99.96700287, 113.66096497, 32.41999817, 0.00000000
1, 26.4300, 2720, -0.07225481, -1.00150990, 0.16460663, -5.76829290, 31.75494576, 22.08235168, -31.89126015, 5.96316862, -67.49488068, 99.44461823, -17.44832420, -8.37566853, 0.64575744, -0.74491870, 0.15286539, -0.06874407, -0.22743104, 0.06005453, -0.00955870, 99.96700287, 113.66096497, 32.41999817, 0.00000000
1, 26.4350, 2721, -0.09208470, -1.01687837, 0.12378921, -5.80928230, 32.58481598, 23.78516006, -32.24203491, 8.30166626, -67.61180878, 99.37121582, -17.59210968, -8.22725964, 0.64608955, -0.74449939, 0.15273489, -0.07043505, -0.20985848, 0.07602403, 0.02986532, 99.96700287, 113.66096497, 32.41999817, 0.00000000
1, 26.4400, 2722, -0.09376718, -1.02532279, 0.11797815, -5.77370262, 32.96280670, 25.47621918, -32.24203491, 8.30166626, -67.61180878, 99.28140259, -17.64883423, -8.07064342, 0.64655334, -0.74412102, 0.15208498, -0.07157438, -0.20986462, 0.08478879, 0.03422012, 99.96700287, 113.66096497, 32.41999817, 0.00000000
1, 26.4450, 2723, -0.06414673, -1.02468944, 0.13702808, -5.16189480, 32.75327301, 27.18099594, -32.24203491, 8.30166626, -67.61180878, 99.21115875, -17.80911827, -7.92359591, 0.64685047, -0.74369347, 0.15205647, -0.07337104, -0.24137053, 0.08449289, 0.01385796, 99.96700287, 113.66096497, 32.41999817, 0.00000000
1, 26.4500, 2724, -0.03063602, -1.01965475, 0.10269567, -5.46330833, 31.62631035, 29.05078888, -32.47588348, 8.03858471, -67.99181366, 99.14118958, -17.97757339, -7.78361464, 0.64714158, -0.74324602, 0.15212090, -0.07518175, -0.27755857, 0.08020748, 0.04699396, 99.96700287, 113.66096497, 32.41999817, 0.00000000
1, 26.4550, 2725, -0.00932922, -1.00757849, 0.05366014, -5.77445412, 31.36373138, 31.18667412, -32.47588348, 8.03858471, -67.99181366, 99.07017517, -18.15621567, -7.64640379, 0.64743131, -0.74277413, 0.15226242, -0.07704218, -0.30166548, 0.06896380, 0.09478900, 99.96700287, 113.66096497, 32.41999817, 0.00000000
1, 26.4600, 2726, 0.02704241, -0.99744630, 0.04298877, -5.42829943, 29.74263000, 33.56222534, -33.35282135, 7.57088566, -67.93334961, 99.00360107, -18.34516907, -7.51919222, 0.64768863, -0.74229878, 0.15252489, -0.07891935, -0.34110010, 0.05967447, 0.10429107, 99.96700287, 113.66096497, 32.41999817, 0.00000000
1, 26.4650, 2727, 0.05749260, -0.99112558, 0.06099439, -5.10367298, 27.15969467, 36.82648468, -33.35282135, 7.57088566, -67.93334961, 98.94329071, -18.54811287, -7.40772676, 0.64790398, -0.74181712, 0.15296428, -0.08080729, -0.37489170, 0.05424836, 0.08519424, 99.96700287, 113.66096497, 32.41999817, 0.00000000
1, 26.5000, 2728, -0.14523606, -1.15827334, 0.11393569, -7.15170336, 16.41839790, 60.01139450, -33.73282623, 7.74627304, -67.31949615, 98.57985687, -20.35189629, -7.03713989, 0.64898103, -0.73761743, 0.16080299, -0.09426890, -0.20156269, 0.23056762, 0.02394873, 99.96700287, 113.66096497, 32.41999817, 0.00000000
1, 26.5050, 2729, -0.14628577, -1.17743218, 0.14101705, -6.99815750, 18.81656456, 61.74910355, -33.73282623, 7.74627304, -67.31949615, 98.52782440, -20.67121124, -6.98629808, 0.64907748, -0.73690975, 0.16228178, -0.09657751, -0.20576146, 0.25146630, -0.00427952, 99.96700287, 113.66096497, 32.41999817, 0.00000000
1, 26.5100, 2730, -0.14085962, -1.18602550, 0.15656225, -7.51246214, 20.39081764, 62.73958206, -34.87284470, 8.15550995, -67.11487579, 98.47011566, -20.99653625, -6.92746925, 0.64919209, -0.73616767, 0.16374859, -0.09896034, -0.21651599, 0.26188064, -0.02103005, 99.96700287, 113.66096497, 32.41999817, 0.00000000
1, 26.5150, 2731, -0.13880919, -1.17803133, 0.15124664, -8.02383423, 21.72140694, 63.72421646, -34.87284470, 8.15550995, -67.11487579, 98.40708160, -21.32764626, -6.86183786, 0.64932281, -0.73539221, 0.16520998, -0.10140942, -0.22392029, 0.25579423, -0.01699226, 99.96700287, 113.66096497, 32.41999817, 0.00000000
1, 26.5200, 2732, -0.13153529, -1.16925657, 0.15838222, -8.18711185, 23.77614212, 65.14231110, -34.87284470, 8.15550995, -67.11487579, 98.33910370, -21.66718292, -6.78582716, 0.64946133, -0.73458636, 0.16665778, -0.10396254, -0.23669113, 0.24897486, -0.02548477, 99.96700287, 113.66096497, 32.41999817, 0.00000000
1, 26.5250, 2733, -0.09649277, -1.15198469, 0.16565526, -8.38060760, 25.53624153, 67.21975708, -35.31131363, 7.13241720, -67.34872437, 98.26661682, -22.01816940, -6.70138359, 0.64960307, -0.73374486, 0.16812119, -0.10662861, -0.27738410, 0.23374823, -0.03411103, 99.96700287, 113.66096497, 32.41999817, 0.00000000
1, 26.5300, 2734, -0.07619394, -1.14280140, 0.15696198, -8.66352177, 25.83592415, 69.15836334, -35.31131363, 7.13241720, -67.34872437, 98.19194031, -22.37887001, -6.61613512, 0.64974022, -0.73287237, 0.16963780, -0.10935619, -0.30345458, 0.22673601, -0.02687926, 99.96700287, 113.66096497, 32.41999817, 0.00000000
1, 26.5350, 2735, -0.04505110, -1.13454008, 0.14104663, -8.55345631, 26.15637970, 71.82856750, -36.24671173, 8.59397793, -67.26103210, 98.11719513, -22.75290489, -6.53046274, 0.64985621, -0.73197407, 0.17122814, -0.11216950, -0.34054622, 0.22078073, -0.01242274, 99.96700287, 113.66096497, 32.41999817, 0.00000000
1, 26.5400, 2736, -0.02826979, -1.13219857, 0.14942063, -8.79452229, 25.99719429, 74.03613281, -36.24671173, 8.59397793, -67.26103210, 98.03993225, -23.05287933, -6.44382524, 0.65003324, -0.73117870, 0.17240845, -0.11449870, -0.36281103, 0.22052933, -0.02228278, 99.96700287, 113.66096497, 32.41999817, 0.00000000
1, 26.5450, 2737, -0.01991082, -1.13746011, 0.15439156, -9.55898190, 24.99783897, 76.23033905, -36.24671173, 8.59397793, -67.26103210, 97.96243286, -23.44772339, -6.36617231, 0.65013635, -0.73020959, 0.17417312, -0.11739065, -0.37679997, 0.22798941, -0.02882211, 99.96700287, 113.66096497, 32.41999817, 0.00000000
1, 26.5700, 2738, -0.01077471, -1.17959917, 0.15656428, -11.70440483, 19.09135818, 85.05516815, -38.38058853, 8.74013424, -68.19643402, 97.57438660, -25.54808044, -6.08226013, 0.65047038, -0.72488683, 0.18439476, -0.13200793, -0.41916823, 0.28421816, -0.03919633, 99.96700287, 113.66096497, 32.41999817, 0.00000000
1, 26.5750, 2739, 0.00527927, -1.19120073, 0.17541665, -11.97622108, 18.48434067, 87.04212952, -38.38058853, 7.48319197, -68.19643402, 97.49855804, -25.99175262, -6.04311609, 0.65048587, -0.72373980, 0.18668549, -0.13497190, -0.44221115, 0.29893798, -0.05964841, 99.96700287, 113.66096497, 32.41999817, 0.00000000
1, 26.5800, 2740, 0.02847756, -1.21277118, 0.20965983, -12.67646027, 18.13864899, 89.60161591, -38.38058853, 7.48319197, -68.19643402, 97.42029572, -26.44783592, -6.00689840, 0.65049511, -0.72254294, 0.18906786, -0.13798994, -0.47258615, 0.32373971, -0.09552738, 99.96700287, 113.66096497, 32.41999817, 0.00000000
1, 26.5850, 2741, 0.03452234, -1.22410512, 0.22077496, -12.99389076, 18.30378151, 91.32714844, -38.99444580, 7.62934828, -68.07950592, 97.33994293, -26.91254807, -5.97013044, 0.65049452, -0.72130990, 0.19149862, -0.14105743, -0.48587903, 0.33847594, -0.10833982, 99.96700287, 113.66096497, 32.41999817, 0.00000000
1, 26.5900, 2742, 0.03471144, -1.24196792, 0.22303271, -13.15130138, 19.96561050, 93.15642548, -38.99444580, 7.62934828, -68.07950592, 97.26393890, -27.30753517, -5.92688370, 0.65051633, -0.72023058, 0.19350034, -0.14371510, -0.49280673, 0.35958058, -0.11228960, 99.96700287, 113.66096497, 32.41999817, 0.00000000
1, 26.5950, 2743, 0.02799677, -1.25550056, 0.20699286, -12.92831230, 22.34628105, 94.19178772, -39.84215164, 8.88629055, -67.67027283, 97.17311859, -27.78886604, -5.86774015, 0.65050870, -0.71892744, 0.19589938, -0.14698708, -0.49286732, 0.37648675, -0.09804158, 99.96700287, 113.66096497, 32.41999817, 0.00000000
1, 26.6000, 2744, 0.03864334, -1.26103640, 0.19700725, -11.96237659, 25.04771614, 95.19028473, -39.84215164, 8.88629055, -67.67027283, 97.07931519, -28.27671814, -5.79294825, 0.65047562, -0.71761256, 0.19824301, -0.15037762, -0.51098406, 0.38579994, -0.08995453, 99.96700287, 113.66096497, 32.41999817, 0.00000000
1, 26.6050, 2745, 0.05531303, -1.27549827, 0.18925488, -9.82747650, 28.17397499, 96.32424927, -39.84215164, 8.88629055, -67.67027283, 96.98698425, -28.77194977, -5.70001841, 0.65038288, -0.71631449, 0.20051518, -0.15391366, -0.53520834, 0.40416330, -0.08410625, 99.96700287, 113.66096497, 32.41999817, 0.00000000
1, 26.6100, 2746, 0.08576317, -1.28992403, 0.19087340, -8.06139088, 32.44075012, 97.70040131, -40.51446915, 8.97398376, -67.87489319, 96.89082336, -29.27640343, -5.58243704, 0.65025008, -0.71501178, 0.20269312, -0.15763423, -0.57333261, 0.42261428, -0.08761844, 99.96700287, 113.66096497, 32.41999817, 0.00000000
1, 26.6150, 2747, 0.12710497, -1.30946934, 0.17315887, -7.39606953, 36.68436432, 99.65084839, -40.51446915, 8.97398376, -67.87489319, 96.78502655, -29.79283524, -5.44033957, 0.65010691, -0.71366680, 0.20480224, -0.16154502, -0.62243569, 0.44636881, -0.07191781, 99.96700287, 113.66096497, 32.41999817, 0.00000000
1, 26.6450, 2748, 0.24376404, -1.30107510, 0.10259631, -6.33223295, 70.17900848, 116.69988251, -43.72990417, 9.38322163, -68.86875153, 95.83264923, -33.15121078, -3.97538996, 0.64932120, -0.70426553, 0.21575637, -0.18931776, -0.78860307, 0.46662658, -0.01807209, 99.96700287, 113.66096497, 32.41999817, 0.00000000
1, 26.6500, 2749, 0.29104516, -1.27611554, 0.07954738, -5.26069212, 79.34289551, 119.88409424, -43.72990417, 9.38322163, -68.86875153, 95.58557892, -33.78663254, -3.57241821, 0.64922053, -0.70232648, 0.21721995, -0.19510464, -0.84502280, 0.44736695, 0.00105151, 99.96700287, 113.66096497, 32.41999817, 0.00000000
1, 26.6550, 2750, 0.37499553, -1.26348984, 0.06712836, -3.72179961, 88.37647247, 124.32115173, -43.72990417, 9.38322163, -68.86875153, 95.30973053, -34.44680023, -3.11104989, 0.64909315, -0.70028305, 0.21854042, -0.20130034, -0.93840218, 0.44072801, 0.00921043, 99.96700287, 113.66096497, 32.41999817, 0.00000000
1, 26.6600, 2751, 0.45165628, -1.26946437, 0.08601380, -0.32285663, 96.58524323, 128.96022034, -45.07453918, 9.99707699, -69.42414093, 95.01509857, -35.13173676, -2.59467959, 0.64886892, -0.69818735, 0.21972910, -0.20790081, -1.02486348, 0.45299691, -0.01426209, 99.96700287, 113.66096497, 32.41999817, 0.00000000
1, 26.6650, 2752, 0.53694552, -1.27500319, 0.12784149, 2.18232512, 102.02191925, 132.66825867, -45.07453918, 9.99707699, -69.42414093, 94.70455170, -35.83513260, -2.03807926, 0.64855343, -0.69604212, 0.22084212, -0.21478505, -1.12021494, 0.46511871, -0.06084322, 99.96700287, 113.66096497, 32.41999817, 0.00000000
1, 26.6700, 2753, 0.59672743, -1.30719352, 0.14024957, 4.01644230, 103.98474121, 135.74124146, -46.62379456, 10.64016342, -69.71645355, 94.38555908, -36.55208969, -1.46103823, 0.64813691, -0.69386309, 0.22196326, -0.22182193, -1.19010353, 0.50422823, -0.07821701, 99.96700287, 113.66096497, 32.41999817, 0.00000000
1, 26.6750, 2754, 0.58765531, -1.33652806, 0.14279664, 6.49385023, 102.59150696, 138.09509277, -46.62379456, 10.64016342, -69.71645355, 94.07279205, -37.27767181, -0.88338244, 0.64757258, -0.69170612, 0.22315820, -0.22889486, -1.19116592, 0.54076409, -0.08580378, 99.96700287, 113.66096497, 32.41999817, 0.00000000
1, 26.6800, 2755, 0.56097835, -1.37357199, 0.13984269, 10.67929363, 100.54417419, 137.81776428, -46.62379456, 10.64016342, -69.71645355, 93.77656555, -37.99867249, -0.30807835, 0.64682865, -0.68965185, 0.22434820, -0.23592579, -1.17449033, 0.58517253, -0.08765103, 99.96700287, 113.66096497, 32.41999817, 0.00000000
1, 26.6850, 2756, 0.41208321, -1.35376894, 0.10834809, 9.07044125, 95.34111786, 137.78433228, -47.47150040, 12.04326248, -70.27185059, 93.48072815, -38.71557236, 0.24451432, 0.64604688, -0.68756837, 0.22568892, -0.24277103, -1.03537011, 0.57288945, -0.06105150, 99.96700287, 113.66096497, 32.41999817, 0.00000000
1, 26.6900, 2757, 0.16608481, -1.34103298, 0.07515063, 9.71547127, 86.08505249, 137.62559509, -47.47150040, 12.04326248, -70.27185059, 93.21373749, -39.36439133, 0.74935597, 0.64524859, -0.68570065, 0.22690444, -0.24896473, -0.79854774, 0.56743318, -0.03263082, 99.96700287, 113.66096497, 32.41999817, 0.00000000
1, 26.7300, 2758, -0.50630599, -1.39693975, 0.21597700, -9.65523434, 72.19569397, 146.33921814, -51.85618210, 11.34171295, -71.06109619, 91.30123901, -45.24739075, 3.98041368, 0.63530010, -0.66900551, 0.24581613, -0.29732126, -0.20210537, 0.69045860, -0.20223719, 99.96700287, 113.66096497, 32.41999817, 0.00000000
1, 26.7350, 2759, -0.56152755, -1.32602894, 0.07031454, -8.75896931, 74.60156250, 146.56042480, -52.52849960, 13.18327999, -71.17801666, 90.89126587, -45.98670197, 4.49532509, 0.63443154, -0.66621375, 0.24811906, -0.30346814, -0.15559354, 0.62888932, -0.06181084, 99.96700287, 113.66096497, 32.41999817, 0.00000000
1, 26.7400, 2760, -0.55965900, -1.29896164, -0.07215215, -0.14342551, 67.48988342, 144.07295227, -52.52849960, 13.18327999, -71.17801666, 90.53675842, -46.67533875, 4.98098612, 0.63336813, -0.66378856, 0.25019699, -0.30924296, -0.16569439, 0.61093020, 0.07609863, 99.96700287, 113.66096497, 32.41999817, 0.00000000
1, 26.7450, 2761, -0.56254387, -1.32836831, -0.10334104, 12.85488129, 53.92790222, 141.97184753, -53.63928604, 16.57410049, -71.61648560, 90.31774139, -47.38657379, 5.37060308, 0.63164878, -0.66185963, 0.25262430, -0.31486937, -0.17105007, 0.64923835, 0.10409065, 99.96700287, 113.66096497, 32.41999817, 0.00000000
1, 26.7500, 2762, -0.60921556, -1.44857228, -0.01371925, 19.61475945, 46.94504547, 137.79348755, -53.63928604, 16.57410049, -71.61648560, 90.16120911, -48.07587814, 5.71697760, 0.62968808, -0.66023052, 0.25502047, -0.32023925, -0.13277270, 0.77822006, 0.01218196, 99.96700287, 113.66096497, 32.41999817, 0.00000000
1, 26.7550, 2763, -0.53153491, -1.45772123, 0.18794599, 6.99873161, 56.26800919, 117.67078400, -53.63928604, 16.57410049, -71.61648560, 89.88024902, -48.66381836, 6.14155197, 0.62845355, -0.65832281, 0.25675040, -0.32517153, -0.21813381, 0.79506606, -0.19215611, 99.96700287, 113.66096497, 32.41999817, 0.00000000
1, 26.7600, 2764, -0.42126200, -1.33473575, 0.33009848, -5.08127403, 58.49326324, 106.17017365, -55.36392975, 17.59719276, -72.61034393, 89.51641083, -49.19271088, 6.59221554, 0.62773508, -0.65616071, 0.25825399, -0.32970709, -0.33500123, 0.67899024, -0.33776939, 99.96700287, 113.66096497, 32.41999817, 0.00000000
1, 26.7650, 2765, -0.33460322, -1.18348944, 0.35905015, -15.84149742, 55.19039154, 97.64064026, -55.36392975, 17.59719276, -72.61034393, 89.10832977, -49.67732239, 7.02672815, 0.62739366, -0.65382951, 0.25975338, -0.33378491, -0.42736152, 0.53429109, -0.37074491, 99.96700287, 113.66096497, 32.41999817, 0.00000000
1, 26.7700, 2766, -0.28274423, -1.05170572, 0.29005128, -21.42786217, 45.28054047, 91.97235107, -56.15317154, 18.62028694, -72.66880798, 88.72229767, -50.13270950, 7.39284563, 0.62716740, -0.65153873, 0.26143903, -0.33735442, -0.48425359, 0.40885329, -0.30575901, 99.96700287, 113.66096497, 32.41999817, 0.00000000
1, 26.7750, 2767, -0.30493727, -0.92396736, 0.21028222, -24.75813675, 31.30016708, 86.91441345, -56.15317154, 18.62028694, -72.66880798, 88.39679718, -50.56324387, 7.65624332, 0.62693870, -0.64940721, 0.26340878, -0.34034419, -0.46673769, 0.28719360, -0.22949800, 99.96700287, 113.66096497, 32.41999817, 0.00000000
1, 26.8450, 2768, -0.36589345, -0.31013298, 0.15217318, -14.61296844, -80.62580872, -42.00028610, -57.08856964, 19.11721611, -72.31803131, 89.90280914, -52.15333176, 4.43361092, 0.62317824, -0.64614731, 0.28630957, -0.33491716, -0.42473236, -0.30290121, -0.15586233, 99.96700287, 113.66096497, 32.41999817, 0.00000000
1, 26.8500, 2769, -0.37288925, -0.28199795, 0.15190294, -13.74422741, -90.12010956, -52.54298782, -57.08856964, 19.11721611, -72.31803131, 90.41027069, -51.89029694, 3.70182419, 0.62320107, -0.64773554, 0.28748593, -0.33077338, -0.41506544, -0.33446056, -0.15028642, 99.96700287, 113.66096497, 32.41999817, 0.00000000
1, 26.8550, 2770, -0.37431130, -0.24462733, 0.14924587, -12.95317268, -101.92356873, -62.68406677, -57.08856964, 19.11721611, -72.31803131, 90.98651123, -51.57168198, 2.88439250, 0.62318492, -0.64962643, 0.28867945, -0.32602185, -0.41034859, -0.37594587, -0.14149910, 99.96700287, 113.66096497, 32.41999817, 0.00000000
1, 26.8600, 2771, -0.38305044, -0.20527841, 0.12490500, -12.52342701, -113.90545654, -75.69905853, -56.97164536, 19.84799767, -71.44110107, 91.62567139, -51.18138123, 1.98498642, 0.62317121, -0.65184224, 0.28981617, -0.32057136, -0.39754063, -0.42015004, -0.11022952, 99.96700287, 113.66096497, 32.41999817, 0.00000000
1, 26.8650, 2772, -0.38027331, -0.19724759, 0.10859264, -11.45405674, -125.40538788, -86.78285980, -56.97164536, 19.84799767, -71.44110107, 92.32244110, -50.72727203, 1.01272154, 0.62311214, -0.65436089, 0.29092526, -0.31449261, -0.39547777, -0.43385822, -0.08633007, 99.96700287, 113.66096497, 32.41999817, 0.00000000
1, 26.8700, 2773, -0.36836219, -0.19318327, 0.08700820, -9.45345974, -141.10467529, -101.09824371, -56.06547546, 19.43876076, -70.71031952, 93.09974670, -50.19019318, -0.05810143, 0.62296164, -0.65729696, 0.29201168, -0.30758518, -0.40157443, -0.44451502, -0.05590066, 99.96700287, 113.66096497, 32.41999817, 0.00000000
1, 26.8750, 2774, -0.36105534, -0.19843261, 0.08858105, -7.83187151, -148.46842957, -113.07193756, -56.06547546, 19.43876076, -70.71031952, 93.89895630, -49.58184052, -1.15612280, 0.62279344, -0.66048717, 0.29291630, -0.30014211, -0.40226415, -0.44664037, -0.04810699, 99.96700287, 113.66096497, 32.41999817, 0.00000000
1, 26.8800, 2775, -0.36003590, -0.20574656, 0.11194163, -6.03950357, -152.15472412, -124.36426544, -56.06547546, 19.43876076, -69.97953796, 94.69476318, -48.90598297, -2.24851942, 0.62263107, -0.66387188, 0.29355234, -0.29228699, -0.39585412, -0.44743150, -0.06181179, 99.96700287, 113.66096497, 32.41999817, 0.00000000
1, 26.8850, 2776, -0.35489294, -0.21962208, 0.16152254, -4.69460821, -153.94869995, -134.83465576, -54.42852783, 18.06489372, -69.97953796, 95.47119141, -48.16746521, -3.31808496, 0.62249327, -0.66739875, 0.29389504, -0.28408945, -0.39279208, -0.44231987, -0.10162227, 99.96700287, 113.66096497, 32.41999817, 0.00000000
1, 26.8900, 2777, -0.33876064, -0.22823268, 0.21183965, -3.99789310, -154.86587524, -144.32946777, -54.42852783, 18.06489372, -69.97953796, 96.25579071, -47.37688065, -4.38411283, 0.62222743, -0.67114007, 0.29405057, -0.27556920, -0.39994454, -0.44294760, -0.14191557, 99.96700287, 113.66096497, 32.41999817, 0.00000000
1, 26.9400, 2778, -0.29058057, -0.48618379, 0.21015669, -26.55402946, -73.88081360, -244.53451538, -48.93305969, 14.82022762, -67.84565735, 99.54524994, -36.77735519, -10.37656307, 0.63211501, -0.70311093, 0.26841336, -0.18444504, -0.31313324, -0.30070475, -0.07945685, 99.96700287, 113.66096497, 32.41999817, 0.00000000
1, 26.9450, 2779, -0.41271418, -0.55961311, 0.17022777, -25.47216988, -65.27176666, -253.14117432, -46.79918289, 12.80327415, -67.14411163, 99.49852753, -35.47559738, -10.51853371, 0.63414031, -0.70583659, 0.26265672, -0.17513524, -0.17270343, -0.24053384, -0.03813477, 99.96700287, 113.66096497, 32.41999817, 0.00000000
1, 26.9500, 2780, -0.49140146, -0.62518144, 0.14075960, -25.30193329, -57.18350983, -259.22491455, -46.79918289, 12.80327415, -67.14411163, 99.41840363, -34.15055466, -10.60534382, 0.63621557, -0.70848042, 0.25645268, -0.16588387, -0.07510309, -0.18817085, -0.00782170, 99.96700287, 113.66096497, 32.41999817, 0.00000000
1, 26.9550, 2781, -0.54713982, -0.67969215, 0.17783031, -24.59409332, -54.82087326, -263.10345459, -44.54837799, 11.95556831, -67.40718842, 99.33080292, -32.80837250, -10.67537117, 0.63823682, -0.71107262, 0.25002301, -0.15658264, -0.00005420, -0.14674631, -0.04423293, 99.96700287, 113.66096497, 32.41999817, 0.00000000
1, 26.9600, 2782, -0.57198125, -0.71834695, 0.21620657, -25.32159805, -54.00552368, -265.42324829, -44.54837799, 11.95556831, -67.40718842, 99.23526764, -31.45549774, -10.73994637, 0.64021617, -0.71356493, 0.24346876, -0.14721209, 0.04457842, -0.12086391, -0.08204196, 99.96700287, 113.66096497, 32.41999817, 0.00000000
1, 26.9650, 2783, -0.58765745, -0.73630452, 0.23758905, -26.31101799, -51.95597076, -267.00921631, -44.54837799, 11.95556831, -67.40718842, 99.12762451, -30.09652901, -10.79314137, 0.64216787, -0.71593207, 0.23677990, -0.13782962, 0.08048749, -0.11527786, -0.10307290, 99.96700287, 113.66096497, 32.41999817, 0.00000000
1, 26.9700, 2784, -0.56930286, -0.75102878, 0.22642413, -25.75506973, -45.42577744, -268.96377563, -43.11604691, 11.57556248, -67.55334473, 99.00386810, -28.73307228, -10.81000137, 0.64408970, -0.71819413, 0.22980958, -0.12858197, 0.08280320, -0.11247361, -0.09180883, 99.96700287, 113.66096497, 32.41999817, 0.00000000
1, 26.9750, 2785, -0.53573960, -0.77094483, 0.21790056, -24.92949677, -37.92486191, -272.09042358, -43.11604691, 11.57556248, -67.55334473, 98.86428070, -27.35996246, -10.78546715, 0.64598650, -0.72036469, 0.22249261, -0.11947054, 0.07030946, -0.10410751, -0.08353874, 99.96700287, 113.66096497, 32.41999817, 0.00000000
1, 27.0150, 2786, -0.28022668, -0.89333677, 0.13013637, -18.50213242, -5.15220165, -313.41867065, -36.68518066, 8.68167210, -67.81642914, 97.35249329, -15.62054253, -9.45544434, 0.66037351, -0.73409653, 0.15074968, -0.04778859, 0.00408010, -0.06008454, -0.00870925, 99.96700287, 113.66096497, 32.41999817, 0.00000000
1, 27.0200, 2787, -0.32916519, -0.94433200, 0.12139089, -12.89955330, -7.61639071, -317.61474609, -34.52206802, 4.85238218, -67.78719330, 97.24131775, -14.04041481, -9.28863621, 0.66135716, -0.73573703, 0.14082702, -0.03828290, 0.07955132, -0.01649020, -0.00126904, 99.96700287, 113.66096497, 32.41999817, 0.00000000
1, 27.0250, 2788, -0.36395577, -0.99804115, 0.13751172, -5.58158588, -10.69860840, -321.56701660, -34.52206802, 4.85238218, -67.78719330, 97.17506409, -12.43841934, -9.13869381, 0.66196483, -0.73747474, 0.13082655, -0.02860094, 0.14138280, 0.03050794, -0.01804962, 99.96700287, 113.66096497, 32.41999817, 0.00000000
1, 27.0300, 2789, -0.38016176, -1.09174895, 0.16669007, 0.67317361, -13.81952477, -324.27984619, -32.03741455, 7.24934244, -67.64103699, 97.14744568, -10.82085896, -9.00504589, 0.66222548, -0.73926574, 0.12079456, -0.01877025, 0.18508002, 0.11826525, -0.04727151, 99.96700287, 113.66096497, 32.41999817, 0.00000000
1, 27.0350, 2790, -0.37357795, -1.18715453, 0.21531990, 15.54630852, -24.16906357, -328.95718384, -32.03741455, 7.24934244, -67.64103699, 97.20642853, -9.17355728, -8.92092609, 0.66182119, -0.74136817, 0.11087386, -0.00854379, 0.20651300, 0.20853986, -0.09480438, 99.96700287, 113.66096497, 32.41999817, 0.00000000
1, 27.0400, 2791, -0.32521695, -1.22867131, 0.24847765, 22.51394463, -29.87754631, -329.53247070, -32.03741455, 7.24934244, -67.64103699, 97.31130981, -7.52733660, -8.86389446, 0.66099560, -0.74354303, 0.10112104, 0.00180349, 0.18650909, 0.24585515, -0.12577182, 99.96700287, 113.66096497, 32.41999817, 0.00000000
1, 27.0450, 2792, -0.30086493, -1.25850320, 0.26335758, 28.86714554, -31.83008003, -330.08050537, -29.34814262, 6.22624969, -67.78719330, 97.44554138, -5.86975098, -8.81214714, 0.65984696, -0.74572742, 0.09133756, 0.01224998, 0.19074345, 0.27240658, -0.13797393, 99.96700287, 113.66096497, 32.41999817, 0.00000000
1, 27.0500, 2793, -0.28049302, -1.28774357, 0.25262752, 33.92221451, -26.85285187, -332.47985840, -29.34814262, 6.22624969, -67.78719330, 97.60388947, -4.20357466, -8.72995567, 0.65841216, -0.74791139, 0.08131547, 0.02258141, 0.19929683, 0.29927620, -0.12424676, 99.96700287, 113.66096497, 32.41999817, 0.00000000
1, 27.0550, 2794, -0.27491483, -1.39485419, 0.23590899, 38.18740082, -15.65346050, -336.08789063, -25.98655319, 6.34317446, -67.20256805, 97.78228760, -2.52711463, -8.58504391, 0.65673190, -0.75008017, 0.07083977, 0.03263205, 0.22291446, 0.40490463, -0.10444607, 99.96700287, 113.66096497, 32.41999817, 0.00000000
1, 27.0600, 2795, -0.28026038, -1.57806075, 0.24633099, 39.23414612, -2.92451477, -339.26800537, -25.98655319, 6.34317446, -67.20256805, 97.96801758, -0.84398723, -8.36969757, 0.65490794, -0.75214148, 0.05988026, 0.04234728, 0.25757039, 0.58746684, -0.11182399, 99.96700287, 113.66096497, 32.41999817, 0.00000000
1, 27.0800, 2796, -0.26514363, -1.61868334, 0.24626644, 13.75310516, 30.13722992, -354.56002808, -20.95878410, 7.48319197, -67.02718353, 98.42050171, 6.00063658, -6.99394751, 0.64875805, -0.75675189, 0.01198708, 0.07934762, 0.36153159, 0.63368595, -0.10428055, 99.96700287, 113.66096497, 32.41999817, 0.00000000
1, 27.0850, 2797, -0.35254866, -1.60517931, 0.38520187, 8.58870697, 36.82650757, -353.56369019, -20.95878410, 7.48319197, -67.02718353, 98.51201630, 7.72284365, -6.55108452, 0.64721978, -0.75718987, -0.00069073, 0.08814642, 0.47856525, 0.62354439, -0.24222763, 99.96700287, 113.66096497, 32.41999817, 0.00000000
1, 27.0900, 2798, -0.49852365, -1.64590895, 0.38420844, 2.10153222, 33.42402649, -347.60330200, -20.95878410, 7.48319197, -67.02718353, 98.58371735, 9.39985943, -6.12543774, 0.64576632, -0.75726879, -0.01299842, 0.09675273, 0.65379608, 0.66860890, -0.24097623, 99.96700287, 113.66096497, 32.41999817, 0.00000000
1, 27.0950, 2799, -0.56408072, -1.64136505, 0.38123432, -1.31140506, 33.03927612, -335.61627197, -18.91259766, 8.76936531, -67.08564758, 98.64732361, 11.03489208, -5.70678663, 0.64433146, -0.75707346, -0.02501191, 0.10512507, 0.74761075, 0.66905749, -0.23783945, 99.96700287, 113.66096497, 32.41999817, 0.00000000
1, 27.1000, 2800, -0.62444633, -1.66420054, 0.33001512, -5.67579460, 36.73176193, -315.28265381, -18.91259766, 8.76936531, -67.08564758, 98.70217896, 12.56614685, -5.28092957, 0.64299679, -0.75664163, -0.03647348, 0.11277591, 0.83477461, 0.69744885, -0.18661013, 99.96700287, 113.66096497, 32.41999817, 0.00000000
1, 27.1050, 2801, -0.70592868, -1.72777581, 0.05912954, -14.55019188, 42.85076904, -294.62344360, -16.92487526, 9.41245270, -67.29026794, 98.72796631, 13.99029541, -4.83637619, 0.64192903, -0.75588900, -0.04746203, 0.11960948, 0.94160020, 0.76714027, 0.08365200, 99.96700287, 113.66096497, 32.41999817, 0.00000000
1, 27.1100, 2802, -0.72481704, -1.77410400, -0.17693482, -13.60922527, 46.34989166, -273.02996826, -16.92487526, 9.41245270, -67.29026794, 98.77011871, 15.30486298, -4.38732672, 0.64083296, -0.75510770, -0.05782459, 0.12570596, 0.98378253, 0.81966615, 0.31928456, 99.96700287, 113.66096497, 32.41999817, 0.00000000
1, 27.1150, 2803, -0.71323967, -1.82150912, -0.23847570, -4.36711025, 37.74779510, -247.83467102, -16.92487526, 9.41245270, -67.29026794, 98.85175323, 16.50106430, -3.99814105, 0.63950557, -0.75450206, -0.06705938, 0.13138694, 0.99296355, 0.87304169, 0.38111430, 99.96700287, 113.66096497, 32.41999817, 0.00000000
1, 27.1200, 2804, -0.75747055, -1.83841324, -0.15155454, 3.14622498, 15.57954407, -225.49951172, -14.99561501, 9.90938282, -67.20256805, 98.94107056, 17.60340309, -3.73718500, 0.63805288, -0.75396383, -0.07489035, 0.13718060, 1.05575085, 0.89562106, 0.29465714, 99.96700287, 113.66096497, 32.41999817, 0.00000000
1, 27.1250, 2805, -0.80930239, -1.79212964, 0.03875727, 2.76580215, -4.90590954, -207.93109131, -14.99561501, 9.90938282, -67.20256805, 98.99679565, 18.63441277, -3.59388757, 0.63672572, -0.75328422, -0.08156827, 0.14314336, 1.12453079, 0.85474080, 0.10451688, 99.96700287, 113.66096497, 32.41999817, 0.00000000
1, 27.1500, 2806, -0.51472563, -0.74881649, 0.32257065, -33.46416473, -92.13606262, -93.45622253, -12.68634892, 11.34171295, -66.67640686, 98.30360413, 22.34964752, -4.05098581, 0.63607436, -0.74611962, -0.10045025, 0.16918871, 0.89215457, -0.16751882, -0.19005188, 99.96700287, 113.66096497, 32.41999817, 0.00000000
1, 27.1550, 2807, -0.67759418, -0.38609016, 0.05444220, -21.60206413, -88.53491974, -70.73746490, -11.19555664, 12.18941784, -67.11487579, 98.03326416, 22.76170349, -4.47186136, 0.63664329, -0.74454206, -0.10044534, 0.17393485, 1.06281435, -0.52757585, 0.07313868, 99.96700287, 113.66096497, 32.41999817, 0.00000000
1, 27.1600, 2808, -0.72060364, -0.17454413, -0.26476100, 8.08504391, -73.75925446, -48.61021042, -11.19555664, 12.18941784, -67.11487579, 97.93275452, 23.05310631, -4.83227682, 0.63633561, -0.74398446, -0.09990816, 0.17771460, 1.11180019, -0.73676878, 0.38993996, 99.96700287, 113.66096497, 32.41999817, 0.00000000
1, 27.1650, 2809, -0.71332490, -0.20391616, -0.23894204, 44.64549637, -73.13278961, -20.77357101, -11.19555664, 12.18941784, -67.11487579, 98.00704193, 23.20660210, -5.21065760, 0.63504171, -0.74455893, -0.09820363, 0.18085937, 1.10749888, -0.70607996, 0.36445335, 99.96700287, 113.66096497, 32.41999817, 0.00000000
1, 27.1700, 2810, -0.71188939, -0.45030504, -0.00576162, 63.03156281, -74.35330963, 12.22781181, -10.37708282, 12.30634308, -67.58258057, 98.16084290, 23.19849777, -5.62040186, 0.63340247, -0.74576467, -0.09524895, 0.18320517, 1.10601974, -0.45952874, 0.13308291, 99.96700287, 113.66096497, 32.41999817, 0.00000000
1, 27.1750, 2811, -0.73089719, -0.76587081, 0.11331067, 58.30220795, -64.29375458, 44.42527390, -10.37708282, 12.30634308, -67.58258057, 98.30363464, 23.02484512, -6.00054312, 0.63211811, -0.74704289, -0.09156173, 0.18430968, 1.12259710, -0.14471950, 0.01594536, 99.96700287, 113.66096497, 32.41999817, 0.00000000
1, 27.1800, 2812, -0.78560841, -1.02363431, 0.12375548, 45.37325668, -50.52692032, 73.02984619, -10.49400711, 11.95556831, -67.78719330, 98.40382385, 22.70035362, -6.32877874, 0.63141608, -0.74817818, -0.08742454, 0.18411997, 1.17265415, 0.11135045, 0.00700318, 99.96700287, 113.66096497, 32.41999817, 0.00000000
1, 27.1850, 2813, -0.92206883, -1.21666884, 0.03047851, 34.05460358, -44.19094086, 98.31716919, -10.49400711, 11.95556831, -67.78719330, 98.45536041, 22.24642372, -6.64246845, 0.63124675, -0.74913496, -0.08272556, 0.18297787, 1.30252624, 0.30188340, 0.10105139, 99.96700287, 113.66096497, 32.41999817, 0.00000000
1, 27.1900, 2814, -1.03907549, -1.39217257, -0.13656504, 26.62047005, -45.15694427, 120.08606720, -10.49400711, 11.95556831, -67.78719330, 98.45288086, 21.64289093, -6.98273087, 0.63160878, -0.74991578, -0.07708810, 0.18098126, 1.41094387, 0.47408074, 0.26826775, 99.96700287, 113.66096497, 32.41999817, 0.00000000
1, 27.1950, 2815, -1.01138616, -1.56888413, -0.28357747, 20.94362640, -44.87108612, 139.65417480, -11.04940033, 12.21864891, -67.84565735, 98.43314362, 20.98486328, -7.32983112, 0.63215232, -0.75060391, -0.07111767, 0.17866074, 1.37297821, 0.64684409, 0.41536075, 99.96700287, 113.66096497, 32.41999817, 0.00000000
1, 27.2200, 2816, 1.74174321, -1.70192051, -0.33823800, -41.06368637, 96.07806396, 120.91401672, -12.59865570, 11.16632557, -66.85179901, 98.13084412, 17.07316208, -7.59568024, 0.63908774, -0.75188994, -0.04756004, 0.15481153, -1.44463587, 0.75702095, 0.47519377, 99.96700287, 113.66096497, 32.41999817, 0.00000000
1, 27.2250, 2817, 2.12275720, -1.63786781, -0.57714069, -43.92182159, 107.42489624, 101.24109650, -12.59865570, 11.16632557, -66.85179901, 98.05171967, 16.49658966, -7.11374617, 0.64096570, -0.75159222, -0.04753476, 0.14836627, -1.83504844, 0.69016016, 0.71427107, 99.96700287, 113.66096497, 32.41999817, 0.00000000
1, 27.2300, 2818, 2.11875558, -1.65545321, -0.71318275, -33.21622467, 29.35286522, 93.95106506, -14.03098488, 10.55247021, -67.67027283, 97.91067505, 16.01064682, -7.02951241, 0.64258629, -0.75104970, -0.04549007, 0.14469969, -1.83922005, 0.70521069, 0.84863764, 99.96700287, 113.66096497, 32.41999817, 0.00000000
1, 27.2350, 2819, 1.65676808, -1.58198512, -0.79530990, -22.84224701, -74.94445038, 96.62591553, -14.03098488, 10.55247021, -67.67027283, 97.67453766, 15.58170223, -7.48269606, 0.64407557, -0.75012636, -0.04036230, 0.14438859, -1.38440323, 0.62930465, 0.92645878, 99.96700287, 113.66096497, 32.41999817, 0.00000000
1, 27.2400, 2820, 0.88000780, -1.40101695, -0.78807139, -4.70530748, -160.65113831, 106.90086365, -14.00175381, 7.13241720, -67.55334473, 97.38658905, 15.16520405, -8.38764381, 0.64531684, -0.74899417, -0.03241478, 0.14670837, -0.61472410, 0.44577819, 0.91328365, 99.96700287, 113.66096497, 32.41999817, 0.00000000
1, 27.2450, 2821, 0.11119983, -1.27749968, -0.59514159, 15.45818806, -222.22412109, 119.58301544, -14.00175381, 7.13241720, -67.55334473, 97.15142059, 14.71084785, -9.60583401, 0.64584374, -0.74814111, -0.02214150, 0.15060067, 0.14617692, 0.31941408, 0.71462172, 99.96700287, 113.66096497, 32.41999817, 0.00000000
1, 27.2500, 2822, -0.60020232, -1.23919249, -0.24760626, 29.59479141, -255.70248413, 133.64247131, -14.00175381, 7.13241720, -67.55334473, 96.95296478, 14.20270824, -10.99993229, 0.64594281, -0.74737501, -0.01036984, 0.15518080, 0.84838092, 0.27795050, 0.36214834, 99.96700287, 113.66096497, 32.41999817, 0.00000000
1, 27.2550, 2823, -1.08316624, -1.22539985, -0.09849180, 37.74134445, -260.52932739, 152.03642273, -13.09558582, 8.03858471, -68.75182343, 96.80118561, 13.60214901, -12.42490196, 0.64579231, -0.74669027, 0.00219329, 0.15937755, 1.32113051, 0.26114106, 0.20944098, 99.96700287, 113.66096497, 32.41999817, 0.00000000
1, 27.2600, 2824, -1.41845238, -1.18087089, -0.12104586, 50.83438873, -183.81263733, 167.78930664, -13.09558582, 8.03858471, -68.75182343, 96.81925964, 12.87693596, -13.46327591, 0.64523584, -0.74679416, 0.01319348, 0.16060881, 1.64478147, 0.21382034, 0.23103307, 99.96700287, 113.66096497, 32.41999817, 0.00000000
1, 27.2650, 2825, -1.31586993, -1.08315718, 0.01972038, 59.72735596, -117.36613464, 175.95483398, -13.85559750, 8.44782257, -68.89797974, 96.96784210, 12.07341957, -14.16661930, 0.64441395, -0.74753016, 0.02264558, 0.15942577, 1.52846706, 0.11312620, 0.09300389, 99.96700287, 113.66096497, 32.41999817, 0.00000000
1, 27.2950, 2826, -0.36420169, -0.70117211, 1.06551850, 55.80366898, -65.08710480, 168.87339783, -15.20023346, 8.65244102, -68.16719818, 98.92983246, 7.00031471, -16.68788910, 0.63510162, -0.75631833, 0.07082482, 0.14004466, 0.48677444, -0.28081954, -0.91450799, 99.96700287, 113.66096497, 32.41999817, 0.00000000
1, 27.3000, 2827, -0.42285135, -0.64838195, 0.68041146, 56.48444366, -53.28670883, 157.75405884, -15.20023346, 8.65244102, -68.16719818, 99.16928864, 6.26329613, -17.07631874, 0.63400614, -0.75706047, 0.07784382, 0.13724428, 0.53339040, -0.33388394, -0.52524042, 99.96700287, 113.66096497, 32.41999817, 0.00000000
1, 27.3050, 2828, -0.52024424, -0.71375263, 0.32048887, 57.54410172, -38.30028152, 143.16554260, -15.87255192, 8.82782841, -67.67027283, 99.42727661, 5.58801413, -17.38136292, 0.63280606, -0.75792986, 0.08396818, 0.13434345, 0.61967725, -0.26847598, -0.16107310, 99.96700287, 113.66096497, 32.41999817, 0.00000000
1, 27.3100, 2829, -0.62066913, -0.72661698, 0.27652428, 50.91090393, -30.53197098, 131.97309875, -15.87255192, 8.82782841, -67.67027283, 99.65956879, 4.96278906, -17.64128113, 0.63176107, -0.75866854, 0.08946580, 0.13151377, 0.70920181, -0.25589257, -0.11313118, 99.96700287, 113.66096497, 32.41999817, 0.00000000
1, 27.3150, 2830, -0.66200572, -0.58089519, 0.46154186, 34.98898697, -43.53538513, 117.91506195, -17.15872574, 9.03244686, -66.96871948, 99.81033325, 4.41844511, -17.95560074, 0.63108993, -0.75892025, 0.09476431, 0.12955880, 0.74022686, -0.40223664, -0.29491991, 99.96700287, 113.66096497, 32.41999817, 0.00000000
1, 27.3200, 2831, -0.72887063, -0.53022575, 0.57131916, 36.40066528, -43.62564468, 113.44332123, -17.15872574, 9.03244686, -66.96871948, 99.97107697, 3.89704299, -18.26778603, 0.63032734, -0.75920391, 0.09992227, 0.12772013, 0.79766381, -0.45330054, -0.40200174, 99.96700287, 113.66096497, 32.41999817, 0.00000000
1, 27.3250, 2832, -0.81143945, -0.57797623, 0.67002660, 42.20576859, -19.12030220, 107.46885681, -17.15872574, 9.03244686, -66.96871948, 100.17144012, 3.38486171, -18.45531082, 0.62942880, -0.75978786, 0.10423633, 0.12520687, 0.87103605, -0.40571535, -0.49762344, 99.96700287, 113.66096497, 32.41999817, 0.00000000
1, 27.3300, 2833, -0.79567522, -0.73355329, 0.67582345, 40.65793228, 15.76467705, 98.85597229, -17.27565002, 8.59397793, -67.29026794, 100.37534332, 2.88489532, -18.46502495, 0.62867814, -0.76054025, 0.10729447, 0.12177989, 0.84647667, -0.25000003, -0.49999654, 99.96700287, 113.66096497, 32.41999817, 0.00000000
1, 27.3350, 2834, -0.68963641, -0.91031158, 0.55941087, 30.32136345, 30.49514008, 90.89108276, -17.27565002, 8.59397793, -67.29026794, 100.53122711, 2.41079402, -18.39664459, 0.62828422, -0.76110870, 0.10962741, 0.11812914, 0.73233986, -0.07291546, -0.38062611, 99.96700287, 113.66096497, 32.41999817, 0.00000000
1, 27.3400, 2835, -0.55639297, -1.02988219, 0.42551342, 19.42232895, 21.84415245, 86.02147675, -18.44489861, 8.18474102, -67.46565247, 100.66037750, 1.88448715, -18.36825943, 0.62807363, -0.76144099, 0.11247617, 0.11436946, 0.59083688, 0.04694774, -0.24434069, 99.96700287, 113.66096497, 32.41999817, 0.00000000
1, 27.3600, 2836, -0.09666874, -1.33721542, -0.01994705, 23.71422195, 28.70711899, 72.91575623, -18.85413551, 8.50628471, -67.14411163, 101.02781677, 0.30326611, -18.26335526, 0.62750572, -0.76226187, 0.12082234, 0.10293470, 0.10368122, 0.35563508, 0.20827042, 99.96700287, 113.66096497, 32.41999817, 0.00000000
1, 27.3650, 2837, 0.00113236, -1.37905419, 0.11867891, 22.72552681, 22.03183937, 72.03312683, -19.32183456, 6.57702398, -67.26103210, 101.14244843, -0.07100925, -18.22384453, 0.62717986, -0.76260489, 0.12271084, 0.10010701, -0.00106350, 0.39761949, 0.07185454, 99.97100830, 113.32389069, 32.46999741, 0.00000000
1, 27.3700, 2838, 0.03378934, -1.34632456, 0.21258624, 17.69849396, 10.75623417, 69.79533386, -19.32183456, 6.57702398, -67.26103210, 101.23195648, -0.42357895, -18.23819160, 0.62694418, -0.76276469, 0.12481128, 0.09774092, -0.04024834, 0.36508444, -0.02024018, 99.97100830, 113.32389069, 32.46999741, 0.00000000
1, 27.3750, 2839, 0.08839890, -1.22946239, 0.26143414, 8.61088753, -9.12918282, 66.35245514, -19.32183456, 6.57702398, -67.26103210, 101.27696228, -0.74011540, -18.34718132, 0.62688303, -0.76260167, 0.12730302, 0.09617807, -0.10061333, 0.24837328, -0.06784992, 99.97100830, 113.32389069, 32.46999741, 0.00000000
1, 27.3800, 2840, 0.09215983, -1.09595370, 0.13400801, 5.15348339, -23.26239777, 66.19979858, -19.73107338, 7.80473518, -67.20256805, 101.30633545, -1.04216361, -18.52558136, 0.62685233, -0.76227868, 0.13016181, 0.09510714, -0.10937308, 0.11525470, 0.06032500, 99.97100830, 113.32389069, 32.46999741, 0.00000000
1, 27.3850, 2841, 0.02201134, -0.99676967, 0.00365523, 7.78062391, -31.35559654, 67.65596008, -19.73107338, 7.80473518, -67.20256805, 101.35065460, -1.34331775, -18.74527359, 0.62668800, -0.76197791, 0.13329989, 0.09424926, -0.04415220, 0.01651785, 0.19130963, 99.97100830, 113.32389069, 32.46999741, 0.00000000
1, 27.3900, 2842, -0.06997302, -0.95564723, -0.03228229, 12.81915951, -33.26607895, 67.79164886, -20.57877731, 8.21397209, -67.02718353, 101.36705017, -1.65999782, -18.97310829, 0.62672013, -0.76148480, 0.13655056, 0.09336339, 0.04253127, -0.02428586, 0.22769839, 99.97100830, 113.32389069, 32.46999741, 0.00000000
1, 27.3950, 2843, -0.13882893, -0.94822991, 0.02160903, 15.48949051, -33.89679718, 65.99001312, -20.57877731, 8.21397209, -67.02718353, 101.45261383, -1.95008802, -19.20411682, 0.62626410, -0.76137781, 0.13973071, 0.09258727, 0.10599320, -0.03144360, 0.17457172, 99.97100830, 113.32389069, 32.46999741, 0.00000000
1, 27.4000, 2844, -0.17729886, -0.95802379, 0.09140006, 14.93093109, -35.30712128, 63.57995605, -20.57877731, 8.21397209, -67.02718353, 101.53665924, -2.22662997, -19.44013023, 0.62580180, -0.76125622, 0.14286576, 0.09192639, 0.13940561, -0.02130090, 0.10608704, 99.97100830, 113.32389069, 32.46999741, 0.00000000
1, 27.4050, 2845, -0.21986395, -0.95955384, 0.15462542, 13.86434078, -35.82268143, 61.44306183, -20.31569672, 7.51242304, -66.20870972, 101.61648560, -2.49186468, -19.67698860, 0.62535697, -0.76110870, 0.14593838, 0.09134678, 0.17714450, -0.01940903, 0.04409768, 99.97100830, 113.32389069, 32.46999741, 0.00000000
1, 27.4600, 2846, -0.28758559, -0.99734867, 0.35602060, 11.46793556, 14.91033363, 33.55444336, -21.48494530, 8.38935947, -66.12101746, 102.44702148, -5.00602198, -20.68601990, 0.62163234, -0.76128459, 0.16674203, 0.07884309, 0.20021284, 0.02387717, -0.14386578, 99.97100830, 113.32389069, 32.46999741, 0.00000000
1, 27.4650, 2847, -0.26088178, -1.00966918, 0.34463277, 10.20005798, 19.39596748, 31.95994186, -21.66033363, 7.95089149, -65.97486115, 102.49302673, -5.18277216, -20.62528038, 0.62154126, -0.76139706, 0.16730939, 0.07725685, 0.17045186, 0.03666386, -0.13166909, 99.97100830, 113.32389069, 32.46999741, 0.00000000
1, 27.4700, 2848, -0.23896715, -1.01312983, 0.33422586, 8.80228615, 22.90068054, 30.55403328, -21.66033363, 7.95089149, -65.97486115, 102.53011322, -5.35649061, -20.54594612, 0.62151581, -0.76149142, 0.16772975, 0.07560239, 0.14553133, 0.04056004, -0.12060683, 99.97100830, 113.32389069, 32.46999741, 0.00000000
1, 27.4750, 2849, -0.21120207, -1.00885022, 0.31320089, 7.42545080, 24.72789955, 29.38828278, -21.66033363, 7.95089149, -65.97486115, 102.55912018, -5.52655172, -20.45647430, 0.62154388, -0.76156062, 0.16805692, 0.07392879, 0.11484745, 0.03670545, -0.09904314, 99.97100830, 113.32389069, 32.46999741, 0.00000000
1, 27.4800, 2850, -0.18779534, -1.00266516, 0.29927456, 6.07070541, 24.77402496, 28.42516708, -22.80035019, 7.92166042, -65.94563293, 102.58095551, -5.69200993, -20.36577606, 0.62161255, -0.76159817, 0.16834603, 0.07228946, 0.08858442, 0.03090620, -0.08471593, 99.97100830, 113.32389069, 32.46999741, 0.00000000
1, 27.4850, 2851, -0.15594356, -0.98716891, 0.28605148, 4.59839201, 25.88159943, 28.18988991, -22.80035019, 7.92166042, -65.94563293, 102.59459686, -5.85756063, -20.26942062, 0.62173569, -0.76159877, 0.16859224, 0.07063033, 0.05389184, 0.01577442, -0.07117734, 99.97100830, 113.32389069, 32.46999741, 0.00000000
1, 27.4900, 2852, -0.13434286, -0.97327113, 0.27161562, 3.94245148, 27.10338020, 27.84178925, -22.91727448, 8.38935947, -65.68254852, 102.62992859, -6.03300047, -20.16993713, 0.62172198, -0.76170820, 0.16888262, 0.06885501, 0.02936729, 0.00228603, -0.05634262, 99.97100830, 113.32389069, 32.46999741, 0.00000000
1, 27.4950, 2853, -0.11771767, -0.97078860, 0.27422205, 4.00142860, 27.98758125, 27.30127907, -22.91727448, 8.38935947, -65.68254852, 102.63881683, -6.19659233, -20.06235695, 0.62187433, -0.76170099, 0.16903974, 0.06715414, 0.00979836, 0.00018793, -0.05859705, 99.97100830, 113.32389069, 32.46999741, 0.00000000
1, 27.5000, 2854, -0.10550860, -0.97101057, 0.27369145, 3.49673843, 28.38356209, 26.58104515, -22.91727448, 8.38935947, -65.68254852, 102.64455414, -6.35711908, -19.95203972, 0.62204242, -0.76168406, 0.16916023, 0.06546321, -0.00520978, 0.00073472, -0.05799046, 99.97100830, 113.32389069, 32.46999741, 0.00000000
1, 27.5050, 2855, -0.09747659, -0.96970344, 0.26852742, 2.90053654, 27.49316597, 25.72616005, -23.15112495, 7.65857935, -65.44869995, 102.64739990, -6.51251698, -19.84513092, 0.62221968, -0.76165271, 0.16927439, 0.06382927, -0.01594615, -0.00025403, -0.05281353, 99.97100830, 113.32389069, 32.46999741, 0.00000000
1, 27.5300, 2856, -0.12133601, -0.97133183, 0.24549030, 4.20046520, 25.61677170, 24.54321861, -23.96959877, 8.12627888, -65.68254852, 102.67710114, -7.25568008, -19.34521484, 0.62290418, -0.76156604, 0.16990145, 0.05604725, -0.00493650, 0.00302957, -0.02970857, 99.97100830, 113.32389069, 32.46999741, 0.00000000
1, 27.5350, 2857, -0.14337753, -0.98175919, 0.25458992, 4.83871269, 25.82631874, 24.75039864, -23.96959877, 8.12627888, -65.68254852, 102.68885803, -7.40454578, -19.24533272, 0.62299275, -0.76157838, 0.17003085, 0.05448009, 0.01451025, 0.01380613, -0.03876138, 99.97100830, 113.32389069, 32.46999741, 0.00000000
1, 27.5400, 2858, -0.17222945, -0.99804878, 0.25940439, 4.51373148, 26.30328560, 25.08137703, -24.05729294, 8.33089733, -65.62408447, 102.71657562, -7.57411957, -19.14638710, 0.62298751, -0.76164776, 0.17028292, 0.05275382, 0.04058823, 0.03051307, -0.04342984, 99.97100830, 113.32389069, 32.46999741, 0.00000000
1, 27.5450, 2859, -0.20355265, -1.01398230, 0.26842558, 4.61027050, 27.23490143, 25.48792648, -24.05729294, 8.33089733, -65.62408447, 102.72581482, -7.72819328, -19.04041481, 0.62309271, -0.76164752, 0.17039722, 0.05112126, 0.06907701, 0.04686851, -0.05232545, 99.97100830, 113.32389069, 32.46999741, 0.00000000
1, 27.5500, 2860, -0.24052218, -1.02189839, 0.27525505, 4.35910845, 30.46104431, 25.95359612, -24.55422401, 8.21397209, -65.24407959, 102.73144531, -7.88807487, -18.91904831, 0.62322927, -0.76164228, 0.17043801, 0.04937064, 0.10329354, 0.05516317, -0.05922830, 99.97100830, 113.32389069, 32.46999741, 0.00000000
1, 27.5550, 2861, -0.27127829, -1.02369380, 0.27811521, 3.73116827, 35.33171463, 25.97252464, -24.55422401, 8.21397209, -65.24407959, 102.73025513, -8.05339813, -18.77367020, 0.62342089, -0.76162744, 0.17034484, 0.04746229, 0.13120514, 0.05734213, -0.06224302, 99.97100830, 113.32389069, 32.46999741, 0.00000000
1, 27.5600, 2862, -0.28270063, -1.01496482, 0.27662486, 2.86943340, 41.74792480, 25.36528015, -24.55422401, 8.21397209, -65.24407959, 102.71974945, -8.22276688, -18.59591675, 0.62368500, -0.76160401, 0.17005423, 0.04536372, 0.13971952, 0.04898880, -0.06099430, 99.97100830, 113.32389069, 32.46999741, 0.00000000
1, 27.5650, 2863, -0.27012944, -1.02009809, 0.28559369, 3.09862447, 49.02103806, 24.27384377, -24.40806770, 7.45396090, -64.98100281, 102.70448303, -8.39471054, -18.38097572, 0.62399018, -0.76160550, 0.16952857, 0.04305160, 0.12416822, 0.05447121, -0.07028046, 99.97100830, 113.32389069, 32.46999741, 0.00000000
1, 27.6150, 2864, 0.06907209, -0.95500779, 0.17350517, 3.85150957, 52.00132370, 26.64873695, -27.21426392, 6.57702398, -64.95176697, 102.43966675, -10.14937973, -15.54768944, 0.62747270, -0.76186889, 0.15992455, 0.01606672, -0.24492262, -0.00664175, 0.03725363, 99.97100830, 113.32389069, 32.46999741, 0.00000000
1, 27.6200, 2865, 0.05776694, -0.96948063, 0.18121360, 3.80973768, 46.95120239, 28.07119560, -27.21426392, 6.57702398, -64.95176697, 102.42302704, -10.33661079, -15.34510231, 0.62768954, -0.76181054, 0.15957037, 0.01371108, -0.23684485, 0.00831788, 0.02907830, 99.97100830, 113.32389069, 32.46999741, 0.00000000
1, 27.6250, 2866, 0.02289556, -0.98247313, 0.19267383, 2.95525765, 41.50590134, 29.70489311, -27.30195808, 7.65857935, -65.21485138, 102.40670013, -10.52596092, -15.17116642, 0.62789416, -0.76171029, 0.15941858, 0.01149717, -0.20524603, 0.02181194, 0.01710895, 99.97100830, 113.32389069, 32.46999741, 0.00000000
1, 27.6300, 2867, -0.03020694, -0.98923230, 0.18512182, 2.12628818, 36.83337021, 31.07626343, -27.30195808, 7.65857935, -65.21485138, 102.39017487, -10.71699905, -15.02178192, 0.62809175, -0.76157171, 0.15943953, 0.00940636, -0.15539628, 0.02911835, 0.02410725, 99.97100830, 113.32389069, 32.46999741, 0.00000000
1, 27.6350, 2868, -0.08782615, -0.99301648, 0.18068092, 1.91745019, 33.71064758, 31.95089531, -27.30195808, 7.65857935, -65.21485138, 102.37519073, -10.90894413, -14.88872623, 0.62827206, -0.76141679, 0.15957445, 0.00739652, -0.10105091, 0.03346305, 0.02800645, 99.97100830, 113.32389069, 32.46999741, 0.00000000
1, 27.6400, 2869, -0.12940788, -0.99912024, 0.20317326, 1.60168433, 33.51623917, 32.68637848, -27.79888916, 8.24320412, -64.98100281, 102.35485077, -11.07923031, -14.75614357, 0.62847489, -0.76126039, 0.15959762, 0.00554342, -0.06264227, 0.04005460, 0.00497809, 99.97100830, 113.32389069, 32.46999741, 0.00000000
1, 27.6450, 2870, -0.18102236, -1.00652623, 0.21012187, 1.31278741, 33.92640686, 32.91014481, -27.79888916, 8.24320412, -64.98100281, 102.33595276, -11.27602100, -14.62276363, 0.62867188, -0.76107633, 0.15975703, 0.00350416, -0.01419575, 0.04798004, -0.00258654, 99.97100830, 113.32389069, 32.46999741, 0.00000000
1, 27.6500, 2871, -0.20412607, -1.00743580, 0.21485749, 1.37376034, 34.79476166, 33.03522491, -28.55890083, 7.98012257, -64.83484650, 102.31606293, -11.47428417, -14.48502064, 0.62887013, -0.76089001, 0.15989594, 0.00143222, 0.00551138, 0.04947276, -0.00785175, 99.97100830, 113.32389069, 32.46999741, 0.00000000
1, 27.6550, 2872, -0.23856093, -1.01064146, 0.21909904, 1.31527185, 36.67662430, 32.97566605, -28.55890083, 7.98012257, -64.83484650, 102.29348755, -11.67420387, -14.33766270, 0.62908059, -0.76069933, 0.15998051, -0.00070009, 0.03652190, 0.05327176, -0.01269857, 99.97100830, 113.32389069, 32.46999741, 0.00000000
1, 27.6600, 2873, -0.26752937, -1.01576459, 0.22948071, 1.07729197, 38.63319778, 32.63975906, -28.55890083, 7.98012257, -64.83484650, 102.26708221, -11.87449455, -14.17998505, 0.62930971, -0.76050055, 0.15999940, -0.00288634, 0.06204004, 0.05898081, -0.02373161, 99.97100830, 113.32389069, 32.46999741, 0.00000000
1, 27.6900, 2874, -0.29993689, -1.02144384, 0.28542235, 0.98746032, 54.11055756, 29.18912506, -29.49429893, 8.18474102, -64.57176208, 102.05755615, -13.08487320, -12.96009731, 0.63083982, -0.75937676, 0.15837264, -0.01750024, 0.07378510, 0.06822012, -0.08428218, 99.97100830, 113.32389069, 32.46999741, 0.00000000
1, 27.6950, 2875, -0.26940519, -1.02231252, 0.27959433, 0.43193027, 55.91837311, 29.13413048, -29.49429893, 8.18474102, -64.57176208, 102.00305939, -13.28521824, -12.71008778, 0.63118529, -0.75914443, 0.15779345, -0.02015746, 0.03976159, 0.06974640, -0.07926349, 99.97100830, 113.32389069, 32.46999741, 0.00000000
1, 27.7000, 2876, -0.23976521, -1.01836610, 0.27775234, -0.34943557, 58.70477295, 28.85997009, -30.31277466, 8.30166626, -65.03945923, 101.94036865, -13.48685074, -12.44536018, 0.63157117, -0.75888389, 0.15712781, -0.02289374, 0.00669946, 0.06638363, -0.07851829, 99.97100830, 113.32389069, 32.46999741, 0.00000000
1, 27.7050, 2877, -0.20733556, -1.02084923, 0.28148401, -0.85987872, 59.68165207, 28.60933304, -30.31277466, 8.30166626, -65.03945923, 101.87291718, -13.68796635, -12.17499352, 0.63197559, -0.75860381, 0.15642613, -0.02565174, -0.02914761, 0.06943151, -0.08344120, 99.97100830, 113.32389069, 32.46999741, 0.00000000
1, 27.7100, 2878, -0.17917272, -1.02363849, 0.27119127, -1.50272989, 59.91794586, 28.69325447, -30.31277466, 8.30166626, -65.03945923, 101.80094147, -13.88941288, -11.90303612, 0.63239759, -0.75829893, 0.15572011, -0.02841531, -0.06070103, 0.07280655, -0.07443824, 99.97100830, 113.32389069, 32.46999741, 0.00000000
1, 27.7150, 2879, -0.16300724, -1.02461839, 0.24894620, -1.90742302, 61.06065369, 28.83079910, -30.48816109, 7.83396673, -64.57176208, 101.72453308, -14.09236145, -11.62495136, 0.63283509, -0.75797391, 0.15498628, -0.03121750, -0.08024009, 0.07439688, -0.05357140, 99.97100830, 113.32389069, 32.46999741, 0.00000000
1, 27.7200, 2880, -0.14452836, -1.02707338, 0.24555637, -1.98537791, 64.63980865, 29.16246796, -30.48816109, 7.83396673, -64.57176208, 101.64228058, -14.30014801, -11.32858562, 0.63329327, -0.75763279, 0.15416303, -0.03414623, -0.10220403, 0.07744163, -0.05165973, 99.97100830, 113.32389069, 32.46999741, 0.00000000
1, 27.7250, 2881, -0.10120024, -1.03330457, 0.22366448, -1.60248172, 68.36065674, 29.56175041, -31.48202324, 8.00935364, -65.21485138, 101.55616760, -14.51318741, -11.01322937, 0.63375676, -0.75728643, 0.15324795, -0.03721109, -0.14905757, 0.08431570, -0.03126746, 99.97100830, 113.32389069, 32.46999741, 0.00000000
1, 27.7300, 2882, -0.04096040, -1.04705584, 0.18868968, -1.04801440, 69.86643982, 30.88751793, -31.48202324, 8.00935364, -65.21485138, 101.46995544, -14.73373890, -10.69094658, 0.63420284, -0.75693619, 0.15233213, -0.04036568, -0.21289966, 0.09877181, 0.00221208, 99.97100830, 113.32389069, 32.46999741, 0.00000000
1, 27.7350, 2883, 0.02401453, -1.06527030, 0.16418073, -1.04527509, 70.03358459, 32.64407349, -31.48202324, 8.00935364, -65.21485138, 101.38261414, -14.96259975, -10.36893082, 0.63463962, -0.75656557, 0.15146796, -0.04357406, -0.28164205, 0.11772695, 0.02521888, 99.97100830, 113.32389069, 32.46999741, 0.00000000
1, 27.7800, 2884, 0.28992498, -1.04157698, 0.07733124, -10.96182632, 36.28594208, 68.31502533, -33.67436218, 8.38935947, -65.41946411, 100.51772308, -17.56076431, -8.30502796, 0.63866878, -0.75086755, 0.15236208, -0.07131699, -0.59028137, 0.10365617, 0.09616935, 99.97100830, 113.32389069, 32.46999741, 0.00000000
1, 27.7850, 2885, 0.25361115, -1.04671443, 0.07777447, -10.54700565, 32.48176575, 73.16143799, -33.67436218, 8.38935947, -65.41946411, 100.43589020, -17.94997025, -8.20653152, 0.63899332, -0.74998653, 0.15388082, -0.07435381, -0.56035942, 0.11053749, 0.09387580, 99.97100830, 113.32389069, 32.46999741, 0.00000000
1, 27.7900, 2886, 0.20946482, -1.06556535, 0.07882242, -10.04944229, 27.64146996, 77.66662598, -34.63899231, 8.33089733, -65.39023590, 100.33820343, -18.24477196, -8.12613487, 0.63945997, -0.74912411, 0.15501952, -0.07663582, -0.52196419, 0.13096511, 0.09093344, 99.97100830, 113.32389069, 32.46999741, 0.00000000
1, 27.7950, 2887, 0.16636464, -1.08825374, 0.07329109, -9.88701916, 24.05144119, 82.20587158, -34.63899231, 8.33089733, -65.39023590, 100.27461243, -18.67072296, -8.07820797, 0.63966066, -0.74821180, 0.15706243, -0.07965359, -0.48489800, 0.15540689, 0.09467565, 99.97100830, 113.32389069, 32.46999741, 0.00000000
1, 27.8000, 2888, 0.13395037, -1.11524343, 0.08896124, -9.79177475, 23.01047897, 86.45621490, -35.25284958, 8.36012840, -65.62408447, 100.21405029, -19.11663628, -8.03905487, 0.63982666, -0.74726588, 0.15927044, -0.08275583, -0.45980763, 0.18463063, 0.07745470, 99.97100830, 113.32389069, 32.46999741, 0.00000000
1, 27.8050, 2889, 0.13014336, -1.12817681, 0.06223235, -10.33561802, 21.76663780, 90.21913910, -35.25284958, 8.36012840, -65.62408447, 100.15364075, -19.57994652, -8.00926971, 0.63997757, -0.74627143, 0.16163509, -0.08591785, -0.46350300, 0.20002893, 0.10269586, 99.97100830, 113.32389069, 32.46999741, 0.00000000
1, 27.8100, 2890, 0.14671820, -1.13406610, 0.01504352, -10.11359119, 18.96138763, 94.00517273, -35.25284958, 8.36012840, -65.62408447, 100.10012054, -20.05942535, -7.99710608, 0.64007598, -0.74525440, 0.16419776, -0.08909468, -0.48776931, 0.20858824, 0.14852859, 99.97100830, 113.32389069, 32.46999741, 0.00000000
1, 27.8150, 2891, 0.16545856, -1.13100088, 0.01710779, -10.01844788, 18.01567459, 98.64335632, -36.04209137, 8.74013424, -65.39023590, 100.05007172, -20.56090355, -7.99368286, 0.64013427, -0.74419683, 0.16693394, -0.09236968, -0.51465774, 0.20832224, 0.14517689, 99.97100830, 113.32389069, 32.46999741, 0.00000000
1, 27.8200, 2892, 0.22151411, -1.11890733, 0.04370851, -8.98757839, 16.10855484, 103.03640747, -36.04209137, 8.74013424, -65.39023590, 100.01006317, -21.08236694, -8.00392723, 0.64011443, -0.74312925, 0.16985832, -0.09571151, -0.57919621, 0.19919229, 0.11748152, 99.97100830, 113.32389069, 32.46999741, 0.00000000
1, 27.8250, 2893, 0.24279946, -1.12928069, 0.06675944, -8.03304195, 11.62963390, 107.15882111, -36.56825638, 7.83396673, -65.12715149, 99.98489380, -21.62027550, -8.04138279, 0.63999897, -0.74206072, 0.17303374, -0.09902868, -0.60922295, 0.21276650, 0.09341821, 99.97100830, 113.32389069, 32.46999741, 0.00000000
1, 27.8600, 2894, 0.17914008, -1.40806544, 0.19581926, -3.90824866, -11.62145615, 134.24331665, -39.19906235, 6.25548077, -65.97486115, 100.19683838, -25.76545525, -9.02060032, 0.63683808, -0.73427427, 0.20138568, -0.12133613, -0.61174607, 0.52012563, -0.03828997, 99.97100830, 113.32389069, 32.46999741, 0.00000000
1, 27.8650, 2895, 0.14560787, -1.43890643, 0.15540886, -3.42468524, -9.86618233, 136.76770020, -39.19906235, 6.25548077, -65.97486115, 100.26412201, -26.42998695, -9.20869160, 0.63611674, -0.73302430, 0.20604897, -0.12479903, -0.58849043, 0.55618572, 0.00212739, 99.97100830, 113.32389069, 32.46999741, 0.00000000
1, 27.8700, 2896, 0.11804064, -1.47747815, 0.12047508, -2.28658342, -6.55161715, 138.40957642, -39.19906235, 6.25548077, -65.97486115, 100.33252716, -27.10530663, -9.38212967, 0.63535661, -0.73174697, 0.21065873, -0.12841903, -0.57134658, 0.60018218, 0.03703308, 99.97100830, 113.32389069, 32.46999741, 0.00000000
1, 27.8750, 2897, 0.11342967, -1.51725912, 0.09267048, 0.47417989, 4.21700859, 142.10127258, -39.66676331, 9.00321579, -66.35486603, 100.39167023, -27.80817795, -9.50146008, 0.63456279, -0.73042470, 0.21506335, -0.13250539, -0.57744682, 0.64565182, 0.06470826, 99.97100830, 113.32389069, 32.46999741, 0.00000000
1, 27.8800, 2898, 0.13270335, -1.54526365, 0.07328178, 1.54783022, 9.99601173, 144.08311462, -39.66676331, 9.00321579, -66.35486603, 100.44398499, -28.52586937, -9.59213161, 0.63375270, -0.72905183, 0.21935618, -0.13683550, -0.60767877, 0.67959237, 0.08386424, 99.97100830, 113.32389069, 32.46999741, 0.00000000
1, 27.8850, 2899, 0.18982875, -1.58356059, 0.06358757, 2.93076015, 16.58764076, 145.69482422, -41.06986237, 8.53551579, -65.39023590, 100.48776245, -29.25734329, -9.64873695, 0.63292658, -0.72763318, 0.22350033, -0.14142732, -0.67592418, 0.72403514, 0.09322105, 99.97100830, 113.32389069, 32.46999741, 0.00000000
1, 27.8900, 2900, 0.24259263, -1.62084150, 0.07974500, 4.65915918, 23.92427063, 146.86421204, -41.06986237, 8.53551579, -65.39023590, 100.51142883, -29.95950127, -9.66029167, 0.63217658, -0.72622281, 0.22721727, -0.14603281, -0.73967457, 0.76744878, 0.07647927, 99.97100830, 113.32389069, 32.46999741, 0.00000000
1, 27.8950, 2901, 0.25341800, -1.65531111, 0.08710597, 4.74538326, 31.61109734, 147.36180115, -41.06986237, 8.53551579, -65.39023590, 100.52399445, -30.71268654, -9.63462257, 0.63137835, -0.72468460, 0.23096862, -0.15115264, -0.76153505, 0.80823928, 0.06812337, 99.97100830, 113.32389069, 32.46999741, 0.00000000
1, 27.9000, 2902, 0.21050648, -1.65018642, 0.07283061, 2.47880626, 39.66825867, 147.54762268, -41.77141190, 9.79245853, -65.82870483, 100.50100708, -31.47409630, -9.56262970, 0.63070410, -0.72299725, 0.23450859, -0.15650252, -0.72996056, 0.80979455, 0.08086212, 99.97100830, 113.32389069, 32.46999741, 0.00000000
1, 27.9050, 2903, 0.13602474, -1.60934746, 0.04849303, 0.13806526, 47.90634537, 147.42324829, -41.77141190, 9.79245853, -65.82870483, 100.43959045, -32.24228287, -9.44154835, 0.63016045, -0.72115809, 0.23782301, -0.16207767, -0.66680324, 0.77576017, 0.10304475, 99.97100830, 113.32389069, 32.46999741, 0.00000000
1, 27.9250, 2904, 0.42781696, -1.49884379, 0.17607117, 12.97438049, 98.11535645, 147.01948547, -45.80532074, 10.58170128, -66.35486603, 99.86595154, -35.41383362, -8.17053699, 0.62821311, -0.71323639, 0.24721484, -0.18848637, -1.00485718, 0.69373059, -0.03681149, 99.97100830, 113.32389069, 32.46999741, 0.00000000
1, 27.9300, 2905, 0.46272197, -1.45225966, 0.24898429, 13.04501438, 103.69125366, 145.46899414, -45.80532074, 10.58170128, -66.35486603, 99.65220642, -36.21774292, -7.69084883, 0.62770337, -0.71116006, 0.24876930, -0.19584113, -1.05137610, 0.65460837, -0.11378112, 99.97100830, 113.32389069, 32.46999741, 0.00000000
1, 27.9350, 2906, 0.42070469, -1.36791611, 0.25638172, 10.66910648, 107.77066040, 140.05821228, -46.94533539, 11.60479355, -66.91026306, 99.39761353, -36.99673843, -7.17158079, 0.62732011, -0.70899957, 0.25004950, -0.20313643, -1.02042389, 0.57770503, -0.12594248, 99.97100830, 113.32389069, 32.46999741, 0.00000000
1, 27.9400, 2907, 0.31219628, -1.29244351, 0.19335714, 10.44948959, 106.87378693, 133.76528931, -46.94533539, 11.60479355, -66.91026306, 99.12754822, -37.67173386, -6.63907671, 0.62706649, -0.70703357, 0.25076741, -0.20977846, -0.92175138, 0.50920784, -0.06794388, 99.97100830, 113.32389069, 32.46999741, 0.00000000
1, 27.9450, 2908, 0.15113291, -1.23801947, 0.11095401, 11.72540951, 106.13257599, 128.78904724, -46.94533539, 11.60479355, -66.91026306, 98.85556030, -38.38985443, -6.09989405, 0.62666494, -0.70496386, 0.25170764, -0.21670341, -0.76998305, 0.46162271, 0.00927031, 99.97100830, 113.32389069, 32.46999741, 0.00000000
1, 27.9500, 2909, 0.01280076, -1.18590069, 0.08972318, 14.53273296, 105.41894531, 124.67023468, -48.26074219, 12.01403046, -66.67640686, 98.58668518, -39.08502960, -5.55162239, 0.62617564, -0.70298606, 0.25250098, -0.22351292, -0.64115703, 0.41650641, 0.02543979, 99.97100830, 113.32389069, 32.46999741, 0.00000000
1, 27.9550, 2910, -0.08987793, -1.13503385, 0.16141315, 17.33498192, 102.76274872, 123.13412476, -48.26074219, 12.01403046, -66.67640686, 98.33054352, -39.76867294, -5.00941658, 0.62555456, -0.70109230, 0.25327986, -0.23021850, -0.54792231, 0.37248948, -0.05101907, 99.97100830, 113.32389069, 32.46999741, 0.00000000
1, 27.9600, 2911, -0.18670774, -1.12355483, 0.27251783, 20.03855705, 97.08316040, 124.19115448, -49.83922958, 12.24788094, -67.75796509, 98.10136414, -40.45173645, -4.49574280, 0.62474668, -0.69928354, 0.25420645, -0.23679797, -0.46050763, 0.36794430, -0.16658381, 99.97100830, 113.32389069, 32.46999741, 0.00000000
1, 27.9650, 2912, -0.27724537, -1.12731242, 0.37570676, 18.89113045, 89.53061676, 126.44435120, -49.83922958, 12.24788094, -67.75796509, 97.88973999, -41.13926315, -4.02482462, 0.62383693, -0.69746351, 0.25540808, -0.24318504, -0.37931132, 0.37885237, -0.27389926, 99.97100830, 113.32389069, 32.46999741, 0.00000000
1, 27.9700, 2913, -0.39532250, -1.14656925, 0.39582175, 11.39160156, 81.43530273, 131.63973999, -49.83922958, 12.24788094, -67.75796509, 97.66934204, -41.84586716, -3.60366201, 0.62298042, -0.69543523, 0.25705668, -0.24937358, -0.27047396, 0.40569013, -0.29826704, 99.97100830, 113.32389069, 32.46999741, 0.00000000
1, 27.9950, 2914, -0.67344117, -1.39806998, 0.14324585, -8.54486561, 51.68191910, 136.40710449, -51.79771805, 13.94329166, -68.57643890, 96.51898956, -45.54386520, -2.08982015, 0.61902916, -0.68319231, 0.27019468, -0.27757198, -0.03857368, 0.69992638, -0.06677991, 99.97100830, 113.32389069, 32.46999741, 0.00000000
1, 28.0000, 2915, -0.63057142, -1.48344135, 0.06967264, -2.47022700, 53.45648193, 128.45028687, -53.28851318, 13.59251690, -68.92721558, 96.30717468, -46.21167755, -1.80976570, 0.61815995, -0.68095815, 0.27259281, -0.28260857, -0.08951652, 0.79353201, 0.00321059, 99.97100830, 113.32389069, 32.46999741, 0.00000000
1, 28.0050, 2916, -0.61139894, -1.52806520, 0.06848277, -2.47090697, 48.77142715, 120.41683197, -53.28851318, 13.59251690, -68.92721558, 96.10826111, -46.83632660, -1.55058229, 0.61731285, -0.67885357, 0.27487001, -0.28727898, -0.11635019, 0.84588087, 0.00107065, 99.97100830, 113.32389069, 32.46999741, 0.00000000
1, 28.0100, 2917, -0.58954126, -1.52927029, 0.13885242, -8.21746063, 39.50649261, 111.01536560, -54.16544724, 14.73253441, -69.01490784, 95.91865540, -47.40892410, -1.34601915, 0.61662471, -0.67680240, 0.27718410, -0.29134446, -0.14535518, 0.85415876, -0.07229322, 99.97100830, 113.32389069, 32.46999741, 0.00000000
1, 28.0150, 2918, -0.55520988, -1.43013573, 0.30836180, -17.45511818, 31.04487610, 103.18473816, -54.16544724, 14.73253441, -69.01490784, 95.71966553, -47.93798447, -1.19316161, 0.61619133, -0.67468739, 0.27960691, -0.29483083, -0.18646084, 0.76141739, -0.24455252, 99.97100830, 113.32389069, 32.46999741, 0.00000000
1, 28.0200, 2919, -0.43736273, -1.28565967, 0.48675516, -27.33287430, 23.26995850, 98.46323395, -54.16544724, 14.73253441, -69.01490784, 95.50777435, -48.43955231, -1.09057117, 0.61600089, -0.67244917, 0.28222206, -0.29783511, -0.31066507, 0.62295759, -0.42550361, 99.97100830, 113.32389069, 32.46999741, 0.00000000
1, 28.0250, 2920, -0.42968860, -1.14036262, 0.59451580, -37.09582901, 12.50417328, 96.50818634, -54.75007248, 15.63870239, -69.65799713, 95.30361938, -48.92628098, -1.06405425, 0.61597645, -0.67009801, 0.28519171, -0.30034560, -0.32427871, 0.48365352, -0.53598857, 99.97100830, 113.32389069, 32.46999741, 0.00000000
1, 28.0300, 2921, -0.35806978, -0.91086555, 0.53248942, -48.57162857, 4.00425577, 89.47628784, -54.75007248, 15.63870239, -69.65799713, 95.08488464, -49.37428665, -1.09449244, 0.61626154, -0.66762257, 0.28833064, -0.30227014, -0.40098894, 0.26005214, -0.47639710, 99.97100830, 113.32389069, 32.46999741, 0.00000000
1, 28.0350, 2922, -0.31128556, -0.65735245, 0.37844333, -49.49537659, 2.63519621, 83.74190521, -55.39315796, 12.94942951, -69.65799713, 94.86495209, -49.79320145, -1.12928712, 0.61662048, -0.66519982, 0.29134640, -0.30398306, -0.45221311, 0.01219241, -0.32482350, 99.97100830, 113.32389069, 32.46999741, 0.00000000
1, 28.0400, 2923, -0.31391394, -0.49539736, 0.30475447, -41.44368744, 0.32481030, 78.36156464, -55.39315796, 12.94942951, -69.65799713, 94.79040527, -50.13866806, -1.24847531, 0.61652881, -0.66353762, 0.29407495, -0.30517212, -0.45360446, -0.14480034, -0.25279480, 99.97100830, 113.32389069, 32.46999741, 0.00000000
1, 28.1350, 2924, -0.28319231, -0.22527179, 0.18480448, -27.41451645, -98.19079590, -132.44526672, -50.62847137, 12.30634308, -69.36568451, 98.25110626, -46.91255188, -10.81198978, 0.62601280, -0.66603434, 0.32467765, -0.24308586, -0.44976065, -0.44887012, -0.08899502, 99.97100830, 113.32389069, 32.46999741, 0.00000000
1, 28.1400, 2925, -0.33814955, -0.26067322, 0.17948572, -26.91991425, -93.84831238, -140.55027771, -50.62847137, 12.30634308, -69.36568451, 98.52634430, -46.15416336, -11.36027718, 0.62681264, -0.66834152, 0.32353097, -0.23612154, -0.38580358, -0.42243227, -0.07927314, 99.97100830, 113.32389069, 32.46999741, 0.00000000
1, 28.1450, 2926, -0.37711492, -0.29621273, 0.17678431, -27.72180176, -88.16049957, -148.57162476, -50.62847137, 12.30634308, -69.36568451, 98.72043610, -45.35447311, -11.82719421, 0.62789375, -0.67055923, 0.32190213, -0.22908270, -0.33726478, -0.39626598, -0.07258871, 99.97100830, 113.32389069, 32.46999741, 0.00000000
1, 28.1500, 2927, -0.40041730, -0.32157868, 0.17496169, -29.18072319, -83.53990173, -154.43685913, -49.66384125, 12.56942368, -69.42414093, 98.86815643, -44.52835083, -12.24558067, 0.62910450, -0.67273271, 0.31997129, -0.22198367, -0.30384332, -0.38065159, -0.06741539, 99.97100830, 113.32389069, 32.46999741, 0.00000000
1, 28.1550, 2928, -0.40812966, -0.32493925, 0.16744877, -35.08492661, -74.96222687, -168.63381958, -49.66384125, 12.56942368, -69.42414093, 98.92449188, -43.63819122, -12.58166313, 0.63070619, -0.67481583, 0.31742573, -0.21464905, -0.28522074, -0.38762069, -0.05727851, 99.97100830, 113.32389069, 32.46999741, 0.00000000
1, 28.1600, 2929, -0.39992478, -0.32334185, 0.15062666, -38.59939194, -71.45528412, -176.74275208, -47.82227325, 11.54633141, -68.83952332, 98.93328857, -42.71054840, -12.87973499, 0.63249236, -0.67683440, 0.31455639, -0.20713027, -0.28174037, -0.40002880, -0.03847324, 99.97100830, 113.32389069, 32.46999741, 0.00000000
1, 28.1650, 2930, -0.39124259, -0.31633991, 0.13421373, -41.73585892, -66.95854187, -185.32363892, -47.82227325, 11.54633141, -68.83952332, 98.89376068, -41.74406052, -13.13474369, 0.63446355, -0.67879266, 0.31131497, -0.19944838, -0.27806476, -0.41819409, -0.02062561, 99.97100830, 113.32389069, 32.46999741, 0.00000000
1, 28.1700, 2931, -0.37763184, -0.31583661, 0.11480077, -44.17605591, -61.36053467, -194.55310059, -46.27301788, 10.55247021, -69.10260010, 98.80659485, -40.73647308, -13.34117603, 0.63661307, -0.68070501, 0.30764222, -0.19162680, -0.27858877, -0.43020999, -0.00037625, 99.97100830, 113.32389069, 32.46999741, 0.00000000
1, 28.2450, 2932, -0.28789109, -0.69160783, 0.07547558, -37.80413818, -41.96893692, -316.04849243, -32.24203491, 5.72931862, -70.09646606, 96.03822327, -20.74942780, -14.51900768, 0.66958952, -0.71013194, 0.21188903, -0.04965579, -0.07309767, -0.23588558, 0.02148408, 99.97100830, 113.32389069, 32.46999741, 0.00000000
1, 28.2500, 2933, -0.31374046, -0.76792014, 0.07301694, -34.73210907, -41.35791397, -321.57620239, -32.24203491, 5.72931862, -70.09646606, 95.87565613, -19.12929726, -14.56321144, 0.67093158, -0.71208441, 0.20320971, -0.03863403, -0.02082945, -0.16959345, 0.02205833, 99.97100830, 113.32389069, 32.46999741, 0.00000000
1, 28.2550, 2934, -0.29689327, -0.85206378, 0.11551835, -30.99741745, -42.05353546, -324.65484619, -32.24203491, 5.72931862, -70.09646606, 95.73242950, -17.49358368, -14.61354637, 0.67202008, -0.71402895, 0.19440718, -0.02752539, -0.01079771, -0.09486406, -0.02203554, 99.97100830, 113.32389069, 32.46999741, 0.00000000
1, 28.2600, 2935, -0.26742214, -0.93881595, 0.16078155, -28.68457222, -45.50559235, -326.58923340, -29.17275620, 5.43700647, -70.33031464, 95.60522461, -15.84664726, -14.68439293, 0.67287064, -0.71591359, 0.18560255, -0.01626625, -0.01296417, -0.01678627, -0.06870784, 99.97100830, 113.32389069, 32.46999741, 0.00000000
1, 28.2650, 2936, -0.26223063, -0.99633491, 0.14905557, -24.98290634, -49.33797455, -329.60198975, -29.17275620, 5.43700647, -70.33031464, 95.49999237, -14.18299675, -14.77648544, 0.67343521, -0.71778291, 0.17677538, -0.00482465, 0.00976024, 0.03290440, -0.05822971, 99.97100830, 113.32389069, 32.46999741, 0.00000000
1, 28.2700, 2937, -0.27416044, -1.07817507, 0.10331178, -17.64070129, -51.95212555, -335.64651489, -26.42502213, 5.84624386, -69.74568939, 95.43168640, -12.48807335, -14.88086987, 0.67360526, -0.71975982, 0.16779529, 0.00682121, 0.05042310, 0.10772444, -0.01323744, 99.97100830, 113.32389069, 32.46999741, 0.00000000
1, 28.2750, 2938, -0.31803223, -1.17736518, 0.07196958, -11.59710026, -50.05638504, -341.39178467, -26.42502213, 5.84624386, -69.74568939, 95.38825226, -10.76545906, -14.97391224, 0.67344719, -0.72179610, 0.15854321, 0.01853148, 0.12365709, 0.20066047, 0.01758441, 99.97100830, 113.32389069, 32.46999741, 0.00000000
1, 28.2800, 2939, -0.37301365, -1.28209662, 0.06084350, -6.37210703, -45.29827118, -347.68930054, -26.42502213, 5.84624386, -69.74568939, 95.36357880, -9.01365471, -15.04044724, 0.67299736, -0.72386676, 0.14892012, 0.03023755, 0.20861444, 0.29993197, 0.02841885, 99.97100830, 113.32389069, 32.46999741, 0.00000000
1, 28.2850, 2940, -0.41507563, -1.38162220, 0.05858611, -1.74156749, -38.67449951, -355.02148438, -23.41420555, 4.56007004, -70.76878357, 95.35477448, -7.22835922, -15.07046032, 0.67227465, -0.72595680, 0.13884129, 0.04191346, 0.28133979, 0.39484394, 0.03061542, 99.97100830, 113.32389069, 32.46999741, 0.00000000
1, 28.2900, 2941, -0.44338503, -1.46908307, 0.07820866, 4.87566662, -31.80580139, -363.14419556, -23.41420555, 4.56007004, -70.76878357, 95.37225342, -5.41554594, -15.06207848, 0.67121828, -0.72810262, 0.12833741, 0.05349962, 0.34093326, 0.47858542, 0.01131019, 99.97100830, 113.32389069, 32.46999741, 0.00000000
1, 28.3200, 2942, -0.39856681, -1.82206666, 0.48165438, -14.42788982, 37.59214401, -391.07373047, -14.82022762, 5.52470016, -70.35954285, 95.60803986, 6.02582312, -13.76845360, 0.66123718, -0.73872524, 0.05362925, 0.11905643, 0.49396473, 0.83076859, -0.38819253, 99.97100830, 113.32389069, 32.46999741, 0.00000000
1, 28.3250, 2943, -0.20581579, -1.85940874, 0.40805206, -5.77742386, 62.62387848, -394.72341919, -14.82022762, 5.52470016, -70.35954285, 95.63592529, 7.96000433, -13.26301098, 0.65944773, -0.73966444, 0.03907348, 0.12844718, 0.33490729, 0.87204957, -0.31442088, 99.97100830, 113.32389069, 32.46999741, 0.00000000
1, 28.3300, 2944, -0.22251101, -1.95994890, 0.45276925, -7.14317560, 73.99522400, -388.58123779, -14.82022762, 5.52470016, -70.35954285, 95.68272400, 9.85772896, -12.69954205, 0.65755755, -0.74039507, 0.02436796, 0.13725705, 0.38449493, 0.97746134, -0.35903344, 99.97100830, 113.32389069, 32.46999741, 0.00000000
1, 28.3350, 2945, -0.48608959, -2.05314851, 0.57389265, -10.33141804, 63.32425690, -365.83584595, -12.54019260, 8.85705948, -70.06723022, 95.72016144, 11.64705181, -12.19689369, 0.65571064, -0.74073923, 0.01067726, 0.14572242, 0.67900431, 1.07617259, -0.48084587, 99.97100830, 113.32389069, 32.46999741, 0.00000000
1, 28.3400, 2946, -0.70048749, -2.15016842, 0.60766816, -12.83115292, 53.81626892, -346.33129883, -12.54019260, 8.85705948, -70.06723022, 95.75227356, 13.33346176, -11.74762440, 0.65389079, -0.74078232, -0.00206921, 0.15383194, 0.92254263, 1.17940331, -0.51538980, 99.97100830, 113.32389069, 32.46999741, 0.00000000
1, 28.3450, 2947, -0.67488670, -2.10267782, 0.50975084, -21.04257584, 67.06188202, -324.84469604, -10.34785175, 10.81555080, -70.27185059, 95.76754761, 14.91634560, -11.23813534, 0.65234035, -0.74049944, -0.01461516, 0.16093212, 0.92448223, 1.13873982, -0.41763523, 99.97100830, 113.32389069, 32.46999741, 0.00000000
1, 28.3500, 2948, -0.57248712, -1.92973971, 0.18462622, -34.35759354, 76.78669739, -299.24084473, -10.34785175, 10.81555080, -70.27185059, 95.74041748, 16.36690331, -10.68806934, 0.65126395, -0.73977768, -0.02670175, 0.16694705, 0.84784019, 0.97308302, -0.09290116, 99.97100830, 113.32389069, 32.46999741, 0.00000000
1, 28.3550, 2949, -0.50268561, -1.72299635, -0.13279648, -41.05088043, 67.59649658, -277.04650879, -10.34785175, 10.81555080, -70.27185059, 95.67620087, 17.71188545, -10.19458580, 0.65046424, -0.73869878, -0.03785434, 0.17259049, 0.80174398, 0.77360106, 0.22339344, 99.97100830, 113.32389069, 32.46999741, 0.00000000
1, 28.3600, 2950, -0.52683437, -1.57191598, -0.18154156, -37.91218567, 36.98835754, -252.92897034, -9.23706532, 10.72785759, -70.15492249, 95.58467865, 18.95226479, -9.87218761, 0.64970183, -0.73741448, -0.04733124, 0.17851412, 0.84704095, 0.62926739, 0.27028060, 99.97100830, 113.32389069, 32.46999741, 0.00000000
1, 28.3650, 2951, -0.66355795, -1.33509433, -0.07629132, -29.40812111, -1.59335482, -227.00169373, -9.23706532, 10.72785759, -70.15492249, 95.46981049, 20.08252716, -9.76670647, 0.64887196, -0.73604262, -0.05480766, 0.18493962, 1.00258350, 0.39871585, 0.16259773, 99.97100830, 113.32389069, 32.46999741, 0.00000000
1, 28.3900, 2952, -1.14809835, -0.82986569, 0.67580730, 17.25526047, 29.88762093, -100.23683167, -7.22011089, 13.91405964, -70.33031464, 95.87693787, 23.70683479, -9.57094860, 0.64063531, -0.73554152, -0.07651306, 0.20666607, 1.54734075, -0.08263790, -0.58721185, 99.97100830, 113.32389069, 32.46999741, 0.00000000
1, 28.3950, 2953, -1.07824111, -0.87775970, 0.24387734, 19.34975624, 44.60531616, -75.41121674, -5.96316862, 14.41099072, -70.62262726, 96.08814240, 24.05926132, -9.28602028, 0.63918555, -0.73622072, -0.08000696, 0.20741242, 1.48404872, -0.03126460, -0.15195854, 99.97100830, 113.32389069, 32.46999741, 0.00000000
1, 28.4000, 2954, -0.95824021, -0.92437816, -0.20088869, 21.25642967, 52.79114914, -44.04394150, -5.96316862, 14.41099072, -70.62262726, 96.32216644, 24.25038719, -8.97266960, 0.63791877, -0.73713005, -0.08270460, 0.20702407, 1.36887288, 0.01812648, 0.29647428, 99.97100830, 113.32389069, 32.46999741, 0.00000000
1, 28.4050, 2955, -0.79414308, -0.92546690, -0.43283361, 27.09693146, 60.05068588, -8.92811871, -5.96316862, 14.41099072, -70.62262726, 96.59429932, 24.26181793, -8.63993549, 0.63674611, -0.73839033, -0.08442302, 0.20544334, 1.20625067, 0.02045948, 0.53290457, 99.97100830, 113.32389069, 32.46999741, 0.00000000
1, 28.4100, 2956, -0.63776743, -0.90439451, -0.32565421, 36.53336716, 63.65821457, 24.33731842, -6.37240553, 15.11254025, -69.89184570, 96.91297150, 24.10450363, -8.30881023, 0.63554490, -0.74006301, -0.08508630, 0.20285422, 1.04775977, -0.00104484, 0.43110847, 99.97100830, 113.32389069, 32.46999741, 0.00000000
1, 28.4150, 2957, -0.60598600, -0.94220543, -0.05879931, 43.50665283, 64.45346069, 54.86806107, -6.37240553, 15.11254025, -69.89184570, 97.25851440, 23.79353142, -7.99529743, 0.63437384, -0.74204135, -0.08472410, 0.19941498, 1.01095450, 0.03506372, 0.16990300, 99.97100830, 113.32389069, 32.46999741, 0.00000000
1, 28.4200, 2958, -0.64663839, -1.03987455, 0.15930185, 42.92290115, 65.76316071, 81.54637909, -7.33703566, 15.20023346, -68.92721558, 97.59376526, 23.34769058, -7.69623089, 0.63343370, -0.74410015, -0.08353814, 0.19518742, 1.04445457, 0.13019672, -0.04269626, 99.97100830, 113.32389069, 32.46999741, 0.00000000
1, 28.4250, 2959, -0.67586815, -1.16477799, 0.15400900, 35.26573944, 68.74375916, 104.25344849, -7.33703566, 15.20023346, -68.92721558, 97.88695526, 22.78574753, -7.40134430, 0.63290507, -0.74603641, -0.08176022, 0.19020070, 1.06513286, 0.25212559, -0.03233604, 99.97100830, 113.32389069, 32.46999741, 0.00000000
1, 28.4300, 2960, -0.67920369, -1.36921155, -0.05522895, 23.02565384, 69.09688568, 130.32124329, -7.33703566, 15.20023346, -68.92721558, 98.10810089, 22.09308624, -7.12810659, 0.63296390, -0.74770528, -0.07924126, 0.18443006, 1.05844975, 0.45309794, 0.18103766, 99.97100830, 113.32389069, 32.46999741, 0.00000000
1, 28.4350, 2961, -0.55825639, -1.46724939, -0.14346428, 14.97510815, 68.59741211, 149.83071899, -7.95089149, 15.49254608, -68.34259033, 98.27802277, 21.30326080, -6.87628937, 0.63341278, -0.74918151, -0.07613312, 0.17809889, 0.92529976, 0.54675460, 0.27301797, 99.97100830, 113.32389069, 32.46999741, 0.00000000
1, 28.4850, 2962, -0.59280282, -1.10137963, -0.08805496, 24.60019302, -302.52078247, 155.37403870, -11.86787510, 12.92019844, -68.31335449, 97.50990295, 14.78771114, -8.32937622, 0.64504564, -0.74983722, -0.03046700, 0.14398666, 0.85082626, 0.14378139, 0.21227853, 99.97100830, 113.32389069, 32.46999741, 0.00000000
1, 28.4900, 2963, -0.92102134, -1.12916350, 0.00226002, 36.69149780, -306.97607422, 174.21736145, -11.86787510, 12.92019844, -68.31335449, 97.27190399, 14.08604050, -10.01672649, 0.64531684, -0.74909252, -0.01569203, 0.14893085, 1.16772342, 0.16797459, 0.11707164, 99.97100830, 113.32389069, 32.46999741, 0.00000000
1, 28.4950, 2964, -1.28946126, -1.26191449, 0.10223153, 54.28036880, -267.44912720, 199.89276123, -11.31248188, 12.39403629, -69.54106903, 97.19234467, 13.26097775, -11.50999832, 0.64494312, -0.74895215, -0.00127001, 0.15204489, 1.52222729, 0.29695916, 0.01444274, 99.97100830, 113.32389069, 32.46999741, 0.00000000
1, 28.5000, 2965, -1.28981960, -1.32279408, 0.14288127, 60.06634140, -207.28448486, 214.74824524, -11.31248188, 12.39403629, -69.54106903, 97.23120880, 12.32453918, -12.70092773, 0.64434612, -0.74922806, 0.01197901, 0.15274788, 1.50698519, 0.35424155, -0.02567335, 99.97100830, 113.32389069, 32.46999741, 0.00000000
1, 28.5050, 2966, -1.05441821, -1.30370188, 0.19205199, 67.30850983, -149.48458862, 218.27708435, -11.66325665, 9.61707115, -69.80415344, 97.38619995, 11.33633804, -13.59837151, 0.64346170, -0.74997300, 0.02376100, 0.15143651, 1.25474083, 0.33179146, -0.07166207, 99.97100830, 113.32389069, 32.46999741, 0.00000000
1, 28.5100, 2967, -0.80659753, -1.26880455, 0.34719306, 80.54747009, -113.24500275, 212.24232483, -11.66325665, 9.61707115, -69.80415344, 97.65764618, 10.35812759, -14.30951309, 0.64205533, -0.75123686, 0.03440945, 0.14907800, 0.98969090, 0.29390770, -0.22156036, 99.97100830, 113.32389069, 32.46999741, 0.00000000
1, 28.5150, 2968, -0.58433580, -1.22592056, 0.66233915, 88.01013184, -102.65302277, 204.58314514, -11.66325665, 9.61707115, -69.80415344, 97.98770142, 9.41462612, -14.96524525, 0.64029366, -0.75270128, 0.04455366, 0.14656053, 0.75027573, 0.24835542, -0.53020620, 99.97100830, 113.32389069, 32.46999741, 0.00000000
1, 28.5200, 2969, -0.38675448, -1.10974300, 1.07044101, 74.02380371, -112.70678711, 196.07397461, -12.39403629, 10.34785175, -69.30722046, 98.25070953, 8.52355766, -15.66867638, 0.63884652, -0.75364304, 0.05460699, 0.14462218, 0.53607774, 0.12969896, -0.93237627, 99.97100830, 113.32389069, 32.46999741, 0.00000000
1, 28.5250, 2970, -0.30126888, -0.88168216, 1.28613281, 48.67685318, -127.99034119, 185.13111877, -12.39403629, 10.34785175, -69.30722046, 98.38735199, 7.69969368, -16.44220924, 0.63806212, -0.75372803, 0.06456412, 0.14353499, 0.43553454, -0.10040027, -1.14429760, 99.97100830, 113.32389069, 32.46999741, 0.00000000
1, 28.5300, 2971, -0.40405506, -0.58589983, 1.19458842, 32.07034302, -128.24368286, 172.22694397, -13.56328583, 10.87401295, -69.54106903, 98.45232391, 6.94090033, -17.20755959, 0.63768369, -0.75331205, 0.07399550, 0.14284712, 0.52514935, -0.39758825, -1.05095482, 99.97100830, 113.32389069, 32.46999741, 0.00000000
1, 28.5900, 2972, -0.47986004, -1.31081688, -0.05989335, 28.07408905, 63.29574966, 64.25564575, -16.28178787, 10.40631390, -69.19029236, 100.35448456, 0.61973578, -17.94266129, 0.63192362, -0.75916237, 0.11634372, 0.10396782, 0.49275529, 0.32720008, 0.23583230, 99.97100830, 113.32389069, 32.46999741, 0.00000000
1, 28.5950, 2973, -0.17176653, -1.45885968, -0.11523220, 33.55210876, 74.82290649, 63.40909958, -16.57410049, 9.23706532, -69.04413605, 100.52535248, 0.24106885, -17.63148499, 0.63146776, -0.76010305, 0.11652306, 0.09957106, 0.17791621, 0.47575259, 0.29433346, 99.97100830, 113.32389069, 32.46999741, 0.00000000
1, 28.6000, 2974, 0.07437304, -1.55514872, -0.07056860, 34.28636932, 76.06266022, 64.27055359, -16.57410049, 9.23706532, -69.04413605, 100.69784546, -0.14388923, -17.31614304, 0.63098419, -0.76104927, 0.11669745, 0.09510367, -0.07503454, 0.57250553, 0.25309551, 99.97100830, 113.32389069, 32.46999741, 0.00000000
1, 28.6050, 2975, 0.33494285, -1.57453096, 0.14906149, 23.90160561, 63.76041794, 62.25175476, -17.50950050, 10.37708282, -68.28412628, 100.81668091, -0.50848711, -17.06040764, 0.63076299, -0.76165432, 0.11710009, 0.09115037, -0.34262675, 0.59199595, 0.03641567, 99.97100830, 113.32389069, 32.46999741, 0.00000000
1, 28.6100, 2976, 0.51585263, -1.45834172, 0.30633676, 9.53295612, 51.08317947, 58.45201874, -17.50950050, 10.37708282, -68.28412628, 100.86277771, -0.84312695, -16.86395073, 0.63093108, -0.76182181, 0.11766849, 0.08779389, -0.52991223, 0.47582090, -0.11912420, 99.97100830, 113.32389069, 32.46999741, 0.00000000
1, 28.6150, 2977, 0.60878330, -1.22864234, 0.32880282, -1.13065302, 26.39437294, 55.75595474, -17.50950050, 10.37708282, -68.28412628, 100.85652924, -1.14167690, -16.78638649, 0.63131088, -0.76160741, 0.11878738, 0.08538443, -0.62826073, 0.24618250, -0.14092788, 99.97100830, 113.32389069, 32.46999741, 0.00000000
1, 28.6200, 2978, 0.57417297, -0.96815443, 0.23378335, -1.01305676, -6.39602566, 57.81211090, -17.86027527, 9.09090900, -67.78719330, 100.85414124, -1.41969705, -16.87179565, 0.63152015, -0.76125813, 0.12087895, 0.08400510, -0.59833014, -0.01407179, -0.04571429, 99.97100830, 113.32389069, 32.46999741, 0.00000000
1, 28.6250, 2979, 0.42298660, -0.79150939, 0.11185307, 7.46891499, -36.05228806, 62.92109299, -17.86027527, 9.09090900, -67.78719330, 100.89870453, -1.69493973, -17.10778236, 0.63130462, -0.76100063, 0.12398814, 0.08342347, -0.45164162, -0.19028917, 0.07665279, 99.97100830, 113.32389069, 32.46999741, 0.00000000
1, 28.6300, 2980, 0.20970614, -0.76733553, 0.04803666, 15.18356228, -55.35350800, 67.34024048, -18.53259277, 10.34785175, -68.37181854, 100.98621368, -1.97335374, -17.44310760, 0.63073659, -0.76085228, 0.12780260, 0.08331765, -0.24304764, -0.21395396, 0.14128548, 99.97100830, 113.32389069, 32.46999741, 0.00000000
1, 28.6350, 2981, 0.05129679, -0.82159412, 0.01856937, 18.40438080, -62.53629303, 68.81053925, -18.53259277, 10.34785175, -68.37181854, 101.09283447, -2.25154948, -17.81562805, 0.63001674, -0.76074612, 0.13187321, 0.08339038, -0.08942305, -0.15913352, 0.17200240, 99.97100830, 113.32389069, 32.46999741, 0.00000000
1, 28.6500, 2982, -0.32211056, -0.97668028, 0.18633294, 15.77831936, -61.06195450, 64.46253204, -18.82490540, 7.74627304, -68.34259033, 101.39254761, -3.06027794, -18.93824959, 0.62797713, -0.76020050, 0.14394084, 0.08379143, 0.26936156, -0.00266463, 0.00811545, 99.97100830, 113.32389069, 32.46999741, 0.00000000
1, 28.6550, 2983, -0.40550652, -0.99280322, 0.23470336, 14.20092964, -57.92232132, 60.77181244, -18.97106171, 10.49400711, -68.43028259, 101.48341370, -3.30106544, -19.28246117, 0.62735599, -0.75999516, 0.14759447, 0.08395182, 0.34838372, 0.01392357, -0.03896178, 99.97100830, 113.32389069, 32.46999741, 0.00000000
1, 28.6600, 2984, -0.48096803, -0.99957967, 0.31160119, 13.10060596, -44.22521973, 57.11634445, -18.97106171, 10.49400711, -68.43028259, 101.56594086, -3.53700256, -19.55625725, 0.62683886, -0.75982392, 0.15074563, 0.08376500, 0.41951591, 0.02110688, -0.11465690, 99.97100830, 113.32389069, 32.46999741, 0.00000000
1, 28.6650, 2985, -0.51660174, -1.00024331, 0.36734906, 13.05620289, -32.57181549, 53.36367416, -18.97106171, 10.49400711, -68.43028259, 101.64546967, -3.76579714, -19.76948738, 0.62638062, -0.75971186, 0.15345162, 0.08329473, 0.45099324, 0.02220694, -0.16917661, 99.97100830, 113.32389069, 32.46999741, 0.00000000
1, 28.6700, 2986, -0.53545934, -1.00103211, 0.40341809, 13.76604843, -21.53749084, 49.55158997, -18.97106171, 9.90938282, -68.22566223, 101.72541046, -3.98670173, -19.92508316, 0.62595487, -0.75967926, 0.15573066, 0.08255841, 0.46587980, 0.02347112, -0.20398602, 99.97100830, 113.32389069, 32.46999741, 0.00000000
1, 28.6750, 2987, -0.52244800, -1.00451875, 0.42954850, 14.24245548, -11.63594437, 46.41652679, -18.97106171, 9.90938282, -68.22566223, 101.80463409, -4.20204353, -20.02923965, 0.62556612, -0.75971270, 0.15763581, 0.08157656, 0.44903266, 0.02745770, -0.22878799, 99.97100830, 113.32389069, 32.46999741, 0.00000000
1, 28.6800, 2988, -0.48571509, -0.99994707, 0.43741491, 14.44011879, -2.19194961, 43.37925720, -18.88336754, 10.40631390, -68.57643890, 101.88149261, -4.41199780, -20.08425713, 0.62522244, -0.75980252, 0.15918213, 0.08036344, 0.40860194, 0.02341668, -0.23529413, 99.97100830, 113.32389069, 32.46999741, 0.00000000
1, 28.6850, 2989, -0.43559831, -0.99800599, 0.43206391, 14.35380650, 7.24534178, 40.52070999, -18.88336754, 10.40631390, -68.57643890, 101.95423126, -4.61755037, -20.09029388, 0.62493485, -0.75993991, 0.16037482, 0.07891637, 0.35490352, 0.02202482, -0.22861189, 99.97100830, 113.32389069, 32.46999741, 0.00000000
1, 28.6900, 2990, -0.38096747, -1.00052345, 0.41968468, 14.07117748, 15.28587723, 37.73651886, -18.88336754, 10.40631390, -68.57643890, 102.08638000, -4.90500259, -20.06120110, 0.62435299, -0.76034659, 0.16181023, 0.07664236, 0.29603970, 0.02527121, -0.21445289, 99.97100830, 113.32389069, 32.46999741, 0.00000000
1, 28.6950, 2991, -0.31959665, -1.00060701, 0.41255558, 13.40804386, 22.54545975, 35.42928696, -19.70184135, 9.82168961, -68.13796997, 102.14743042, -5.10158873, -19.98754120, 0.62418193, -0.76053870, 0.16241243, 0.07483376, 0.23049381, 0.02606546, -0.20562884, 99.97100830, 113.32389069, 32.46999741, 0.00000000
1, 28.7500, 2992, -0.08633003, -0.98118687, 0.20435826, 4.13983536, 16.97108459, 29.21017075, -21.13417053, 10.52323914, -67.64103699, 102.39944458, -7.01032543, -18.81010056, 0.62481457, -0.76116014, 0.16490996, 0.05519740, -0.03553576, 0.01138091, 0.00689525, 99.97100830, 113.32389069, 32.46999741, 0.00000000
1, 28.7550, 2993, -0.11910354, -0.97216380, 0.20883651, 3.79718924, 15.92031860, 29.32969475, -21.39725113, 10.26015759, -67.58258057, 102.41300201, -7.17052221, -18.76322937, 0.62487090, -0.76109254, 0.16545662, 0.05384055, -0.00554891, 0.00273739, 0.00251205, 99.97100830, 113.32389069, 32.46999741, 0.00000000
1, 28.7600, 2994, -0.15374373, -0.97332275, 0.21378748, 3.97081828, 16.33293343, 29.61773491, -21.39725113, 10.26015759, -67.58258057, 102.42707825, -7.33259058, -18.71466255, 0.62492371, -0.76102680, 0.16600169, 0.05246073, 0.02628478, 0.00428563, -0.00236637, 99.97100830, 113.32389069, 32.46999741, 0.00000000
1, 28.7650, 2995, -0.18309109, -0.97566938, 0.21742181, 4.17603445, 17.09228897, 29.98374367, -21.39725113, 10.26015759, -67.58258057, 102.44164276, -7.49725533, -18.66277313, 0.62497449, -0.76096410, 0.16653816, 0.05104418, 0.05278260, 0.00703851, -0.00591478, 99.97100830, 113.32389069, 32.46999741, 0.00000000
1, 28.7700, 2996, -0.19087544, -0.98438871, 0.22748017, 4.83487654, 18.55443954, 30.25557709, -21.71879578, 10.64016342, -67.87489319, 102.45844269, -7.66481972, -18.60399437, 0.62501317, -0.76091897, 0.16704473, 0.04956684, 0.05766221, 0.01617252, -0.01582211, 99.97100830, 113.32389069, 32.46999741, 0.00000000
1, 28.7750, 2997, -0.19884160, -0.99694479, 0.25003761, 5.46409369, 22.45570755, 30.48076248, -21.71879578, 10.64016342, -67.87489319, 102.47566986, -7.83767223, -18.52625656, 0.62505817, -0.76089603, 0.16745305, 0.04794930, 0.06260027, 0.02915105, -0.03820451, 99.97100830, 113.32389069, 32.46999741, 0.00000000
1, 28.7800, 2998, -0.20636679, -1.00626552, 0.27223244, 5.02987480, 25.91081047, 30.04285812, -21.86495209, 10.49400711, -67.93334961, 102.48806763, -8.01211739, -18.43102264, 0.62514007, -0.76086926, 0.16775106, 0.04623220, 0.06705779, 0.03889418, -0.06029109, 99.97100830, 113.32389069, 32.46999741, 0.00000000
1, 28.7850, 2999, -0.21515597, -1.00610507, 0.28653997, 4.46031141, 28.74309349, 29.38152313, -21.86495209, 10.49400711, -67.93334961, 102.49526215, -8.18639660, -18.32109261, 0.62525839, -0.76083523, 0.16794811, 0.04444328, 0.07279694, 0.03915811, -0.07457042, 99.97100830, 113.32389069, 32.46999741, 0.00000000
1, 28.8200, 3000, -0.19458236, -0.96148896, 0.24859957, 3.77543116, 55.25073624, 26.20137596, -23.23881912, 10.40631390, -66.67640686, 102.45551300, -9.48719120, -17.02172089, 0.62675095, -0.76075041, 0.16620587, 0.02859826, 0.02993765, -0.00213895, -0.03780885, 99.97100830, 113.32389069, 32.46999741, 0.00000000
1, 28.8250, 3001, -0.14665118, -0.95409548, 0.24548988, 3.95771217, 57.70343781, 25.66163063, -23.23881912, 10.40631390, -66.67640686, 102.43268585, -9.67418480, -16.76372337, 0.62706566, -0.76074415, 0.16547939, 0.02595333, -0.02120382, -0.00908177, -0.03505652, 99.97100830, 113.32389069, 32.46999741, 0.00000000
1, 28.8300, 3002, -0.09209310, -0.95721614, 0.24026698, 4.27669859, 60.64222336, 25.23688889, -23.67728615, 9.88015175, -67.43642426, 102.40802002, -9.86213589, -16.49046898, 0.62738568, -0.76074713, 0.16465735, 0.02322014, -0.07897799, -0.00550300, -0.03023418, 99.97100830, 113.32389069, 32.46999741, 0.00000000
1, 28.8350, 3003, -0.06430423, -0.96602368, 0.22493589, 4.46833229, 59.55805588, 25.48901939, -23.67728615, 9.88015175, -67.43642426, 102.38436890, -10.05004787, -16.22262764, 0.62768662, -0.76074612, 0.16387221, 0.02051440, -0.10996190, 0.00379275, -0.01537171, 99.97100830, 113.32389069, 32.46999741, 0.00000000
1, 28.8400, 3004, -0.05529914, -0.97446322, 0.21860370, 4.04799557, 56.13516998, 25.72825623, -24.46652985, 10.02630806, -67.02718353, 102.36277771, -10.19324684, -15.97171688, 0.62793970, -0.76079130, 0.16296326, 0.01820047, -0.12178528, 0.01265238, -0.00951436, 99.97100830, 113.32389069, 32.46999741, 0.00000000
1, 28.8450, 3005, -0.06450456, -0.97246444, 0.21739796, 3.23322439, 53.01790619, 26.15505600, -24.46652985, 10.02630806, -67.02718353, 102.33729553, -10.37727451, -15.73664665, 0.62822610, -0.76073605, 0.16237663, 0.01570158, -0.11538006, 0.01106213, -0.00884307, 99.97100830, 113.32389069, 32.46999741, 0.00000000
1, 28.8500, 3006, -0.07427471, -0.96896064, 0.21652763, 2.55421233, 50.39423752, 26.38158226, -24.46652985, 10.02630806, -67.02718353, 102.31005859, -10.55953884, -15.51462936, 0.62851262, -0.76065379, 0.16186811, 0.01328801, -0.10874407, 0.00802533, -0.00856279, 99.97100830, 113.32389069, 32.46999741, 0.00000000
1, 28.8550, 3007, -0.08736140, -0.96614444, 0.20763610, 2.58959699, 47.53157043, 26.66341782, -24.43729782, 9.79245853, -66.73487091, 102.28494263, -10.74005222, -15.30693913, 0.62877417, -0.76056427, 0.16144663, 0.01096129, -0.09873917, 0.00569708, -0.00025529, 99.97100830, 113.32389069, 32.46999741, 0.00000000
1, 28.8600, 3008, -0.10776433, -0.96526361, 0.20012757, 2.58910847, 44.76550674, 27.26348877, -24.43729782, 9.79245853, -66.73487091, 102.26186371, -10.92049313, -15.11344624, 0.62901306, -0.76046503, 0.16112015, 0.00870965, -0.08141042, 0.00531815, 0.00668294, 99.97100830, 113.32389069, 32.46999741, 0.00000000
1, 28.8650, 3009, -0.13357599, -0.97080743, 0.20921482, 2.35566616, 43.56978607, 27.65858650, -24.96346092, 10.46477604, -67.02718353, 102.23820496, -11.10153484, -14.92615795, 0.62924820, -0.76035225, 0.16083887, 0.00648841, -0.05872170, 0.01135000, -0.00299176, 99.97100830, 113.32389069, 32.46999741, 0.00000000
1, 28.9000, 3010, -0.34508532, -0.99208915, 0.24405541, -0.37226388, 44.84743118, 24.21854782, -25.75270271, 9.00321579, -67.08564758, 101.98729706, -12.34610844, -13.66035271, 0.63125384, -0.75903827, 0.15908027, -0.00854798, 0.13135718, 0.03600593, -0.04342962, 99.97100830, 113.32389069, 32.46999741, 0.00000000
1, 28.9050, 3011, -0.36104879, -1.00032508, 0.24825795, -0.05632010, 47.90482330, 23.20077896, -26.19117165, 10.37708282, -67.11487579, 101.94090271, -12.50889969, -13.44475555, 0.63157630, -0.75885779, 0.15852506, -0.01077267, 0.14452589, 0.04467105, -0.04857630, 99.97100830, 113.32389069, 32.46999741, 0.00000000
1, 28.9100, 3012, -0.37329948, -1.00704038, 0.24664672, -0.16733705, 51.02303314, 22.40021133, -26.19117165, 10.37708282, -67.11487579, 101.88969421, -12.67079544, -13.21240997, 0.63192087, -0.75867414, 0.15785655, -0.01307754, 0.15402132, 0.05181474, -0.04796356, 99.97100830, 113.32389069, 32.46999741, 0.00000000
1, 28.9150, 3013, -0.37612194, -1.01639926, 0.26256841, -0.53943461, 55.17994690, 21.76793480, -27.06810760, 10.61093235, -66.76410675, 101.83116150, -12.83361435, -12.95823288, 0.63230276, -0.75847733, 0.15705146, -0.01549971, 0.15403813, 0.06155980, -0.06497839, 99.97100830, 113.32389069, 32.46999741, 0.00000000
1, 28.9200, 3014, -0.36198625, -1.02038455, 0.28230688, -1.41014504, 59.36973953, 21.03763199, -27.06810760, 10.61093235, -66.76410675, 101.76261139, -12.99684715, -12.68190861, 0.63273823, -0.75825334, 0.15610604, -0.01803412, 0.13707684, 0.06590473, -0.08591363, 99.97100830, 113.32389069, 32.46999741, 0.00000000
1, 28.9250, 3015, -0.32614464, -1.02316344, 0.28717560, -1.95262206, 62.96229553, 20.63944054, -27.06810760, 10.61093235, -66.76410675, 101.68629456, -13.16141319, -12.38671398, 0.63321143, -0.75800812, 0.15504727, -0.02067241, 0.09843084, 0.06905009, -0.09207460, 99.97100830, 113.32389069, 32.46999741, 0.00000000
1, 28.9300, 3016, -0.27962583, -1.02628028, 0.31028700, -2.48442268, 65.65148163, 20.14947128, -27.27272606, 10.05553913, -66.67640686, 101.60317993, -13.32587910, -12.07703876, 0.63371545, -0.75774264, 0.15389699, -0.02338226, 0.04905696, 0.07249211, -0.11656266, 99.97100830, 113.32389069, 32.46999741, 0.00000000
1, 28.9350, 3017, -0.19990683, -1.02853894, 0.35225877, -2.51342583, 67.89676666, 19.46726036, -27.27272606, 10.05553913, -66.67640686, 101.51615143, -13.48879147, -11.75490093, 0.63423038, -0.75747150, 0.15266064, -0.02614692, -0.03353782, 0.07503290, -0.15990764, 99.97100830, 113.32389069, 32.46999741, 0.00000000
1, 28.9400, 3018, -0.14651725, -1.03229499, 0.27886993, -1.95816731, 71.88286591, 19.02942085, -28.00350761, 10.28938866, -66.50102234, 101.44375610, -13.62042427, -11.41566467, 0.63463134, -0.75734305, 0.15114336, -0.02881649, -0.08925115, 0.07922605, -0.08785849, 99.97100830, 113.32389069, 32.46999741, 0.00000000
1, 28.9450, 3019, -0.11276960, -1.03456819, 0.21571985, -0.95895183, 71.67537689, 19.32722473, -28.00350761, 10.28938866, -66.50102234, 101.35811615, -13.78546619, -11.07344341, 0.63510686, -0.75709689, 0.14979289, -0.03171195, -0.12535492, 0.08194131, -0.02603920, 99.97100830, 113.32389069, 32.46999741, 0.00000000
1, 29.0100, 3020, 0.13071281, -1.13442039, -0.06594614, 0.46602622, 19.82848549, 77.52179718, -30.51739311, 10.17246437, -67.69950104, 100.55531311, -17.08611870, -8.48247242, 0.63869673, -0.75151217, 0.15092729, -0.06720790, -0.42267388, 0.19433415, 0.23962528, 99.97100830, 113.32389069, 32.46999741, 0.00000000
1, 29.0150, 3021, 0.11915415, -1.19197834, -0.05380515, -1.22039473, 16.21864891, 82.22432709, -31.71587181, 10.72785759, -66.91026306, 100.54866791, -17.50514793, -8.47711468, 0.63859230, -0.75088972, 0.15316899, -0.07002783, -0.41805226, 0.25395495, 0.22687271, 99.97100830, 113.32389069, 32.46999741, 0.00000000
1, 29.0200, 3022, 0.09084713, -1.22762597, -0.03036224, -3.42302012, 13.97777557, 86.30005646, -31.71587181, 10.72785759, -66.91026306, 100.53566742, -17.94221306, -8.48712540, 0.63852352, -0.75017506, 0.15561135, -0.07287270, -0.39699966, 0.29177642, 0.20269896, 99.97100830, 113.32389069, 32.46999741, 0.00000000
1, 29.0250, 3023, 0.05642798, -1.23503983, 0.03095809, -4.91620493, 14.65353012, 89.55997467, -31.71587181, 10.72785759, -66.91026306, 100.51515198, -18.39593506, -8.49663353, 0.63848794, -0.74938321, 0.15814382, -0.07581953, -0.37019664, 0.30142528, 0.14053155, 99.97100830, 113.32389069, 32.46999741, 0.00000000
1, 29.0300, 3024, 0.02913980, -1.22179234, 0.11271030, -4.99536467, 15.91308022, 92.21990204, -31.94972229, 10.58170128, -67.29026794, 100.49304199, -18.86387825, -8.50198460, 0.63844424, -0.74855483, 0.16072564, -0.07888007, -0.35079843, 0.29050756, 0.05790159, 99.97100830, 113.32389069, 32.46999741, 0.00000000
1, 29.0350, 3025, 0.02017993, -1.19921386, 0.18140495, -4.25386190, 16.87497139, 94.51178741, -31.94972229, 10.58170128, -67.29026794, 100.47371674, -19.34395027, -8.50434494, 0.63836408, -0.74771494, 0.16334993, -0.08203977, -0.34988475, 0.27042007, -0.01159884, 99.97100830, 113.32389069, 32.46999741, 0.00000000
1, 29.0400, 3026, 0.02818444, -1.17496133, 0.21429728, -3.55263329, 18.22027588, 96.77827454, -32.82666016, 9.88015175, -66.79333496, 100.45645905, -19.76127052, -8.50078297, 0.63828403, -0.74697977, 0.16559345, -0.08481520, -0.36540413, 0.24864115, -0.04519214, 99.97100830, 113.32389069, 32.46999741, 0.00000000
1, 29.0450, 3027, 0.03799619, -1.16271281, 0.19512944, -2.31586361, 19.52217674, 99.59773254, -32.82666016, 9.88015175, -66.79333496, 100.44374847, -20.26871872, -8.49386692, 0.63811898, -0.74612260, 0.16829652, -0.08821413, -0.38280612, 0.23910353, -0.02671071, 99.97100830, 113.32389069, 32.46999741, 0.00000000
1, 29.0500, 3028, 0.04708099, -1.16852891, 0.19826460, -1.18892562, 21.00551605, 102.07239532, -32.82666016, 9.88015175, -66.79333496, 100.43469238, -20.78965759, -8.48140144, 0.63790560, -0.74525791, 0.17103082, -0.09173678, -0.40035915, 0.24797902, -0.03056452, 99.97100830, 113.32389069, 32.46999741, 0.00000000
1, 29.0550, 3029, 0.06739328, -1.18300712, 0.22220941, 0.04303400, 22.81787491, 105.39481354, -32.97281647, 10.43554497, -66.76410675, 100.42941284, -21.32855225, -8.46247292, 0.63763845, -0.74437988, 0.17381379, -0.09541810, -0.42946115, 0.26568419, -0.05517779, 99.97100830, 113.32389069, 32.46999741, 0.00000000
1, 29.0750, 3030, 0.17131454, -1.24327374, 0.21897237, -0.87525010, 18.98242760, 116.91735840, -34.49283981, 10.58170128, -67.02718353, 100.41471863, -23.61237526, -8.46223640, 0.63636351, -0.74039990, 0.18608114, -0.11055943, -0.57002622, 0.34071216, -0.05477317, 99.97100830, 113.32389069, 32.46999741, 0.00000000
1, 29.0800, 3031, 0.20415474, -1.27289820, 0.23158087, -0.56538397, 17.58716011, 120.03485870, -35.48669815, 10.17246437, -67.52411652, 100.42272186, -24.21859932, -8.48526287, 0.63592863, -0.73932201, 0.18946289, -0.11446245, -0.61252379, 0.37450308, -0.06801673, 99.97100830, 113.32389069, 32.46999741, 0.00000000
1, 29.0850, 3032, 0.22760718, -1.30930018, 0.24384309, 0.21109195, 15.87855816, 123.31420898, -35.48669815, 10.17246437, -67.52411652, 100.44016266, -24.83940506, -8.52102947, 0.63541973, -0.73822594, 0.19298841, -0.11840469, -0.64581752, 0.41530007, -0.08084831, 99.97100830, 113.32389069, 32.46999741, 0.00000000
1, 29.0900, 3033, 0.23885065, -1.34339178, 0.25084567, 0.06209947, 14.26280975, 126.74775696, -36.56825638, 11.34171295, -67.26103210, 100.46283722, -25.40280914, -8.56855488, 0.63491625, -0.73722279, 0.19627106, -0.12190886, -0.66650766, 0.45376152, -0.08833610, 99.97100830, 113.32389069, 32.46999741, 0.00000000
1, 29.0950, 3034, 0.24480818, -1.37298799, 0.23602536, -1.12439203, 13.09623528, 129.95983887, -36.56825638, 11.34171295, -67.26103210, 100.48422241, -26.05377769, -8.62701893, 0.63435441, -0.73600507, 0.20008323, -0.12592788, -0.68204498, 0.48797411, -0.07404760, 99.97100830, 113.32389069, 32.46999741, 0.00000000
1, 29.1000, 3035, 0.23881841, -1.39825952, 0.21325082, -1.85725582, 12.66392708, 133.21871948, -36.68518066, 11.34171295, -67.23180389, 100.50534821, -26.72037697, -8.69173336, 0.63377321, -0.73471659, 0.20400926, -0.13001299, -0.68637151, 0.51836663, -0.05193462, 99.97100830, 113.32389069, 32.46999741, 0.00000000
1, 29.1050, 3036, 0.23655139, -1.41366196, 0.20590672, -1.94111645, 14.52751160, 136.83953857, -36.68518066, 11.69248772, -67.23180389, 100.52404785, -27.40644455, -8.75048733, 0.63316846, -0.73335731, 0.20799293, -0.13425274, -0.69464755, 0.53910482, -0.04529161, 99.97100830, 113.32389069, 32.46999741, 0.00000000
1, 29.1100, 3037, 0.22805172, -1.42897487, 0.19226736, -1.83472025, 18.62304306, 141.87815857, -36.68518066, 11.69248772, -67.23180389, 100.53605652, -28.12098694, -8.79221058, 0.63254380, -0.73190415, 0.21201561, -0.13875893, -0.69709861, 0.56012076, -0.03254423, 99.97100830, 113.32389069, 32.46999741, 0.00000000
1, 29.1150, 3038, 0.23013379, -1.43838930, 0.17324273, -1.15787458, 22.14545822, 144.86280823, -38.52674484, 11.19555664, -67.05641174, 100.54422760, -28.85338211, -8.81773186, 0.63188666, -0.73039180, 0.21602346, -0.14346078, -0.71031988, 0.57551396, -0.01450103, 99.97100830, 113.32389069, 32.46999741, 0.00000000
1, 29.1200, 3039, 0.25482380, -1.44546282, 0.17247453, 0.75351137, 26.45225716, 147.53500366, -38.52674484, 11.19555664, -67.05641174, 100.55191040, -29.60280418, -8.82206440, 0.63116610, -0.72884959, 0.21997628, -0.14838541, -0.74637544, 0.58881789, -0.01471184, 99.97100830, 113.32389069, 32.46999741, 0.00000000
1, 29.1550, 3040, 0.48521587, -1.73508024, 0.24403848, 15.93934822, 109.30564880, 162.32089233, -42.35603714, 12.74481106, -66.73487091, 99.91064453, -35.36465454, -7.18483543, 0.62635356, -0.71569699, 0.24073866, -0.19365948, -1.06140804, 0.92927051, -0.10421444, 99.97100830, 113.32389069, 32.46999741, 0.00000000
1, 29.1600, 3041, 0.70717019, -1.78887105, 0.32206187, 21.85623932, 119.44949341, 159.75331116, -42.35603714, 12.74481106, -66.73487091, 99.69434357, -36.25243759, -6.62497902, 0.62554437, -0.71359074, 0.24225070, -0.20198321, -1.29618871, 0.99132341, -0.18629137, 99.97100830, 113.32389069, 32.46999741, 0.00000000
1, 29.1650, 3042, 0.79799300, -1.69566131, 0.41381627, 15.02340412, 130.19158936, 153.78692627, -44.48991394, 13.56328583, -67.14411163, 99.38700867, -37.11761856, -5.98162794, 0.62506592, -0.71121103, 0.24332581, -0.21039020, -1.39948940, 0.90622675, -0.28309810, 99.97100830, 113.32389069, 32.46999741, 0.00000000
1, 29.1700, 3043, 0.74934202, -1.60802639, 0.31973311, 11.03521156, 126.26228333, 147.68000793, -44.48991394, 13.56328583, -67.14411163, 99.05516815, -37.94667816, -5.34332752, 0.62467909, -0.70876974, 0.24433790, -0.21845053, -1.36223841, 0.82676709, -0.19489048, 99.97100830, 113.32389069, 32.46999741, 0.00000000
1, 29.1750, 3044, 0.59684384, -1.49589288, 0.07285043, 5.56857872, 121.50632477, 143.57019043, -45.95147705, 14.76176548, -68.37181854, 98.69649506, -38.74881363, -4.71749783, 0.62440622, -0.70621866, 0.24538842, -0.22617869, -1.22021711, 0.72288579, 0.04564472, 99.97100830, 113.32389069, 32.46999741, 0.00000000
1, 29.1800, 3045, 0.39801985, -1.35806549, -0.13182028, 10.37390900, 111.85086823, 141.21081543, -45.95147705, 14.76176548, -68.37181854, 98.38430023, -39.52920532, -4.13790941, 0.62386489, -0.70387328, 0.24656568, -0.23358181, -1.03155231, 0.59324682, 0.24433473, 99.97100830, 113.32389069, 32.46999741, 0.00000000
1, 29.1850, 3046, 0.23546782, -1.27500820, -0.16347516, 25.02803230, 102.42569733, 138.59132385, -45.95147705, 14.76176548, -68.37181854, 98.16961670, -40.28765106, -3.60551119, 0.62276191, -0.70200908, 0.24775428, -0.24076714, -0.87917304, 0.51819938, 0.27129874, 99.97100830, 113.32389069, 32.46999741, 0.00000000
1, 29.1900, 3047, 0.06237291, -1.24295545, 0.02179131, 36.91786194, 98.56546021, 138.24281311, -47.79304123, 15.63870239, -67.99181366, 98.01226807, -40.97809219, -3.08359480, 0.62136674, -0.70059770, 0.24855137, -0.24756518, -0.71612996, 0.49362803, 0.08232521, 99.97100830, 113.32389069, 32.46999741, 0.00000000
1, 29.1950, 3048, -0.11014207, -1.23407507, 0.34054232, 34.27863693, 101.84439087, 137.09266663, -47.79304123, 15.63870239, -67.99181366, 97.82344055, -41.72609329, -2.53584552, 0.61991924, -0.69892943, 0.24958645, -0.25476342, -0.55384022, 0.49208000, -0.24026552, 99.97100830, 113.32389069, 32.46999741, 0.00000000
1, 29.2000, 3049, -0.22423403, -1.22451007, 0.50931412, 19.63888359, 103.60057831, 137.04048157, -49.25460434, 16.39871407, -68.05027771, 97.54118347, -42.47349930, -1.96581447, 0.61890185, -0.69680595, 0.25072199, -0.26184076, -0.44986859, 0.49041364, -0.41381198, 99.97100830, 113.32389069, 32.46999741, 0.00000000
1, 29.2350, 3050, -0.70927012, -1.47243583, -0.05024885, 3.96494412, 84.37506104, 134.22294617, -52.00233841, 17.71411896, -68.57643890, 94.87406158, -47.90169525, 1.82765269, 0.61331105, -0.67740798, 0.26381630, -0.30881870, -0.03056781, 0.80239606, 0.10434698, 99.97100830, 113.32389069, 32.46999741, 0.00000000
1, 29.2400, 3051, -0.68530792, -1.50140929, 0.04768945, -1.87202525, 79.63829803, 124.79035950, -53.25928116, 18.73721123, -68.95644379, 94.47550201, -48.52854156, 2.35053372, 0.61266017, -0.67490184, 0.26522791, -0.31433934, -0.06240580, 0.83928883, 0.00114261, 99.97100830, 113.32389069, 32.46999741, 0.00000000
1, 29.2450, 3052, -0.64740503, -1.49623477, 0.19874270, -8.11300373, 70.05813599, 115.28252411, -53.25928116, 18.73721123, -68.95644379, 94.08504486, -49.12909317, 2.81727076, 0.61211294, -0.67238450, 0.26684487, -0.31939113, -0.10759731, 0.84136021, -0.15495121, 99.97100830, 113.32389069, 32.46999741, 0.00000000
1, 29.2500, 3053, -0.64542407, -1.41695666, 0.39044163, -10.96619034, 59.99322891, 106.87673187, -54.57468414, 19.14644814, -69.33644867, 93.72375488, -49.68236542, 3.22262359, 0.61163008, -0.67000705, 0.26851672, -0.32387972, -0.11649758, 0.76893777, -0.35122269, 99.97100830, 113.32389069, 32.46999741, 0.00000000
1, 29.2550, 3054, -0.50695187, -1.26563823, 0.47310576, -16.12255096, 51.16267395, 94.07804871, -54.57468414, 19.14644814, -69.33644867, 93.37451172, -50.16753387, 3.57518291, 0.61136013, -0.66774857, 0.27011794, -0.32769963, -0.26083681, 0.62391871, -0.43767020, 99.97100830, 113.32389069, 32.46999741, 0.00000000
1, 29.2600, 3055, -0.43890178, -1.13292098, 0.50843388, -20.88815498, 45.64420319, 82.75542450, -54.57468414, 19.14644814, -69.33644867, 93.02294159, -50.59332657, 3.89733982, 0.61131382, -0.66556132, 0.27160069, -0.33099359, -0.33388570, 0.49682009, -0.47683740, 99.97100830, 113.32389069, 32.46999741, 0.00000000
1, 29.2650, 3056, -0.43529305, -0.94712949, 0.47632170, -28.45197105, 44.98458862, 71.16361237, -55.56854630, 20.02338409, -69.77491760, 92.62712097, -50.95981216, 4.22575092, 0.61163718, -0.66330737, 0.27287078, -0.33386371, -0.34162959, 0.31600595, -0.44889772, 99.97100830, 113.32389069, 32.46999741, 0.00000000
1, 29.2700, 3057, -0.45758653, -0.55087757, 0.37520260, -32.82690048, 47.97247314, 58.21605301, -55.56854630, 20.02338409, -69.77491760, 92.18112946, -51.26073837, 4.58875608, 0.61230344, -0.66103733, 0.27374741, -0.33641717, -0.32259712, -0.07595008, -0.35215998, 99.97100830, 113.32389069, 32.46999741, 0.00000000
1, 29.2750, 3058, -0.44932353, -0.39305028, 0.33790454, -26.96793747, 46.55263519, 48.29301834, -56.06547546, 19.00029182, -69.48260498, 91.76551819, -51.51001740, 4.94884491, 0.61292320, -0.65905553, 0.27428678, -0.33872977, -0.33362785, -0.23031622, -0.31943423, 99.97100830, 113.32389069, 32.46999741, 0.00000000
1, 29.2800, 3059, -0.42503333, -0.23629047, 0.29658401, -13.52767181, 38.38148117, 36.46510315, -56.06547546, 19.00029182, -69.48260498, 91.46234894, -51.69751740, 5.24993801, 0.61322951, -0.65768999, 0.27450421, -0.34064779, -0.35997939, -0.38438866, -0.28143889, 99.97100830, 113.32389069, 32.46999741, 0.00000000
1, 29.3050, 3060, -0.44116825, -0.58492589, 0.18124063, -6.52036142, -13.63228321, 1.38087785, -57.08856964, 17.80181122, -69.51184082, 91.09300995, -52.06586838, 5.65168190, 0.61306596, -0.65576959, 0.27537152, -0.34392872, -0.34801185, -0.03000907, -0.17177162, 99.97100830, 113.32389069, 32.46999741, 0.00000000
1, 29.3100, 3061, -0.36415413, -0.55763209, 0.21171801, -10.71303272, -30.22517204, -5.44590378, -57.08856964, 17.80181122, -69.51184082, 91.23248291, -52.03594208, 5.40680027, 0.61308962, -0.65600032, 0.27618721, -0.34279069, -0.42487794, -0.05761408, -0.20074087, 99.97100830, 113.32389069, 32.46999741, 0.00000000
1, 29.3150, 3062, -0.33693406, -0.48343849, 0.20459302, -14.99431515, -45.51491928, -12.90648651, -56.50394440, 20.14031029, -69.86260986, 91.44682312, -51.96665573, 5.03949165, 0.61316073, -0.65643221, 0.27726322, -0.34096318, -0.45144320, -0.13256313, -0.19128749, 99.97100830, 113.32389069, 32.46999741, 0.00000000
1, 29.3200, 3063, -0.33925366, -0.39597329, 0.17164662, -18.41304779, -55.73830795, -20.71296883, -56.50394440, 20.14031029, -69.86260986, 91.70655823, -51.85614014, 4.59219694, 0.61331868, -0.65701449, 0.27843967, -0.33859059, -0.44796515, -0.22127691, -0.15547949, 99.97100830, 113.32389069, 32.46999741, 0.00000000
1, 29.3250, 3064, -0.35079399, -0.27525899, 0.15433264, -19.24015236, -63.35361481, -31.78518295, -56.79625702, 19.49722290, -69.39491272, 92.00574493, -51.68778229, 4.08840656, 0.61356622, -0.65781540, 0.27951351, -0.33568996, -0.43475425, -0.34393227, -0.13481067, 99.97100830, 113.32389069, 32.46999741, 0.00000000
1, 29.3300, 3065, -0.35140130, -0.22972627, 0.15377839, -18.07509422, -70.61001587, -41.12159729, -56.79625702, 19.49722290, -69.39491272, 92.35031128, -51.46971893, 3.53263283, 0.61382157, -0.65885925, 0.28049463, -0.33234084, -0.43192273, -0.39214027, -0.13055459, 99.97100830, 113.32389069, 32.46999741, 0.00000000
1, 29.3350, 3066, -0.35521486, -0.16960363, 0.14684157, -15.23157501, -82.09389496, -53.69978333, -56.79625702, 19.49722290, -69.39491272, 92.77146149, -51.18399429, 2.89483118, 0.61402774, -0.66028851, 0.28137711, -0.32835358, -0.42513430, -0.45576042, -0.11892443, 99.97100830, 113.32389069, 32.46999741, 0.00000000
1, 29.3400, 3067, -0.37103844, -0.14007449, 0.13557225, -13.86778355, -91.37238312, -64.34879303, -55.83162689, 19.76030350, -68.13796997, 93.28270721, -50.86365509, 2.16639996, 0.61401981, -0.66207123, 0.28236988, -0.32389608, -0.40580130, -0.48931330, -0.10218537, 99.97100830, 113.32389069, 32.46999741, 0.00000000
1, 29.3450, 3068, -0.36893454, -0.11662677, 0.12230099, -12.89619827, -103.51067352, -74.99088287, -55.83162689, 19.76030350, -68.13796997, 93.82006073, -50.45831680, 1.38707066, 0.61416811, -0.66409653, 0.28316635, -0.31873232, -0.40369999, -0.51748121, -0.08261831, 99.97100830, 113.32389069, 32.46999741, 0.00000000
1, 29.3500, 3069, -0.36156392, -0.09621316, 0.09880768, -12.96658707, -117.87123871, -86.30360413, -55.45162201, 19.35106659, -67.26103210, 94.42395020, -49.98662949, 0.51556706, 0.61427641, -0.66643441, 0.28401211, -0.31283674, -0.40594506, -0.54349762, -0.05212227, 99.97100830, 113.32389069, 32.46999741, 0.00000000
1, 29.4250, 3070, -0.26757246, -0.44411492, 0.20988122, -21.82863998, -91.61933899, -246.84017944, -42.91143036, 11.86787510, -62.84711838, 101.47349548, -35.11364746, -10.35299015, 0.62201482, -0.71794504, 0.25673351, -0.17815842, -0.31280413, -0.35466906, -0.04930578, 99.97100830, 113.32389069, 32.46999741, 0.00000000
1, 29.4300, 3071, -0.32105571, -0.48226532, 0.16890588, -25.28642654, -86.89513397, -254.85069275, -42.91143036, 11.86787510, -62.84711838, 101.46376038, -33.77904892, -10.56478500, 0.62378460, -0.72072309, 0.25130966, -0.16820985, -0.24021110, -0.32938111, -0.00587259, 99.97100830, 113.32389069, 32.46999741, 0.00000000
1, 29.4350, 3072, -0.35887793, -0.51542640, 0.12706651, -29.32242775, -81.34724426, -262.55386353, -41.04063034, 10.75708866, -63.34405136, 101.40564728, -32.41230011, -10.73272896, 0.62571025, -0.72333199, 0.24548702, -0.15815729, -0.18249236, -0.30909309, 0.03775002, 99.97100830, 113.32389069, 32.46999741, 0.00000000
1, 29.4400, 3073, -0.37663642, -0.54425192, 0.12005440, -33.20666885, -77.00700378, -272.14544678, -41.04063034, 10.75708866, -63.34405136, 101.30687714, -31.00649834, -10.86511612, 0.62776697, -0.72579670, 0.23925506, -0.14793560, -0.14402539, -0.29322568, 0.04589755, 99.97100830, 113.32389069, 32.46999741, 0.00000000
1, 29.4450, 3074, -0.39533526, -0.57925022, 0.10417571, -36.83123779, -67.55620575, -281.23297119, -41.04063034, 10.75708866, -63.34405136, 101.15425110, -29.56202888, -10.93447208, 0.63000828, -0.72808301, 0.23244120, -0.13768052, -0.10378270, -0.27109528, 0.06213974, 99.97100830, 113.32389069, 32.46999741, 0.00000000
1, 29.4500, 3075, -0.43639597, -0.61152291, 0.07171953, -38.35557556, -60.74688339, -288.34213257, -38.11750793, 10.05553913, -62.81789017, 100.97212982, -28.08935165, -10.96179008, 0.63230616, -0.73023826, 0.22518535, -0.12740751, -0.04030652, -0.25152540, 0.09423536, 99.97100830, 113.32389069, 32.46999741, 0.00000000
1, 29.4550, 3076, -0.45957306, -0.64864588, 0.05380891, -40.11075211, -52.22656631, -294.25082397, -38.11750793, 10.05553913, -62.81789017, 100.75847626, -26.59572411, -10.94114494, 0.63466918, -0.73223090, 0.21747768, -0.11720318, 0.00591733, -0.22684129, 0.11118704, 99.97100830, 113.32389069, 32.46999741, 0.00000000
1, 29.4600, 3077, -0.47188920, -0.67588282, 0.07827684, -41.35233688, -44.70814896, -298.85797119, -35.34054184, 8.24320412, -63.40251160, 100.52209473, -25.08629227, -10.88155651, 0.63705587, -0.73406601, 0.20938294, -0.10707853, 0.04174842, -0.21172401, 0.08524089, 99.97100830, 113.32389069, 32.46999741, 0.00000000
1, 29.5050, 3078, -0.22898827, -1.01125276, 0.06366663, -35.07675934, -22.09137726, -349.64505005, -27.50657654, 7.19087982, -64.13329315, 98.18820190, -10.71679783, -9.81265736, 0.65560490, -0.74449593, 0.12528405, -0.01456083, 0.03534834, 0.04019459, 0.07467243, 99.97100830, 113.32389069, 32.46999741, 0.00000000
1, 29.5100, 3079, -0.23205481, -1.08631754, 0.03284984, -28.19389153, -22.62451935, -358.40332031, -24.17421722, 5.93393755, -64.63022614, 98.01897430, -8.92688370, -9.67307186, 0.65656924, -0.74554539, 0.11431311, -0.00339679, 0.06904132, 0.10939814, 0.10310191, 99.97100830, 113.32389069, 32.46999741, 0.00000000
1, 29.5150, 3080, -0.24117972, -1.14298236, 0.00502950, -21.10278130, -22.73723221, -367.18917847, -24.17421722, 5.93393755, -64.63022614, 97.88941956, -7.09293985, -9.53336334, 0.65713841, -0.74665272, 0.10302950, 0.00798908, 0.10969941, 0.16113825, 0.12907635, 99.97100830, 113.32389069, 32.46999741, 0.00000000
1, 29.5200, 3081, -0.23238929, -1.23859358, -0.01815400, -10.64126778, -22.37796021, -377.02328491, -24.17421722, 5.93393755, -64.63022614, 97.81607056, -5.21013975, -9.38908577, 0.65719140, -0.74790579, 0.09139168, 0.01959796, 0.13339527, 0.25284827, 0.15110007, 99.97100830, 113.32389069, 32.46999741, 0.00000000
1, 29.5250, 3082, -0.22845213, -1.44601548, 0.01933665, 2.37120390, -23.14723015, -382.43002319, -21.57263947, 8.12627888, -65.33177185, 97.81256866, -3.29978943, -9.24660492, 0.65663153, -0.74934632, 0.07958432, 0.03133051, 0.16251177, 0.45744538, 0.11331647, 99.97100830, 113.32389069, 32.46999741, 0.00000000
1, 29.5300, 3083, -0.26235154, -1.63139045, 0.08794399, 8.62855721, -28.27158165, -380.00286865, -21.57263947, 8.12627888, -65.33177185, 97.84617615, -1.39797091, -9.13085461, 0.65567023, -0.75074232, 0.06798868, 0.04313034, 0.22944795, 0.64114642, 0.04500176, 99.97100830, 113.32389069, 32.46999741, 0.00000000
1, 29.5350, 3084, -0.24040291, -1.71329558, 0.13551486, 9.52144909, -34.52655411, -380.30355835, -18.32797432, 8.44782257, -65.06869507, 97.88833618, 0.50948781, -9.04470825, 0.65447867, -0.75194490, 0.05654524, 0.05512865, 0.24060485, 0.72254211, -0.00187252, 99.97100830, 113.32389069, 32.46999741, 0.00000000
1, 29.5400, 3085, -0.15670866, -1.82078528, 0.18237545, 9.18241882, -36.89688873, -384.73727417, -18.32797432, 8.44782257, -65.06869507, 97.93048859, 2.43642998, -8.96590614, 0.65310705, -0.75292462, 0.04503049, 0.06729117, 0.19034834, 0.83063608, -0.04802603, 99.97100830, 113.32389069, 32.46999741, 0.00000000
1, 29.5450, 3086, -0.11915235, -1.93249166, 0.29879832, 4.01217937, -36.48818207, -387.67620850, -18.32797432, 8.44782257, -65.06869507, 97.95076752, 4.38156319, -8.88177967, 0.65170145, -0.75355554, 0.03335677, 0.07953990, 0.18632841, 0.94392800, -0.16431542, 99.97100830, 113.32389069, 32.46999741, 0.00000000
1, 29.5500, 3087, -0.12136818, -2.00438142, 0.39305726, -4.55033636, -34.77203369, -389.69952393, -15.11254025, 9.67553329, -65.12715149, 97.93199921, 6.33544159, -8.78745651, 0.65038419, -0.75373316, 0.02152875, 0.09177851, 0.22221439, 1.01850641, -0.25923049, 99.97100830, 113.32389069, 32.46999741, 0.00000000
1, 29.5850, 3088, -0.42786109, -2.06996870, 0.27394956, -18.14830017, 1.82187212, -309.22595215, -7.01549244, 13.88482857, -66.41333008, 97.81524658, 19.07941246, -7.57941389, 0.63851297, -0.74880302, -0.05956928, 0.16747175, 0.74784505, 1.13117659, -0.14939934, 99.97100830, 113.32389069, 32.46999741, 0.00000000
1, 29.5900, 3089, -0.34942138, -1.94091892, -0.01952673, -36.93881989, -3.87225866, -286.09317017, -7.01549244, 13.88482857, -66.41333008, 97.68183136, 20.48130798, -7.39979601, 0.63768035, -0.74689770, -0.06895428, 0.17536546, 0.69380224, 1.01063764, 0.14163342, 99.97100830, 113.32389069, 32.46999741, 0.00000000
1, 29.5950, 3090, -0.38130212, -1.75091255, -0.26915282, -38.40602112, -24.14560890, -261.74078369, -7.01549244, 13.88482857, -66.41333008, 97.50606537, 21.79405594, -7.34509325, 0.63698399, -0.74478453, -0.07708997, 0.18331559, 0.74800575, 0.82884097, 0.38762265, 99.97100830, 113.32389069, 32.46999741, 0.00000000
1, 29.6000, 3091, -0.60002053, -1.52706766, -0.37473920, -25.04436493, -59.35797882, -239.51057434, -5.93393755, 15.75562668, -66.32563782, 97.31901550, 23.01928520, -7.49865532, 0.63606864, -0.74274349, -0.08340742, 0.19181265, 0.98713171, 0.61288774, 0.48900491, 99.97100830, 113.32389069, 32.46999741, 0.00000000
1, 29.6050, 3092, -1.14328241, -1.35150433, 0.24102806, -6.60438061, -95.91590881, -213.06565857, -5.93393755, 15.75562668, -66.32563782, 97.13307953, 24.13578033, -7.87366533, 0.63483721, -0.74092489, -0.08768995, 0.20080489, 1.54730904, 0.44381055, -0.13180244, 99.97100830, 113.32389069, 32.46999741, 0.00000000
1, 29.6100, 3093, -1.36254716, -1.32332432, 0.65143466, -0.02176206, -85.52824402, -192.01077271, -4.53083897, 16.60333252, -67.08564758, 96.98954010, 25.14060020, -8.21258926, 0.63347238, -0.73939502, -0.09151480, 0.20888475, 1.78203464, 0.42204541, -0.54623014, 99.97100830, 113.32389069, 32.46999741, 0.00000000
1, 29.6150, 3094, -1.53031993, -1.08822334, 1.27473605, -9.91897583, -24.43217278, -159.05682373, -4.53083897, 16.60333252, -67.08564758, 96.92568970, 25.94467545, -8.24159908, 0.63243741, -0.73823321, -0.09605360, 0.21402942, 1.96167171, 0.19207740, -1.17150998, 99.97100830, 113.32389069, 32.46999741, 0.00000000
1, 29.6200, 3095, -1.42939377, -0.69738770, 1.14570689, -20.00315666, 28.01587677, -128.69017029, -4.53083897, 16.60333252, -67.08564758, 96.93061829, 26.56665611, -8.00115681, 0.63176185, -0.73738116, -0.10115406, 0.21659628, 1.87152290, -0.19349715, -1.04245460, 99.97100830, 113.32389069, 32.46999741, 0.00000000
1, 29.6250, 3096, -1.28324163, -0.40919271, 0.44080892, -8.42613697, 63.75775909, -93.98499298, -3.47851491, 16.13563347, -67.43642426, 97.07569885, 26.99475861, -7.58338833, 0.63086194, -0.73731989, -0.10601427, 0.21710260, 1.73459029, -0.47661644, -0.33553880, 99.97100830, 113.32389069, 32.46999741, 0.00000000
1, 29.6300, 3097, -1.13723171, -0.31338978, -0.15041517, 13.56213093, 84.48966980, -51.25244141, -3.47851491, 16.13563347, -67.43642426, 97.37371826, 27.19681931, -7.07682610, 0.62954539, -0.73824489, -0.10986356, 0.21586347, 1.59409356, -0.56889594, 0.25999153, 99.97100830, 113.32389069, 32.46999741, 0.00000000
1, 29.6350, 3098, -0.93446106, -0.37731221, -0.36143801, 28.51604080, 90.37144470, -6.19044828, -3.47851491, 18.82490540, -67.23180389, 97.74848938, 27.16916656, -6.56863594, 0.62812769, -0.73984230, -0.11228251, 0.21326405, 1.39229620, -0.50366753, 0.47696078, 99.97100830, 113.32389069, 32.46999741, 0.00000000
1, 29.6400, 3099, -0.71395189, -0.51897299, -0.27257547, 36.27853775, 73.08364868, 37.99020767, -3.47851491, 18.82490540, -67.23180389, 98.03227997, 26.75900269, -6.22532320, 0.62761968, -0.74156255, -0.11166107, 0.20907019, 1.16732705, -0.36360040, 0.39376146, 99.97100830, 113.32389069, 32.46999741, 0.00000000
1, 29.6450, 3100, -0.64962602, -0.67822278, -0.07784782, 42.22533798, 52.33292770, 79.20211029, -3.47851491, 18.82490540, -67.23180389, 98.34605408, 26.33063698, -5.99802256, 0.62670523, -0.74358064, -0.11015294, 0.20541394, 1.09521365, -0.20767047, 0.20389526, 99.97100830, 113.32389069, 32.46999741, 0.00000000
1, 29.6500, 3101, -0.67450583, -0.84319985, 0.11845773, 46.26075363, 43.95807266, 113.44248199, -4.44314528, 18.62028694, -67.14411163, 98.64456177, 25.73798752, -5.84821033, 0.62598771, -0.74578142, -0.10726642, 0.20110542, 1.11093521, -0.04653830, 0.01254434, 99.97100830, 113.32389069, 32.46999741, 0.00000000
1, 29.6550, 3102, -0.65080148, -1.06362462, 0.24777769, 48.02385330, 42.33210754, 139.91577148, -4.44314528, 18.62028694, -67.14411163, 98.93555450, 25.01504517, -5.73363447, 0.62542629, -0.74811339, -0.10345509, 0.19612609, 1.07599664, 0.16921987, -0.11172244, 99.97100830, 113.32389069, 32.46999741, 0.00000000
1, 29.6600, 3103, -0.61376637, -1.38957107, 0.15700676, 44.50047302, 46.25733566, 156.63385010, -5.37854433, 18.62028694, -66.82256317, 99.20865631, 24.20592308, -5.61674690, 0.62507302, -0.75042194, -0.09923037, 0.19053596, 1.02666962, 0.49029219, -0.01613225, 99.97100830, 113.32389069, 32.46999741, 0.00000000
1, 29.6650, 3104, -0.53967977, -1.58227170, 0.00302487, 33.10437012, 49.80936813, 167.16894531, -5.37854433, 18.62028694, -66.82256317, 99.42549133, 23.34135246, -5.49467182, 0.62512845, -0.75245297, -0.09484497, 0.18448173, 0.93948090, 0.67794263, 0.14247955, 99.97100830, 113.32389069, 32.46999741, 0.00000000
1, 29.6700, 3105, -0.31901792, -1.65308988, -0.16482075, 14.95170593, 39.07072830, 180.04325867, -5.37854433, 18.62028694, -66.82256317, 99.52199554, 22.42153549, -5.44474030, 0.62588745, -0.75391042, -0.08988351, 0.17833939, 0.70455050, 0.74317026, 0.31368777, 99.97100830, 113.32389069, 32.46999741, 0.00000000
1, 29.6750, 3106, 0.10146303, -1.56941044, -0.10404702, 9.30961418, 23.30916786, 180.19505310, -6.78164291, 17.65565681, -66.35486603, 99.55755615, 21.51377106, -5.48020363, 0.62685561, -0.75504345, -0.08452374, 0.17267640, 0.26915812, 0.65357697, 0.25584382, 99.97100830, 113.32389069, 32.46999741, 0.00000000
1, 29.7000, 3107, 2.25209284, -1.48567498, -0.67867237, -42.84807587, 63.94047165, 80.28132629, -9.29552746, 16.63256264, -66.76410675, 99.43851471, 18.30055046, -4.41559029, 0.63315886, -0.75657922, -0.07372309, 0.14581729, -1.93460655, 0.55090940, 0.83804488, 99.97100830, 113.32389069, 32.46999741, 0.00000000
1, 29.7050, 3108, 2.00030708, -1.38459957, -0.60476750, -39.16932678, -15.88363266, 84.04535675, -9.29552746, 16.63256264, -66.76410675, 99.19625854, 17.89791489, -4.56899977, 0.63502461, -0.75566828, -0.07075604, 0.14388473, -1.68983889, 0.44692475, 0.76058805, 99.97100830, 113.32389069, 32.46999741, 0.00000000
1, 29.7100, 3109, 1.47911191, -1.27621651, -0.66669071, -30.91142845, -99.06178284, 95.73316193, -9.61707115, 16.54487038, -66.55948639, 98.86315155, 17.50149918, -5.16067696, 0.63693094, -0.75448036, -0.06504183, 0.14438833, -1.17506182, 0.33572975, 0.81654185, 99.97100830, 113.32389069, 32.46999741, 0.00000000
1, 29.7150, 3110, 0.67194819, -1.18393898, -0.58365691, -8.08144379, -168.66323853, 111.55502319, -9.61707115, 16.54487038, -66.55948639, 98.53872681, 17.07594872, -6.12131405, 0.63834524, -0.75349081, -0.05672356, 0.14679711, -0.37504455, 0.24032396, 0.72652090, 99.97100830, 113.32389069, 32.46999741, 0.00000000
1, 29.7200, 3111, 0.05481642, -1.17461491, -0.33608341, 23.32771492, -213.51502991, 135.53402710, -9.61707115, 16.54487038, -66.55948639, 98.30810547, 16.56035614, -7.32732344, 0.63892585, -0.75307369, -0.04616242, 0.15007588, 0.23319909, 0.22748250, 0.47364205, 99.97100830, 113.32389069, 32.46999741, 0.00000000
1, 29.7250, 3112, -0.60253155, -1.21487272, 0.10484643, 40.71548462, -271.35162354, 164.35940552, -9.12014008, 16.07716942, -67.84565735, 98.08832550, 15.93845367, -8.84699059, 0.63913798, -0.75270271, -0.03291985, 0.15445931, 0.87961078, 0.26361412, 0.02770415, 99.97100830, 113.32389069, 32.46999741, 0.00000000
1, 29.7300, 3113, -1.07458353, -1.23985326, 0.28790390, 48.53007889, -258.89984131, 189.86437988, -9.12014008, 16.07716942, -67.84565735, 97.93963623, 15.17704105, -10.31357956, 0.63911974, -0.75252229, -0.01912981, 0.15770289, 1.33901572, 0.28449678, -0.15889701, 99.97100830, 113.32389069, 32.46999741, 0.00000000
1, 29.7350, 3114, -1.38373947, -1.24026787, 0.31199870, 54.25120926, -216.00358582, 208.72567749, -9.12014008, 15.31715870, -68.48874664, 97.89440918, 14.29066086, -11.56668472, 0.63888514, -0.75267136, -0.00587685, 0.15898822, 1.63364780, 0.28087986, -0.18444419, 99.97100830, 113.32389069, 32.46999741, 0.00000000
1, 29.7400, 3115, -1.43375421, -1.25460649, 0.38119107, 63.76457214, -162.55166626, 217.20452881, -9.12014008, 15.31715870, -68.48874664, 97.98534393, 13.29934502, -12.54764271, 0.63828897, -0.75336313, 0.00638413, 0.15808338, 1.66720748, 0.29120225, -0.25231013, 99.97100830, 113.32389069, 32.46999741, 0.00000000
1, 29.7450, 3116, -1.30509508, -1.34274006, 0.59363782, 74.67767334, -115.70545197, 213.97593689, -9.61707115, 13.94329166, -68.95644379, 98.19714355, 12.32117367, -13.28762150, 0.63722265, -0.75455517, 0.01714882, 0.15588433, 1.52114749, 0.37555408, -0.46089825, 99.97100830, 113.32389069, 32.46999741, 0.00000000
1, 29.7700, 3117, -0.58522713, -0.57562673, 0.85885531, 39.77267838, -103.47498322, 145.65899658, -10.58170128, 11.75094986, -69.45337677, 98.96620941, 8.41810799, -16.24172401, 0.63354117, -0.75729704, 0.05989442, 0.14676327, 0.73219872, -0.40259290, -0.70763302, 99.97100830, 113.32389069, 32.46999741, 0.00000000
1, 29.7750, 3118, -0.67203003, -0.41264054, 0.80071175, 46.60955429, -97.59858704, 135.40669250, -10.58170128, 11.75094986, -69.45337677, 99.11713409, 7.82577658, -16.83493233, 0.63258475, -0.75759566, 0.06736082, 0.14610969, 0.80875564, -0.56659353, -0.64678478, 99.97100830, 113.32389069, 32.46999741, 0.00000000
1, 29.7800, 3119, -0.78655726, -0.47652516, 0.73203152, 62.01340485, -82.45707703, 125.33627319, -10.58170128, 11.75094986, -69.45337677, 99.36164093, 7.27334976, -17.34587669, 0.63106579, -0.75840414, 0.07416914, 0.14518276, 0.91369426, -0.50328523, -0.57449877, 99.97100830, 113.32389069, 32.46999741, 0.00000000
1, 29.7850, 3120, -0.83893043, -0.59668899, 0.66282165, 50.75147629, -67.57164001, 117.84253693, -11.02016926, 12.94942951, -69.13182831, 99.56401825, 6.74762964, -17.77831841, 0.62989283, -0.75898600, 0.08024551, 0.14400031, 0.95702851, -0.38353223, -0.50171608, 99.97100830, 113.32389069, 32.46999741, 0.00000000
1, 29.7900, 3121, -0.84328067, -0.65222418, 0.56928056, 35.21694183, -46.35689545, 110.69425964, -11.02016926, 12.94942951, -69.13182831, 99.75714111, 6.12968397, -18.09632111, 0.62905127, -0.75950319, 0.08605977, 0.14157359, 0.95178473, -0.32843912, -0.40500337, 99.97100830, 113.32389069, 32.46999741, 0.00000000
1, 29.7950, 3122, -0.87412548, -0.69533813, 0.50280112, 30.03650284, -22.13346291, 105.27355957, -11.72171879, 12.68634892, -69.04413605, 99.88816833, 5.62993479, -18.29532814, 0.62860793, -0.75979459, 0.09033614, 0.13929743, 0.97314250, -0.28576446, -0.33582866, 99.97100830, 113.32389069, 32.46999741, 0.00000000
1, 29.8000, 3123, -0.90136647, -0.75844729, 0.48937047, 32.65357590, -1.03050983, 102.06275177, -11.72171879, 12.68634892, -69.04413605, 100.04395294, 5.12843990, -18.38821793, 0.62812686, -0.76028144, 0.09393974, 0.13639739, 0.99171162, -0.22301459, -0.31988165, 99.97100830, 113.32389069, 32.46999741, 0.00000000
1, 29.8050, 3124, -0.90494621, -0.83248889, 0.48821977, 35.10753632, 12.80852890, 98.12007141, -11.72171879, 12.68634892, -69.04413605, 100.21875763, 4.63460922, -18.41067123, 0.62758428, -0.76091748, 0.09704508, 0.13313462, 0.98665714, -0.14919317, -0.31579116, 99.97100830, 113.32389069, 32.46999741, 0.00000000
1, 29.8100, 3125, -0.89791781, -0.92627358, 0.43713504, 33.18047333, 23.60934448, 91.46170807, -11.83864307, 11.86787510, -68.34259033, 100.38847351, 4.16401005, -18.37537766, 0.62710059, -0.76157618, 0.09962028, 0.12970179, 0.97145116, -0.05543730, -0.26177812, 99.97100830, 113.32389069, 32.46999741, 0.00000000
1, 29.8150, 3126, -0.85769212, -1.04862869, 0.34637597, 28.46588326, 35.02891541, 82.68034363, -11.83864307, 11.86787510, -68.34259033, 100.53855133, 3.72617078, -18.27721214, 0.62676281, -0.76219416, 0.10156278, 0.12614873, 0.92368484, 0.06701616, -0.16834748, 99.97100830, 113.32389069, 32.46999741, 0.00000000
1, 29.8750, 3127, 0.53834224, -0.85667312, 0.37776923, 11.33698750, -22.16532707, 56.01715469, -15.46331501, 12.45249939, -67.58258057, 101.54907227, -0.07420578, -16.20443726, 0.62613225, -0.76687300, 0.10958609, 0.08862982, -0.53948939, -0.12374528, -0.17784694, 99.97100830, 113.32389069, 32.46999741, 0.00000000
1, 29.8800, 3128, 0.38862160, -0.79661345, 0.33778039, 9.55700207, -45.11315155, 58.01659393, -15.46331501, 12.45249939, -67.58258057, 101.59854889, -0.31347492, -16.48320198, 0.62581342, -0.76668239, 0.11279590, 0.08850291, -0.39390379, -0.18355677, -0.13728897, 99.97100830, 113.32389069, 32.46999741, 0.00000000
1, 29.8850, 3129, 0.09997132, -0.81910205, 0.23106986, 13.00953960, -65.34550476, 60.50489044, -15.60947037, 11.89710617, -67.69950104, 101.66722870, -0.54437262, -16.86380196, 0.62528110, -0.76648593, 0.11665396, 0.08896581, -0.10904562, -0.16064674, -0.03026362, 99.97100830, 113.32389069, 32.46999741, 0.00000000
1, 29.8900, 3130, -0.02570636, -0.86102581, 0.21826188, 16.40023613, -75.07618713, 60.79063034, -15.60947037, 11.89710617, -67.69950104, 101.76121521, -0.78422332, -17.29299164, 0.62455153, -0.76634812, 0.12090293, 0.08960246, 0.01256346, -0.11836022, -0.01639946, 99.97100830, 113.32389069, 32.46999741, 0.00000000
1, 29.8950, 3131, -0.20427826, -0.92855585, 0.25469011, 18.79778290, -76.80997467, 58.40533447, -16.13563347, 12.36480522, -67.90412140, 101.86266327, -0.99193996, -17.72835159, 0.62373644, -0.76624876, 0.12502204, 0.09047313, 0.18722793, -0.05046412, -0.05161036, 99.97100830, 113.32389069, 32.46999741, 0.00000000
1, 29.9000, 3132, -0.32014161, -0.97156858, 0.34169489, 17.49594116, -66.98637390, 54.97557831, -16.13563347, 12.36480522, -67.90412140, 101.95812988, -1.19219863, -18.11249924, 0.62299472, -0.76615840, 0.12875159, 0.09111487, 0.29934591, -0.00718136, -0.13732424, 99.97100830, 113.32389069, 32.46999741, 0.00000000
1, 29.9050, 3133, -0.40327758, -1.00213087, 0.42349267, 15.16567993, -54.58244324, 51.05957794, -16.13563347, 12.36480522, -67.90412140, 102.04178619, -1.38551557, -18.43225670, 0.62237710, -0.76606607, 0.13200182, 0.09146102, 0.37887597, 0.02363356, -0.21791083, 99.97100830, 113.32389069, 32.46999741, 0.00000000
1, 29.9100, 3134, -0.47372913, -1.02801645, 0.47156638, 12.22844219, -42.00735092, 47.05023193, -15.46331501, 10.90324497, -67.29026794, 102.11006927, -1.57188296, -18.68661690, 0.62190843, -0.76595980, 0.13476321, 0.09151242, 0.44592506, 0.04978407, -0.26498485, 99.97100830, 113.32389069, 32.46999741, 0.00000000
1, 29.9150, 3135, -0.52592111, -1.04934561, 0.48334381, 9.32990837, -29.61432266, 43.38657379, -15.46331501, 10.90324497, -67.29026794, 102.16275787, -1.75303447, -18.87674141, 0.62159103, -0.76584053, 0.13705304, 0.09126603, 0.49490789, 0.07138875, -0.27598077, 99.97100830, 113.32389069, 32.46999741, 0.00000000
1, 29.9200, 3136, -0.55301183, -1.04984474, 0.45013437, 7.18322229, -17.56940842, 39.98546219, -16.04793930, 11.92633724, -68.22566223, 102.20327759, -1.93004560, -19.00456810, 0.62140119, -0.76572770, 0.13889313, 0.09072248, 0.51897752, 0.07219592, -0.24212621, 99.97100830, 113.32389069, 32.46999741, 0.00000000
1, 29.9750, 3137, 0.01705477, -0.97856486, 0.18942945, 0.13026826, 38.36199951, 23.21631432, -17.21718788, 11.83864307, -67.29026794, 102.33279419, -3.83876181, -17.54412079, 0.62335742, -0.76622361, 0.13948596, 0.06979053, -0.08380996, 0.00348674, 0.02216923, 99.97100830, 113.32389069, 32.46999741, 0.00000000
1, 29.9800, 3138, 0.03217629, -0.97550642, 0.18530941, -0.17688812, 34.44773102, 23.65270615, -17.21718788, 11.83864307, -67.29026794, 102.32238770, -3.99084258, -17.40051842, 0.62364215, -0.76618046, 0.13933627, 0.06799634, -0.10157824, 0.00057350, 0.02612243, 99.97100830, 113.32389069, 32.46999741, 0.00000000
1, 29.9850, 3139, 0.04802523, -0.96850693, 0.17944263, -0.59596759, 30.95189285, 24.03039551, -17.91873741, 12.27711201, -67.64103699, 102.31075287, -4.14104414, -17.27438736, 0.62391877, -0.76611084, 0.13929287, 0.06631085, -0.12003428, -0.00627812, 0.03180749, 99.97100830, 113.32389069, 32.46999741, 0.00000000
1, 29.9900, 3140, 0.05331264, -0.96539998, 0.17651016, -0.83922154, 27.63084221, 24.44506454, -17.91873741, 12.27711201, -67.64103699, 102.27938843, -4.21604776, -17.16264343, 0.62425405, -0.76599580, 0.13893075, 0.06523448, -0.12726879, -0.00932239, 0.03435758, 99.97100830, 113.32389069, 32.46999741, 0.00000000
1, 29.9950, 3141, 0.04977589, -0.96162379, 0.17222287, -0.85820943, 23.46961021, 25.11727142, -17.86027527, 12.10172462, -66.29640198, 102.26880646, -4.36357355, -17.07418823, 0.62449384, -0.76588833, 0.13912621, 0.06377027, -0.12565258, -0.01302645, 0.03826284, 99.97100830, 113.32389069, 32.46999741, 0.00000000
1, 30.0000, 3142, 0.03794423, -0.95855820, 0.17098618, -0.91945547, 19.95941734, 26.22615623, -17.86027527, 12.10172462, -66.29640198, 102.25911713, -4.51280165, -17.00407219, 0.62471592, -0.76576090, 0.13945407, 0.06239320, -0.11640574, -0.01593192, 0.03926416, 99.97100830, 113.32389069, 32.46999741, 0.00000000
1, 30.0050, 3143, 0.00531432, -0.95874393, 0.17923008, -0.23793708, 13.84406090, 27.29854393, -17.86027527, 12.10172462, -66.29640198, 102.25514221, -4.66081810, -16.96503067, 0.62487984, -0.76562744, 0.13998622, 0.06118655, -0.08637480, -0.01558027, 0.03079830, 99.97100830, 113.32389069, 32.46999741, 0.00000000
1, 30.0100, 3144, -0.02750330, -0.96758890, 0.19835895, 0.39082330, 12.11461926, 28.47614670, -18.09412384, 12.68634892, -66.85179901, 102.25502014, -4.81275988, -16.93570518, 0.62501413, -0.76549792, 0.14060630, 0.06000154, -0.05622806, -0.00655967, 0.01151079, 99.97100830, 113.32389069, 32.46999741, 0.00000000
1, 30.0150, 3145, -0.06775065, -0.98267567, 0.22091198, 0.96056867, 12.23973656, 29.27807617, -18.09412384, 12.68634892, -66.85179901, 102.25771332, -4.96874046, -16.90661430, 0.62513101, -0.76537812, 0.14125091, 0.05878691, -0.01873175, 0.00872150, -0.01117916, 99.97100830, 113.32389069, 32.46999741, 0.00000000
1, 30.0200, 3146, -0.10781595, -0.99664795, 0.23534650, 1.26409936, 13.72769165, 29.80040550, -18.41566849, 11.51710033, -67.05641174, 102.26124573, -5.12885046, -16.87077332, 0.62524694, -0.76526558, 0.14187276, 0.05750632, 0.01853034, 0.02291973, -0.02572962, 99.97100830, 113.32389069, 32.46999741, 0.00000000
1, 30.0550, 3147, -0.13668302, -0.96396601, 0.25564912, 1.80985773, 47.84995270, 29.09953690, -18.18181801, 11.98479939, -67.31949615, 102.23307037, -6.40569782, -16.00455093, 0.62670964, -0.76475769, 0.14292796, 0.04418455, 0.02531045, -0.00772546, -0.04692633, 99.97100830, 113.32389069, 32.46999741, 0.00000000
1, 30.0600, 3148, -0.06191931, -0.94504845, 0.22327800, 2.03256392, 55.77275085, 28.51439667, -19.35106659, 11.25401878, -66.99795532, 102.21591949, -6.60365915, -15.76029778, 0.62704003, -0.76474279, 0.14235336, 0.04153156, -0.05278187, -0.02627226, -0.01469395, 99.97100830, 113.32389069, 32.46999741, 0.00000000
1, 30.0650, 3149, -0.01180912, -0.93618190, 0.20087302, 2.33430886, 57.27488327, 28.44120216, -19.35106659, 11.25401878, -66.99795532, 102.19854736, -6.80276299, -15.50841808, 0.62736475, -0.76473349, 0.14173459, 0.03882839, -0.10628222, -0.03477326, 0.00746905, 99.97100830, 113.32389069, 32.46999741, 0.00000000
1, 30.0700, 3150, 0.03201297, -0.94320858, 0.18922983, 2.69611526, 56.81970215, 28.67111206, -20.22800255, 12.18941784, -66.93949127, 102.18238831, -7.00243807, -15.25885105, 0.62767005, -0.76472592, 0.14113541, 0.03613150, -0.15353291, -0.02738126, 0.01884468, 99.97100830, 113.32389069, 32.46999741, 0.00000000
1, 30.0750, 3151, 0.07294469, -0.95073307, 0.19155793, 2.51969886, 53.94262314, 29.48108482, -20.22800255, 12.18941784, -66.93949127, 102.16634369, -7.20299530, -15.02414989, 0.62796003, -0.76469839, 0.14064085, 0.03350903, -0.19793907, -0.01949907, 0.01624622, 99.97100830, 113.32389069, 32.46999741, 0.00000000
1, 30.0800, 3152, 0.10532622, -0.95926487, 0.19407652, 2.14498377, 49.90494537, 30.68654633, -20.92955208, 10.84478188, -66.91026306, 102.15026093, -7.40516663, -14.81046104, 0.62823528, -0.76464194, 0.14029582, 0.03099003, -0.23382217, -0.01059604, 0.01342465, 99.97100830, 113.32389069, 32.46999741, 0.00000000
1, 30.0850, 3153, 0.12598348, -0.96712255, 0.17660089, 1.57050097, 44.74982071, 31.93802261, -20.92955208, 10.84478188, -66.91026306, 102.13407898, -7.60802460, -14.62335968, 0.62849569, -0.76455051, 0.14013250, 0.02861169, -0.25794321, -0.00231979, 0.03056892, 99.97100830, 113.32389069, 32.46999741, 0.00000000
1, 30.0900, 3154, 0.12645841, -0.97302830, 0.15017927, 1.47822773, 38.05554962, 33.63739777, -20.92955208, 10.84478188, -66.91026306, 102.09602356, -7.70585871, -14.46631622, 0.62883610, -0.76442164, 0.13960104, 0.02713480, -0.26095784, 0.00387446, 0.05646308, 99.97100830, 113.32389069, 32.46999741, 0.00000000
1, 30.0950, 3155, 0.10863116, -0.97873569, 0.14228877, 1.67642403, 30.87564850, 35.35656357, -20.95878410, 9.41245270, -66.61795044, 102.08917999, -7.91085482, -14.35098362, 0.62900615, -0.76429009, 0.13993153, 0.02512358, -0.24573320, 0.00986909, 0.06386702, 99.97100830, 113.32389069, 32.46999741, 0.00000000
1, 30.1000, 3156, 0.07916021, -0.98000336, 0.15876234, 1.33594394, 24.11037064, 37.02235413, -20.95878410, 9.41245270, -66.61795044, 102.08515930, -8.11694813, -14.27074242, 0.62914532, -0.76412863, 0.14050259, 0.02329390, -0.21986118, 0.01157952, 0.04713605, 99.97100830, 113.32389069, 32.46999741, 0.00000000
1, 30.1350, 3157, -0.25258574, -0.97901309, 0.28343359, -0.67637616, 14.43742180, 38.78033066, -21.83572006, 11.69248772, -66.58871460, 102.07878113, -9.56732941, -14.11093140, 0.62981611, -0.76256138, 0.14721707, 0.01261073, 0.08655165, 0.01415288, -0.07924176, 99.97100830, 113.32389069, 32.46999741, 0.00000000
1, 30.1400, 3158, -0.25988483, -0.97244012, 0.32908675, -2.73437524, 19.67020607, 37.70442581, -21.83572006, 11.69248772, -66.58871460, 102.11097717, -9.80770397, -14.06274128, 0.62969565, -0.76250255, 0.14818691, 0.01067755, 0.08990715, 0.00817194, -0.12489299, 99.97100830, 113.32389069, 32.46999741, 0.00000000
1, 30.1450, 3159, -0.25779638, -0.97061539, 0.30536422, -4.46980047, 24.60256767, 36.19663620, -22.65419388, 11.51710033, -66.50102234, 102.07460022, -10.01035976, -13.97879410, 0.63001662, -0.76215827, 0.14871022, 0.00889163, 0.08407214, 0.00701102, -0.10139698, 99.97100830, 113.32389069, 32.46999741, 0.00000000
1, 30.1500, 3160, -0.26967910, -0.96710372, 0.23203081, -5.31759405, 26.72134590, 34.68058014, -22.65419388, 11.51710033, -66.50102234, 102.03155518, -10.20774841, -13.88254642, 0.63037664, -0.76179862, 0.14912415, 0.00708257, 0.09272067, 0.00406073, -0.02892353, 99.97100830, 113.32389069, 32.46999741, 0.00000000
1, 30.1550, 3161, -0.29221967, -0.97577536, 0.22154583, -4.75467110, 26.99510002, 33.62837219, -23.26804924, 11.66325665, -65.97486115, 101.99050140, -10.40020370, -13.78361988, 0.63071722, -0.76145858, 0.14949520, 0.00528972, 0.11196599, 0.01318896, -0.01933023, 99.97100830, 113.32389069, 32.46999741, 0.00000000
1, 30.1600, 3162, -0.30920988, -0.99190414, 0.26180014, -4.94592237, 30.84615898, 32.74113846, -23.26804924, 11.66325665, -65.97486115, 101.94445801, -10.59218407, -13.66438484, 0.63108671, -0.76111710, 0.14972986, 0.00339487, 0.12556039, 0.02968907, -0.06051991, 99.97100830, 113.32389069, 32.46999741, 0.00000000
1, 30.1650, 3163, -0.32368854, -1.02326131, 0.23814340, -5.48903799, 34.22340393, 31.14604568, -23.26804924, 11.66325665, -65.97486115, 101.89181519, -10.77974415, -13.52643394, 0.63149363, -0.76076829, 0.14981791, 0.00143549, 0.13685356, 0.06149801, -0.03794357, 99.97100830, 113.32389069, 32.46999741, 0.00000000
1, 30.1700, 3164, -0.32295257, -1.04803836, 0.26705146, -5.03960466, 35.14839554, 30.49637794, -22.85881233, 11.37094402, -66.38409424, 101.83992767, -10.96493340, -13.38293552, 0.63188910, -0.76043308, 0.14985827, -0.00053950, 0.13286693, 0.08663736, -0.06789503, 99.97100830, 113.32389069, 32.46999741, 0.00000000
1, 30.1750, 3165, -0.30550250, -1.07732606, 0.30857182, -4.58360291, 38.50782776, 30.00981140, -22.85881233, 11.37094402, -66.38409424, 101.78648376, -11.15101624, -13.22191143, 0.63228875, -0.76011014, 0.14978899, -0.00261529, 0.11212991, 0.11628051, -0.11042119, 99.97100830, 113.32389069, 32.46999741, 0.00000000
1, 30.1800, 3166, -0.32432461, -1.10216796, 0.32679102, -4.74826574, 40.13278961, 28.99907684, -23.70651817, 11.60479355, -66.67640686, 101.72987366, -11.33365059, -13.05145168, 0.63270164, -0.75978559, 0.14964069, -0.00471590, 0.12776433, 0.14150462, -0.12979837, 99.97100830, 113.32389069, 32.46999741, 0.00000000
1, 30.2200, 3167, 0.20158929, -0.95465863, 0.15977170, -3.64516258, 57.54413605, 28.13816261, -25.34346581, 11.54633141, -66.00408936, 101.14492035, -12.82952213, -11.05171204, 0.63650310, -0.75719231, 0.14454219, -0.02512423, -0.42320937, -0.00237606, 0.02797517, 99.97100830, 113.32389069, 32.46999741, 0.00000000
1, 30.2250, 3168, 0.29754934, -0.89614701, 0.12319430, -2.90349054, 52.77589798, 31.16976357, -25.34346581, 11.54633141, -66.00408936, 101.07819366, -13.03296185, -10.81651974, 0.63689309, -0.75685734, 0.14410478, -0.02771516, -0.52246988, -0.06029781, 0.06356202, 99.97100830, 113.32389069, 32.46999741, 0.00000000
1, 30.2300, 3169, 0.33813900, -0.81112111, -0.02857919, -1.44148004, 41.89823151, 36.50022507, -25.54808426, 10.66939449, -66.09178162, 101.03153229, -13.25197887, -10.64094448, 0.63715553, -0.75653785, 0.14414313, -0.03010477, -0.56636459, -0.14440128, 0.21455923, 99.97100830, 113.32389069, 32.46999741, 0.00000000
1, 30.2350, 3170, 0.30485338, -0.75506389, -0.15407589, 0.31148294, 33.17511749, 40.68657303, -25.54808426, 10.66939449, -66.09178162, 101.00407410, -13.48315144, -10.51316357, 0.63729578, -0.75624824, 0.14455926, -0.03233421, -0.53663361, -0.19945857, 0.33935636, 99.97100830, 113.32389069, 32.46999741, 0.00000000
1, 30.2400, 3171, 0.30069196, -0.73861873, -0.14249848, 2.22716951, 28.91755104, 46.09894562, -25.54808426, 10.66939449, -66.09178162, 100.89237976, -13.56401253, -10.38695621, 0.63799298, -0.75568128, 0.14419702, -0.03343882, -0.53523314, -0.21549083, 0.32657585, 99.97100830, 113.32389069, 32.46999741, 0.00000000
1, 30.2450, 3172, 0.37041470, -0.77225935, -0.06229840, 3.67900753, 22.05551147, 52.47166443, -26.16194153, 10.02630806, -66.06255341, 100.89702606, -13.84234333, -10.32605743, 0.63792801, -0.75542289, 0.14530328, -0.03565219, -0.60830462, -0.18138739, 0.24552688, 99.97100830, 113.32389069, 32.46999741, 0.00000000
1, 30.2500, 3173, 0.40728310, -0.83742309, -0.04378564, 2.87538671, 10.82322407, 60.17101669, -26.16194153, 10.02630806, -66.06255341, 100.91297150, -14.14797306, -10.32942295, 0.63780165, -0.75510615, 0.14697652, -0.03770542, -0.65028203, -0.11497776, 0.22698978, 99.97100830, 113.32389069, 32.46999741, 0.00000000
1, 30.2550, 3174, 0.36553356, -0.90968144, -0.04495738, 1.73756528, 0.67633611, 67.51492310, -26.74656487, 10.75708866, -66.32563782, 100.93786621, -14.48014259, -10.39146423, 0.63762993, -0.75472188, 0.14917512, -0.03962214, -0.61403763, -0.04127390, 0.22804791, 99.97100830, 113.32389069, 32.46999741, 0.00000000
1, 30.2600, 3175, 0.25616559, -0.96845138, -0.00615402, 0.96660829, -4.77233982, 73.70424652, -26.74656487, 10.75708866, -66.32563782, 100.96791077, -14.83756161, -10.48744965, 0.63743097, -0.75427830, 0.15172912, -0.04152697, -0.51069963, 0.01904041, 0.18906677, 99.97100830, 113.32389069, 32.46999741, 0.00000000
1, 30.2650, 3176, 0.12452645, -1.01445127, 0.07689515, 1.21102047, -6.21328259, 78.71430969, -26.74656487, 10.75708866, -66.32563782, 101.00310516, -15.21815300, -10.59602928, 0.63719791, -0.75380272, 0.15448567, -0.04352527, -0.38559163, 0.06666826, 0.10585149, 99.97100830, 113.32389069, 32.46999741, 0.00000000
1, 30.2950, 3177, -0.19544025, -1.16880786, 0.35110649, 6.28240252, 18.52836418, 91.78816986, -28.17889404, 11.04940033, -66.17948151, 101.29790497, -17.80221748, -10.97894001, 0.63500714, -0.75107372, 0.17074223, -0.05917334, -0.10921638, 0.23392887, -0.16697420, 99.97100830, 113.32389069, 32.46999741, 0.00000000
1, 30.3000, 3178, -0.16942975, -1.14566636, 0.34327826, 5.59412718, 22.68304062, 92.59700012, -28.17889404, 11.04940033, -66.17948151, 101.32010651, -18.27835274, -10.95662498, 0.63474196, -0.75048006, 0.17312588, -0.06252872, -0.14308113, 0.21337685, -0.15914570, 99.97100830, 113.32389069, 32.46999741, 0.00000000
1, 30.3050, 3179, -0.13243081, -1.12191045, 0.32515982, 5.52298212, 25.83030891, 93.51417542, -28.93890572, 11.42940617, -66.91026306, 101.33695221, -18.76205826, -10.91909027, 0.63448918, -0.74985582, 0.17544939, -0.06601086, -0.18801215, 0.19231090, -0.14112639, 99.97100830, 113.32389069, 32.46999741, 0.00000000
1, 30.3100, 3180, -0.08338803, -1.11412132, 0.32618505, 6.14324379, 27.94578171, 95.58972168, -28.93890572, 11.42940617, -66.91026306, 101.35376740, -19.25800323, -10.87275124, 0.63421434, -0.74921310, 0.17777678, -0.06962322, -0.24518958, 0.18730351, -0.14228742, 99.97100830, 113.32389069, 32.46999741, 0.00000000
1, 30.3150, 3181, -0.02182584, -1.12793994, 0.33135781, 6.16124487, 29.94309807, 98.02064514, -28.93890572, 11.42940617, -66.91026306, 101.36768341, -19.76783562, -10.81854820, 0.63393456, -0.74853158, 0.18012470, -0.07336701, -0.31510484, 0.20403656, -0.14768273, 99.97100830, 113.32389069, 32.46999741, 0.00000000
1, 30.3200, 3182, 0.02329994, -1.15961170, 0.33125001, 6.35656500, 29.05005264, 100.48558044, -29.78661156, 11.48786926, -66.50102234, 101.38462067, -20.28889656, -10.77155399, 0.63362020, -0.74782372, 0.18257351, -0.07715002, -0.36873609, 0.23877984, -0.14785838, 99.97100830, 113.32389069, 32.46999741, 0.00000000
1, 30.3250, 3183, 0.04387540, -1.21502852, 0.29521644, 5.82464361, 26.57812119, 103.16751099, -29.78661156, 11.48786926, -66.50102234, 101.40406799, -20.82069588, -10.74030972, 0.63328087, -0.74707234, 0.18517596, -0.08092104, -0.39787868, 0.29747558, -0.11220370, 99.97100830, 113.32389069, 32.46999741, 0.00000000
1, 30.3300, 3184, 0.05132795, -1.27376711, 0.27234229, 5.33728552, 23.31090355, 105.61959076, -30.78047371, 11.54633141, -66.61795044, 101.42799377, -21.36132240, -10.72893047, 0.63290811, -0.74628294, 0.18794636, -0.08464788, -0.41405040, 0.35962045, -0.08970411, 99.97100830, 113.32389069, 32.46999741, 0.00000000
1, 30.3950, 3185, 0.11153243, -1.42735088, 0.11839113, 4.10602140, 34.80938721, 135.70368958, -35.98363113, 12.13095570, -66.41333008, 101.52890015, -29.29173470, -11.14860153, 0.62808758, -0.73030615, 0.23196267, -0.13547119, -0.59839082, 0.57114208, 0.05416952, 99.97100830, 113.32389069, 32.46999741, 0.00000000
1, 30.4000, 3186, 0.11878514, -1.44435322, 0.12574531, 5.01785278, 42.37966537, 138.46638489, -35.98363113, 12.13095570, -66.41333008, 101.51553345, -30.01226807, -11.06744289, 0.62751752, -0.72878581, 0.23516837, -0.14067285, -0.61654425, 0.59412825, 0.04542737, 99.97100830, 113.32389069, 32.46999741, 0.00000000
1, 30.4050, 3187, 0.12523201, -1.45162296, 0.14228529, 6.24744272, 50.03409576, 140.73631287, -36.74364090, 11.78018093, -66.67640686, 101.48628235, -30.75143433, -10.94447136, 0.62694716, -0.72719920, 0.23821864, -0.14618655, -0.63410926, 0.60761231, 0.02723279, 99.97100830, 113.32389069, 32.46999741, 0.00000000
1, 30.4100, 3188, 0.18741290, -1.48878062, 0.16977365, 8.94471931, 60.14322281, 144.30793762, -36.74364090, 11.78018093, -66.67640686, 101.44057465, -31.51800156, -10.76619530, 0.62634557, -0.72555262, 0.24107715, -0.15213995, -0.70771682, 0.65127492, -0.00212888, 99.97100830, 113.32389069, 32.46999741, 0.00000000
1, 30.4150, 3189, 0.32896596, -1.52790749, 0.23231556, 13.00006962, 73.01268768, 149.47035217, -38.58520889, 12.21864891, -67.02718353, 101.37570190, -32.32228470, -10.51713276, 0.62568533, -0.72384161, 0.24370690, -0.15867649, -0.86122268, 0.69727349, -0.06668833, 99.97100830, 113.32389069, 32.46999741, 0.00000000
1, 30.4200, 3190, 0.56153154, -1.57898676, 0.31339493, 15.88746643, 88.12484741, 153.64958191, -38.58520889, 12.21864891, -67.02718353, 101.27527618, -33.16144180, -10.18115139, 0.62503028, -0.72201985, 0.24602106, -0.16582546, -1.10621452, 0.75560451, -0.15011479, 99.97100830, 113.32389069, 32.46999741, 0.00000000
1, 30.4250, 3191, 0.78076404, -1.64826941, 0.33590224, 18.01129150, 101.09709930, 155.26371765, -38.58520889, 12.21864891, -67.02718353, 101.13710785, -34.02040863, -9.76526642, 0.62439662, -0.72009975, 0.24800059, -0.17343889, -1.33797395, 0.83254045, -0.17564756, 99.97100830, 113.32389069, 32.46999741, 0.00000000
1, 30.4300, 3192, 0.84026682, -1.65221536, 0.40791589, 18.09018898, 105.82030487, 152.95668030, -39.81291962, 13.00789261, -67.37796021, 100.97287750, -34.87163162, -9.31169128, 0.62378746, -0.71812350, 0.24976201, -0.18112683, -1.40998471, 0.84416699, -0.25134510, 99.97100830, 113.32389069, 32.46999741, 0.00000000
1, 30.4350, 3193, 0.73563749, -1.58067477, 0.35561347, 6.82060623, 104.17837524, 147.62789917, -39.81291962, 13.00789261, -67.37796021, 100.74430084, -35.69400406, -8.85375309, 0.62351537, -0.71586472, 0.25147557, -0.18848413, -1.31709564, 0.78032327, -0.20373379, 99.97100830, 113.32389069, 32.46999741, 0.00000000
1, 30.4400, 3194, 0.58583212, -1.47608745, 0.10535292, -0.75733823, 99.98008728, 141.27984619, -41.44986725, 12.30634308, -66.58871460, 100.46501160, -36.42042923, -8.39685822, 0.62359184, -0.71355557, 0.25281924, -0.19507504, -1.17748237, 0.68313277, 0.04118141, 99.97100830, 113.32389069, 32.46999741, 0.00000000
1, 30.4850, 3195, -0.64031690, -1.20296335, 0.17476125, 4.33286095, 204.23890686, 122.42345428, -45.83454895, 13.79713535, -68.19643402, 96.17361450, -43.20085526, -0.62116140, 0.62256867, -0.69055504, 0.24966021, -0.27057698, -0.04238037, 0.47611964, -0.09692407, 99.97100830, 113.32389069, 32.46999741, 0.00000000
1, 30.4900, 3196, -0.76172525, -1.23209834, 0.16279988, 8.36725140, 211.13676453, 119.45191193, -48.26074219, 15.34638977, -69.10260010, 95.27706909, -43.88502884, 0.74548471, 0.62318540, -0.68700492, 0.24732099, -0.28017247, 0.07018331, 0.51244009, -0.09742036, 99.97100830, 113.32389069, 32.46999741, 0.00000000
1, 30.4950, 3197, -0.72185111, -1.29999959, 0.21216832, 14.80608368, 210.58023071, 117.35871887, -48.26074219, 15.34638977, -69.10260010, 94.37850189, -44.55654144, 2.14211988, 0.62354261, -0.68353862, 0.24489780, -0.28981856, 0.02178668, 0.58736253, -0.15874445, 99.97100830, 113.32389069, 32.46999741, 0.00000000
1, 30.5000, 3198, -0.65937489, -1.34916615, 0.19944692, 13.16897488, 199.46409607, 119.88372803, -48.26074219, 15.34638977, -69.10260010, 93.49465179, -45.22134399, 3.48993087, 0.62373030, -0.68006802, 0.24284756, -0.29915407, -0.04891400, 0.64390588, -0.15752186, 99.97100830, 113.32389069, 32.46999741, 0.00000000
1, 30.5050, 3199, -0.62417257, -1.38448906, 0.04785930, 3.65036368, 180.83653259, 120.50729370, -49.86845779, 16.13563347, -69.80415344, 92.62581635, -45.86983871, 4.73474026, 0.62393433, -0.67650825, 0.24142502, -0.30782554, -0.09174803, 0.68696892, -0.01701386, 99.97100830, 113.32389069, 32.46999741, 0.00000000
1, 30.5100, 3200, -0.50959414, -1.41534865, 0.00052103, 0.61303163, 172.48893738, 117.43766785, -49.86845779, 16.13563347, -69.80415344, 91.75457764, -46.48820114, 5.94846296, 0.62412745, -0.67295134, 0.24015997, -0.31610876, -0.21379918, 0.72532117, 0.01969418, 99.97100830, 113.32389069, 32.46999741, 0.00000000
1, 30.5150, 3201, -0.38678384, -1.45027399, 0.09892672, -1.64087331, 176.03839111, 115.30761719, -51.27155685, 15.22946453, -70.56416321, 90.82393646, -47.08304977, 7.21605444, 0.62440109, -0.66925001, 0.23874715, -0.32438803, -0.34406236, 0.76742446, -0.08961912, 99.97100830, 113.32389069, 32.46999741, 0.00000000
1, 30.5200, 3202, -0.33747536, -1.48689103, 0.12853360, -8.18096542, 168.64967346, 110.20230103, -51.27155685, 15.22946453, -70.56416321, 89.87133789, -47.63795090, 8.45725250, 0.62481010, -0.66547394, 0.23746105, -0.33221853, -0.40015253, 0.81112540, -0.13052079, 99.97100830, 113.32389069, 32.46999741, 0.00000000
1, 30.5250, 3203, -0.31657541, -1.42235112, 0.16248493, -17.98721313, 148.12390137, 101.21504974, -51.27155685, 15.22946453, -70.56416321, 88.95681000, -48.13548279, 9.57051945, 0.62537760, -0.66177374, 0.23660156, -0.33908436, -0.42715114, 0.75321913, -0.17515597, 99.97100830, 113.32389069, 32.46999741, 0.00000000
1, 30.5300, 3204, -0.23831528, -1.31060088, 0.31016991, -21.98672867, 124.29675293, 94.00306702, -52.73311996, 17.18795586, -71.90879822, 88.13498688, -48.58885193, 10.52465630, 0.62588686, -0.65835458, 0.23623207, -0.34500641, -0.51115447, 0.64746046, -0.33218002, 99.97100830, 113.32389069, 32.46999741, 0.00000000
1, 30.5550, 3205, -0.31918693, -0.40805006, 0.21143380, -36.32833481, 51.65922928, 55.71958923, -54.39929962, 17.01256943, -73.39958954, 84.96542358, -50.16165924, 13.57120228, 0.62944007, -0.64433980, 0.23815224, -0.36320102, -0.44849396, -0.23139939, -0.26786506, 99.97100830, 113.32389069, 32.46999741, 0.00000000
1, 30.5600, 3206, -0.37660816, -0.28444257, 0.26139218, -22.59421921, 35.10651779, 49.29650497, -54.39929962, 17.01256943, -73.39958954, 84.61525726, -50.39113998, 13.88037014, 0.62965387, -0.64265019, 0.23892696, -0.36530915, -0.39382014, -0.35157293, -0.32172009, 99.97100830, 113.32389069, 32.46999741, 0.00000000
1, 30.5650, 3207, -0.36565512, -0.24144539, 0.31177637, -13.25845718, 2.37021637, 40.72094727, -54.83776474, 16.80795097, -73.39958954, 84.51139069, -50.59281921, 13.92976570, 0.62939739, -0.64182407, 0.24021195, -0.36635923, -0.40724114, -0.39165056, -0.37364370, 99.97100830, 113.32389069, 32.46999741, 0.00000000
1, 30.5700, 3208, -0.34582219, -0.25975859, 0.24240142, -12.41207695, -8.01629448, 31.06862450, -54.83776474, 16.80795097, -73.39958954, 84.47990417, -50.75149155, 13.89075184, 0.62916118, -0.64128590, 0.24149895, -0.36686096, -0.42878702, -0.37088746, -0.30454165, 99.97100830, 113.32389069, 32.46999741, 0.00000000
1, 30.5750, 3209, -0.36082348, -0.33824337, 0.12359580, -14.43511581, -16.50281143, 21.04243469, -54.83776474, 16.80795097, -73.39958954, 84.49609375, -50.86444473, 13.77709007, 0.62905163, -0.64093179, 0.24277155, -0.36682764, -0.41485786, -0.29054511, -0.18570128, 99.97100830, 113.32389069, 32.46999741, 0.00000000
1, 30.5800, 3210, -0.39050573, -0.44349220, 0.06317164, -15.60844994, -30.17660522, 12.66944504, -54.95469284, 17.45103836, -73.80883026, 84.59547424, -50.94229507, 13.54869652, 0.62896276, -0.64085102, 0.24420513, -0.36616915, -0.38597125, -0.18411900, -0.12459105, 99.97100830, 113.32389069, 32.46999741, 0.00000000
1, 30.5850, 3211, -0.37224579, -0.51044130, 0.08444399, -15.57892609, -51.65883636, 6.44352531, -54.95469284, 17.45103836, -73.80883026, 84.83114624, -50.99879456, 13.14515114, 0.62874079, -0.64117730, 0.24605420, -0.36473835, -0.40495443, -0.11658563, -0.14366975, 99.97100830, 113.32389069, 32.46999741, 0.00000000
1, 30.5900, 3212, -0.33543175, -0.53128552, 0.15413243, -14.77555656, -74.98617554, 1.91638494, -54.92546082, 17.91873741, -72.93189240, 85.31258392, -50.98664856, 12.48061943, 0.62819248, -0.64240742, 0.24817583, -0.36207148, -0.44214928, -0.09598148, -0.20893130, 99.97100830, 113.32389069, 32.46999741, 0.00000000
1, 30.5950, 3213, -0.28540632, -0.51510751, 0.21940775, -14.76591110, -94.57894897, -3.21268082, -54.92546082, 17.91873741, -72.93189240, 85.82237244, -51.00813293, 11.72957134, 0.62762463, -0.64352393, 0.25091487, -0.35917431, -0.49233636, -0.11273067, -0.26827192, 99.97100830, 113.32389069, 32.46999741, 0.00000000
1, 30.6000, 3214, -0.23062047, -0.45839408, 0.25503623, -16.57743835, -110.91780090, -9.60803986, -54.92546082, 17.91873741, -72.93189240, 86.42678070, -50.99880219, 10.84510517, 0.62701565, -0.64490283, 0.25394639, -0.35561636, -0.54719841, -0.16996489, -0.29729250, 99.97100830, 113.32389069, 32.46999741, 0.00000000
1, 30.6500, 3215, -0.20591736, -0.11261548, 0.15051508, -7.56605530, -242.74931335, -133.86514282, -51.38848114, 16.39871407, -70.12569427, 96.38563538, -47.20426178, -3.25463557, 0.61909038, -0.67518353, 0.28619522, -0.28097463, -0.53062606, -0.56059742, -0.07945865, 99.97100830, 113.32389069, 32.46999741, 0.00000000
1, 30.6550, 3216, -0.21049631, -0.15265244, 0.22396919, -4.53792238, -242.85952759, -145.68386841, -49.19614029, 14.46945286, -69.65799713, 97.55100250, -46.33574677, -4.88750172, 0.61793226, -0.67979425, 0.28852025, -0.26980656, -0.51612234, -0.52980626, -0.13779032, 99.97100830, 113.32389069, 32.46999741, 0.00000000
1, 30.6600, 3217, -0.21031369, -0.19543973, 0.29516625, -2.63287520, -238.09373474, -156.42564392, -49.19614029, 14.46945286, -69.65799713, 98.63892365, -45.39550018, -6.42411757, 0.61680979, -0.68443096, 0.29033160, -0.25847161, -0.50531125, -0.49680704, -0.19417985, 99.97100830, 113.32389069, 32.46999741, 0.00000000
1, 30.6650, 3218, -0.19718643, -0.24368110, 0.37617502, -3.22907615, -229.35263062, -166.79548645, -47.06226349, 15.17100239, -68.92721558, 99.61872101, -44.39176559, -7.83790779, 0.61583865, -0.68897873, 0.29156041, -0.24707019, -0.50647348, -0.45886177, -0.26108056, 99.97100830, 113.32389069, 32.46999741, 0.00000000
1, 30.6700, 3219, -0.21399048, -0.34851277, 0.46654943, -7.99632311, -217.26235962, -178.89012146, -47.06226349, 15.17100239, -68.92721558, 100.45645142, -43.32317734, -9.10754490, 0.61520183, -0.69331723, 0.29210779, -0.23560794, -0.47673208, -0.36488181, -0.33866805, 99.97100830, 113.32389069, 32.46999741, 0.00000000
1, 30.6750, 3220, -0.22360975, -0.37940526, 0.49743593, -14.32039833, -199.11099243, -187.17507935, -44.75299454, 15.17100239, -68.54721069, 101.12710571, -42.21882629, -10.20341492, 0.61498219, -0.69730395, 0.29193878, -0.22435659, -0.45316830, -0.34520739, -0.35811970, 99.97100830, 113.32389069, 32.46999741, 0.00000000
1, 30.6800, 3221, -0.23246661, -0.39705330, 0.51169479, -21.47197151, -168.80380249, -197.19277954, -44.75299454, 14.32329750, -68.54721069, 101.58255005, -41.08726120, -11.05362129, 0.61538255, -0.70083368, 0.29068315, -0.21363473, -0.42974240, -0.33920372, -0.36359182, 99.97100830, 113.32389069, 32.46999741, 0.00000000
1, 30.6850, 3222, -0.26636562, -0.42233479, 0.49453998, -23.38688469, -150.51373291, -205.32022095, -44.75299454, 14.32329750, -68.54721069, 101.91574860, -39.93006516, -11.75031853, 0.61607212, -0.70415545, 0.28866884, -0.20320104, -0.38059428, -0.32578391, -0.33924007, 99.97100830, 113.32389069, 32.46999741, 0.00000000
1, 30.6900, 3223, -0.31297931, -0.45384887, 0.44869217, -23.91760826, -137.60340881, -212.29660034, -42.70681000, 12.74481106, -67.93334961, 102.20747375, -38.74052048, -12.36222839, 0.61671960, -0.70753694, 0.28610557, -0.19285248, -0.31801361, -0.30622858, -0.28702691, 99.97100830, 113.32389069, 32.46999741, 0.00000000
1, 30.6950, 3224, -0.36294726, -0.47654653, 0.38899770, -24.54734039, -128.06011963, -218.33547974, -42.70681000, 12.74481106, -67.93334961, 102.39233398, -37.53844452, -12.86453438, 0.61768752, -0.71062148, 0.28302255, -0.18269539, -0.25147367, -0.29553130, -0.22176853, 99.97100830, 113.32389069, 32.46999741, 0.00000000
1, 30.7300, 3225, -0.51168746, -0.58943248, 0.13904384, -47.47720337, -56.34379578, -274.69610596, -37.06518555, 10.49400711, -67.78719330, 101.79168701, -28.39578247, -14.19267368, 0.63029540, -0.72742301, 0.24645296, -0.11333363, 0.03038199, -0.26881066, 0.03886838, 99.97100830, 113.32389069, 32.46999741, 0.00000000
1, 30.7350, 3226, -0.52728772, -0.64505458, 0.11788681, -47.20101166, -39.71858597, -282.33026123, -37.06518555, 10.49400711, -67.78719330, 101.50605011, -26.97355080, -14.09322166, 0.63272816, -0.72928095, 0.23882024, -0.10377508, 0.06788625, -0.22542243, 0.05804656, 99.97100830, 113.32389069, 32.46999741, 0.00000000
1, 30.7400, 3227, -0.53142327, -0.69075274, 0.15994307, -46.26010132, -30.23958588, -286.56793213, -34.34668350, 9.88015175, -68.19643402, 101.20963287, -25.55446625, -13.94813824, 0.63512224, -0.73103148, 0.23083307, -0.09449278, 0.09413297, -0.19161806, 0.01360346, 99.97100830, 113.32389069, 32.46999741, 0.00000000
1, 30.7450, 3228, -0.51687682, -0.72760928, 0.19658490, -46.14378357, -22.82378960, -289.30200195, -34.34668350, 9.88015175, -68.19643402, 100.89998627, -24.11322975, -13.76865578, 0.63752186, -0.73268133, 0.22243015, -0.08525734, 0.10211466, -0.16619168, -0.02574814, 99.97100830, 113.32389069, 32.46999741, 0.00000000
1, 30.7500, 3229, -0.49204546, -0.75497556, 0.20537674, -46.27711105, -18.08019257, -291.08004761, -32.32972717, 9.32475853, -68.34259033, 100.58712769, -22.66677666, -13.57253933, 0.63987345, -0.73420584, 0.21380213, -0.07610828, 0.10034388, -0.14975393, -0.03752217, 99.97100830, 113.32389069, 32.46999741, 0.00000000
1, 30.7550, 3230, -0.46200126, -0.77789438, 0.20123979, -45.15642548, -14.18655205, -293.27990723, -32.32972717, 9.32475853, -68.34259033, 100.27988434, -21.21202469, -13.36416912, 0.64212596, -0.73564667, 0.20495543, -0.06701975, 0.09376530, -0.13719785, -0.03649842, 99.97100830, 113.32389069, 32.46999741, 0.00000000
1, 30.7600, 3231, -0.42569828, -0.81474650, 0.20774060, -43.21067429, -10.87738323, -295.50418091, -32.32972717, 9.32475853, -68.34259033, 99.98400116, -19.74818611, -13.14654350, 0.64424390, -0.73702759, 0.19590400, -0.05798080, 0.08128212, -0.11015246, -0.04616038, 99.97100830, 113.32389069, 32.46999741, 0.00000000
1, 30.7650, 3232, -0.38584450, -0.85098791, 0.22055942, -41.81613922, -9.16280937, -298.25021362, -29.99123001, 8.38935947, -68.81028748, 99.69981384, -18.27124596, -12.92736244, 0.64622843, -0.73834038, 0.18667899, -0.04892141, 0.06565356, -0.08314980, -0.06212476, 99.97100830, 113.32389069, 32.46999741, 0.00000000
1, 30.7700, 3233, -0.34053597, -0.86769652, 0.21272884, -41.39287567, -9.60357189, -301.52593994, -29.99123001, 8.38935947, -68.81028748, 99.42574310, -16.77678680, -12.71704865, 0.64809018, -0.73956347, 0.17732753, -0.03975007, 0.04510639, -0.07507309, -0.05739925, 99.97100830, 113.32389069, 32.46999741, 0.00000000
1, 30.7750, 3234, -0.32453123, -0.89577973, 0.19511102, -39.72502899, -10.34714317, -306.26187134, -27.91581345, 8.68167210, -69.10260010, 99.16771698, -15.25743008, -12.51551533, 0.64978456, -0.74073899, 0.16780993, -0.03042616, 0.05447090, -0.05502831, -0.04291596, 99.97100830, 113.32389069, 32.46999741, 0.00000000
1, 30.7950, 3235, -0.29965729, -1.17197013, 0.15414467, -10.66001415, -4.44204998, -330.15136719, -25.81116676, 8.91552162, -69.16106415, 98.48714447, -8.89331722, -11.64507294, 0.65347981, -0.74618047, 0.12696892, 0.00760415, 0.13759571, 0.19575575, -0.01082415, 99.97100830, 113.32389069, 32.46999741, 0.00000000
1, 30.8000, 3236, -0.22027245, -1.24667621, 0.17123485, -0.65549254, -9.57464695, -336.25476074, -23.35574341, 9.03244686, -69.04413605, 98.45169067, -7.22303104, -11.44568539, 0.65329051, -0.74791664, 0.11629738, 0.01752867, 0.08684736, 0.26607955, -0.02807658, 99.97100830, 113.32389069, 32.46999741, 0.00000000
1, 30.8050, 3237, -0.14180145, -1.32833636, 0.20368059, 9.83343887, -16.35832214, -341.59747314, -23.35574341, 9.03244686, -69.04413605, 98.47786713, -5.52122927, -11.27700043, 0.65257758, -0.74980956, 0.10562707, 0.02777050, 0.03765555, 0.34425515, -0.05975468, 99.97100830, 113.32389069, 32.46999741, 0.00000000
1, 30.8100, 3238, -0.07612970, -1.38335526, 0.23724282, 18.62377548, -18.12491226, -347.60516357, -23.35574341, 9.03244686, -69.04413605, 98.55325317, -3.78848314, -11.11160851, 0.65141356, -0.75180787, 0.09479687, 0.03819501, 0.00189026, 0.39674509, -0.09174566, 99.97100830, 113.32389069, 32.46999741, 0.00000000
1, 30.8150, 3239, -0.03129810, -1.43736732, 0.21871276, 22.31342888, -15.56640911, -352.77893066, -20.90032196, 9.03244686, -69.04413605, 98.65112305, -2.03225279, -10.92734528, 0.64997786, -0.75376010, 0.08370745, 0.04865867, -0.01239367, 0.44926903, -0.07130106, 99.97100830, 113.32389069, 32.46999741, 0.00000000
1, 30.8200, 3240, -0.05714819, -1.47933900, 0.15734215, 20.38929939, -13.41353416, -357.57537842, -20.90032196, 9.03244686, -69.04413605, 98.74462891, -0.25425893, -10.72606468, 0.64844674, -0.75549740, 0.07237485, 0.05918276, 0.04453057, 0.49074817, -0.00827804, 99.97100830, 113.32389069, 32.46999741, 0.00000000
1, 30.8250, 3241, -0.11601687, -1.46304440, 0.09747723, 13.88781929, -12.35890293, -363.25106812, -18.47413063, 10.08477020, -69.77491760, 98.81196594, 1.55062461, -10.51282120, 0.64695823, -0.75688326, 0.06079122, 0.06983835, 0.13492525, 0.47485808, 0.05273421, 99.97100830, 113.32389069, 32.46999741, 0.00000000
1, 30.8300, 3242, -0.16206503, -1.48484516, 0.09901974, 9.87703609, -13.93645573, -367.19845581, -18.47413063, 10.08477020, -69.77491760, 98.86581421, 3.37594676, -10.30232716, 0.64542168, -0.75796843, 0.04909483, 0.08065046, 0.21272528, 0.49790707, 0.05183622, 99.97100830, 113.32389069, 32.46999741, 0.00000000
1, 30.8350, 3243, -0.20781548, -1.55164659, 0.16545828, 9.15721989, -19.88694382, -370.62609863, -18.47413063, 10.08477020, -69.77491760, 98.92082214, 5.22254705, -10.11660099, 0.64371717, -0.75882208, 0.03743815, 0.09173666, 0.29036731, 0.56686938, -0.01423764, 99.97100830, 113.32389069, 32.46999741, 0.00000000
1, 30.8400, 3244, -0.24613291, -1.66046286, 0.25533876, 16.98955917, -26.62125397, -371.69250488, -15.87255192, 10.61093235, -69.89184570, 99.01776123, 7.06791782, -9.96057510, 0.64157927, -0.75966924, 0.02602259, 0.10296382, 0.36058843, 0.67893124, -0.10339816, 99.97100830, 113.32389069, 32.46999741, 0.00000000
1, 30.9050, 3245, -1.21654570, -0.88402975, 0.94643515, 0.38730600, -14.62108421, -144.61781311, -7.16164875, 16.69102669, -69.54106903, 99.85353088, 24.62155914, -6.84965277, 0.61809331, -0.75449073, -0.09235262, 0.20043835, 1.62810874, -0.01442347, -0.79524910, 99.97100830, 113.32389069, 32.46999741, 0.00000000
1, 30.9100, 3246, -1.17679024, -0.56002223, 0.79970062, 1.83940279, 16.66622353, -112.27349091, -7.16164875, 16.69102669, -69.54106903, 99.94389343, 25.16056633, -6.65377378, 0.61698502, -0.75421566, -0.09647915, 0.20292863, 1.59801340, -0.33378381, -0.64753807, 99.97100830, 113.32389069, 32.46999741, 0.00000000
1, 30.9150, 3247, -1.11937058, -0.33675289, 0.26596433, 15.88432693, 48.72967148, -75.79458618, -6.34317446, 17.77258110, -70.12569427, 100.16708374, 25.49189186, -6.31577444, 0.61558610, -0.75474358, -0.10014573, 0.20343778, 1.54799759, -0.55284697, -0.11088530, 99.97100830, 113.32389069, 32.46999741, 0.00000000
1, 30.9200, 3248, -1.04095078, -0.31694236, -0.17923222, 34.36106873, 68.19235992, -35.15071869, -6.34317446, 17.77258110, -70.12569427, 100.51383972, 25.60464096, -5.90921688, 0.61384135, -0.75610965, -0.10283463, 0.20229238, 1.47331786, -0.56979305, 0.33927584, 99.97100830, 113.32389069, 32.46999741, 0.00000000
1, 30.9250, 3249, -0.87794268, -0.44305265, -0.36031416, 44.05079269, 64.37075043, 5.92631626, -6.63548660, 18.06489372, -69.39491272, 100.88298035, 25.51685905, -5.56451178, 0.61214501, -0.75787961, -0.10398082, 0.20021243, 1.31013775, -0.44260269, 0.52635443, 99.97100830, 113.32389069, 32.46999741, 0.00000000
1, 30.9300, 3250, -0.68164462, -0.60903442, -0.37730876, 47.01393127, 37.17483521, 46.11121368, -6.63548660, 18.06489372, -69.39491272, 101.18457031, 25.25584984, -5.41086197, 0.61081499, -0.75966841, -0.10304447, 0.19796714, 1.11042976, -0.27724344, 0.54884624, 99.97100830, 113.32389069, 32.46999741, 0.00000000
1, 30.9350, 3251, -0.60016423, -0.77190042, -0.30420166, 49.67850876, 10.56024933, 83.71991730, -6.63548660, 18.06489372, -69.39491272, 101.42028809, 24.83560944, -5.44340229, 0.60982919, -0.76145947, -0.10012724, 0.19560796, 1.02274513, -0.11649838, 0.48009974, 99.97100830, 113.32389069, 32.46999741, 0.00000000
1, 30.9400, 3252, -0.64583576, -0.90899932, -0.15283512, 52.55794144, -2.71818185, 115.75498199, -6.72318029, 17.71411896, -69.27798462, 101.58354187, 24.14080238, -5.60316324, 0.60950661, -0.76327801, -0.09499567, 0.19205283, 1.05860579, 0.01671373, 0.33221436, 99.97100830, 113.32389069, 32.46999741, 0.00000000
1, 30.9900, 3253, 2.75326872, -1.46580338, -0.90068316, -42.97352982, 37.20711136, 72.17961121, -10.14323330, 16.13563347, -68.78105927, 101.83749390, 16.70098877, -6.57778597, 0.61624360, -0.77201045, -0.04734242, 0.14833224, -2.46218443, 0.53044283, 1.10236728, 99.97100830, 113.32389069, 32.46999741, 0.00000000
1, 30.9950, 3254, 2.52688766, -1.30038548, -0.68465674, -35.77556229, -38.35618591, 67.97344208, -10.14323330, 16.13563347, -68.78105927, 101.58338928, 16.40616608, -6.84525537, 0.61795783, -0.77094162, -0.04424862, 0.14771356, -2.24159217, 0.36232108, 0.88246536, 99.97100830, 113.32389069, 32.46999741, 0.00000000
1, 31.0000, 3255, 1.96896577, -1.23605049, -0.52481782, -25.10698891, -122.11367035, 74.14861298, -10.81555080, 13.35866737, -69.19029236, 101.26274872, 16.16219521, -7.54486084, 0.61949807, -0.76961249, -0.03861549, 0.14975910, -1.68830013, 0.29549044, 0.71659040, 99.97100830, 113.32389069, 32.46999741, 0.00000000
1, 31.0050, 3256, 0.91384101, -1.13804996, -0.46260017, -11.59692192, -185.76637268, 89.84532166, -10.81555080, 13.35866737, -69.19029236, 100.91928864, 15.89813614, -8.58267212, 0.62075686, -0.76821291, -0.03064229, 0.15352841, -0.63756084, 0.19507965, 0.64651901, 99.97100830, 113.32389069, 32.46999741, 0.00000000
1, 31.0100, 3257, 0.35087842, -1.12512851, -0.33717316, 6.80692005, -230.69340515, 104.97966766, -10.17246437, 15.17100239, -70.09646606, 100.60778046, 15.59560204, -9.86124706, 0.62149519, -0.76695514, -0.02081705, 0.15839937, -0.07987621, 0.17954391, 0.51461834, 99.97100830, 113.32389069, 32.46999741, 0.00000000
1, 31.0150, 3258, -0.50382620, -1.11430132, -0.02384881, 26.79644775, -275.30044556, 129.17996216, -10.17246437, 15.17100239, -70.09646606, 100.33817291, 15.20852089, -11.38627720, 0.62167889, -0.76583809, -0.00883263, 0.16410159, 0.76795936, 0.16569673, 0.19493899, 99.97100830, 113.32389069, 32.46999741, 0.00000000
1, 31.0200, 3259, -1.08570516, -1.15786362, 0.25384542, 33.49492645, -267.81756592, 153.77453613, -10.17246437, 15.17100239, -70.09646606, 100.11925507, 14.68760586, -12.89058208, 0.62169832, -0.76482886, 0.00381853, 0.16885906, 1.34096980, 0.20593515, -0.08775496, 99.97100830, 113.32389069, 32.46999741, 0.00000000
1, 31.0250, 3260, -1.52267182, -1.25241506, 0.40922794, 37.89397812, -232.21722412, 177.21078491, -9.32475853, 14.46945286, -71.41186523, 99.97879028, 14.01598644, -14.22903633, 0.62163925, -0.76406538, 0.01631491, 0.17176312, 1.76683402, 0.29702479, -0.24658319, 99.97100830, 113.32389069, 32.46999741, 0.00000000
1, 31.0300, 3261, -1.71416509, -1.34339476, 0.56490439, 41.64051437, -179.71554565, 192.78590393, -9.32475853, 14.46945286, -71.41186523, 99.93458557, 13.22064304, -15.30973244, 0.62151396, -0.76367235, 0.02792870, 0.17246775, 1.94492888, 0.38440049, -0.40346947, 99.97100830, 113.32389069, 32.46999741, 0.00000000
1, 31.0350, 3262, -1.57128143, -1.47678757, 0.68425602, 40.62881851, -119.19303894, 194.55682373, -9.85092068, 13.94329166, -71.44110107, 99.96871948, 12.36469460, -16.08255196, 0.62143427, -0.76361465, 0.03794612, 0.17109117, 1.78737688, 0.51437956, -0.52182657, 99.97100830, 113.32389069, 32.46999741, 0.00000000
1, 31.1000, 3263, -1.07562315, -0.80898118, 0.43767461, 23.40518761, 16.59362602, 101.68922424, -12.71557999, 12.16018677, -70.88570404, 101.84744263, 3.81548452, -20.43351364, 0.61543190, -0.76729661, 0.11696734, 0.13717929, 1.14326453, -0.16822322, -0.23735514, 99.97100830, 113.32389069, 32.46999741, 0.00000000
1, 31.1050, 3264, -1.01929021, -0.81283724, 0.52926075, 22.89480591, 21.37832069, 92.20544434, -12.71557999, 12.16018677, -70.88570404, 101.96368408, 3.34261417, -20.42316818, 0.61531359, -0.76756918, 0.11961041, 0.13386568, 1.07829571, -0.16462979, -0.32669783, 99.97100830, 113.32389069, 32.46999741, 0.00000000
1, 31.1100, 3265, -0.90606129, -0.90346885, 0.48967296, 18.99278831, 36.12150574, 83.10739899, -13.62174797, 11.51710033, -71.35340118, 102.06459045, 2.89895558, -20.33210945, 0.61533988, -0.76785678, 0.12152798, 0.13032167, 0.95732117, -0.07398476, -0.28508508, 99.97100830, 113.32389069, 32.46999741, 0.00000000
1, 31.1150, 3266, -0.71863711, -1.05262434, 0.32925460, 14.43799782, 52.34471130, 75.98079681, -13.62174797, 11.51710033, -71.35340118, 102.14599609, 2.47306752, -20.15495491, 0.61555463, -0.76813906, 0.12274307, 0.12644839, 0.76280332, 0.07538933, -0.12290452, 99.97100830, 113.32389069, 32.46999741, 0.00000000
1, 31.1200, 3267, -0.56072909, -1.15335727, 0.18647619, 12.56816483, 61.27367401, 68.96162415, -13.62174797, 11.51710033, -71.35340118, 102.21869659, 2.07189631, -19.92738152, 0.61583120, -0.76844484, 0.12347052, 0.12247302, 0.59816229, 0.17634031, 0.02142312, 99.97100830, 113.32389069, 32.46999741, 0.00000000
1, 31.1250, 3268, -0.31486630, -1.25019681, 0.01007442, 17.18365097, 69.59117126, 63.63297653, -14.44022179, 11.95556831, -70.79801178, 102.31434631, 1.68773067, -19.65413284, 0.61595917, -0.76893449, 0.12381755, 0.11833603, 0.34594503, 0.27356684, 0.19983409, 99.97100830, 113.32389069, 32.46999741, 0.00000000
1, 31.1300, 3269, -0.08119462, -1.30760205, -0.09242857, 21.36592293, 67.15975952, 60.47224045, -14.44022179, 11.95556831, -70.79801178, 102.42886353, 1.32114613, -19.39015007, 0.61590689, -0.76952791, 0.12414326, 0.11434132, 0.10605296, 0.33137482, 0.30474219, 99.97100830, 113.32389069, 32.46999741, 0.00000000
1, 31.1350, 3270, 0.14831603, -1.31433058, -0.15679839, 22.70976448, 55.61670685, 58.60264587, -15.08330917, 11.80941200, -70.15492249, 102.54736328, 0.97556829, -19.18132782, 0.61572856, -0.77009851, 0.12472184, 0.11077520, -0.12942052, 0.33852553, 0.37171787, 99.97100830, 113.32389069, 32.46999741, 0.00000000
1, 31.1400, 3271, 0.32567650, -1.28131640, -0.14494471, 22.51777840, 39.07653046, 58.31601715, -15.08330917, 11.80941200, -70.15492249, 102.61013031, 0.69409847, -19.05414963, 0.61575741, -0.77033329, 0.12544407, 0.10813516, -0.31219512, 0.30574918, 0.36190873, 99.97100830, 113.32389069, 32.46999741, 0.00000000
1, 31.1450, 3272, 0.43266934, -1.22396028, -0.01708071, 21.81252480, 23.78753471, 57.96057510, -15.08330917, 11.80941200, -70.15492249, 102.72045135, 0.38562778, -19.00106812, 0.61542034, -0.77071619, 0.12685046, 0.10565700, -0.42457521, 0.24845895, 0.23587455, 99.97100830, 113.32389069, 32.46999741, 0.00000000
1, 31.1700, 3273, 0.06524350, -0.85111225, 0.24476512, 12.04767513, -61.53188324, 63.83283234, -15.49254608, 11.69248772, -70.09646606, 103.00613403, -0.93291473, -20.04697990, 0.61406052, -0.76978785, 0.14120592, 0.10206465, -0.08108321, -0.12359513, -0.02128283, 99.97100830, 113.32389069, 32.46999741, 0.00000000
1, 31.1750, 3274, -0.13212754, -0.90136862, 0.26282680, 15.42605972, -64.46002960, 63.68498611, -16.19409561, 10.78631973, -70.73954773, 103.09114075, -1.17078805, -20.43247604, 0.61341953, -0.76951993, 0.14513975, 0.10242129, 0.11207461, -0.07297503, -0.03853685, 99.97100830, 113.32389069, 32.46999741, 0.00000000
1, 31.1800, 3275, -0.27506068, -0.96305323, 0.33132729, 13.56256104, -58.44577026, 59.12000656, -16.19409561, 10.78631973, -70.73954773, 103.16754150, -1.39269280, -20.78390312, 0.61285001, -0.76924604, 0.14874890, 0.10270892, 0.25088421, -0.01100471, -0.10615630, 99.97100830, 113.32389069, 32.46999741, 0.00000000
1, 31.1850, 3276, -0.37427923, -0.99513304, 0.36928928, 9.39018154, -49.57764053, 55.28339005, -16.57410049, 11.31248188, -70.50569916, 103.22314453, -1.60560632, -21.08807373, 0.61245376, -0.76891583, 0.15197162, 0.10282773, 0.34625867, 0.02134813, -0.14340013, 99.97100830, 113.32389069, 32.46999741, 0.00000000
1, 31.1900, 3277, -0.47053006, -1.01118708, 0.38969949, 5.63133526, -36.69739151, 51.32682800, -16.57410049, 11.31248188, -70.50569916, 103.29470825, -1.92005217, -21.32754135, 0.61212987, -0.76863116, 0.15531006, 0.10189212, 0.43788132, 0.03773358, -0.16311818, 99.97100830, 113.32389069, 32.46999741, 0.00000000
1, 31.1950, 3278, -0.54209894, -1.02313042, 0.40196970, 2.91372037, -21.77787590, 46.94993973, -16.57410049, 11.31248188, -70.50569916, 103.31548309, -2.12366533, -21.48729515, 0.61208856, -0.76829529, 0.15747835, 0.10134445, 0.50492042, 0.04997283, -0.17490694, 99.97100830, 113.32389069, 32.46999741, 0.00000000
1, 31.2000, 3279, -0.57461089, -1.03044593, 0.40363294, 0.96522623, -8.60299778, 42.97735596, -16.48640823, 11.22478771, -70.30107880, 103.32436371, -2.32299876, -21.57840157, 0.61218303, -0.76798928, 0.15915179, 0.10047484, 0.53393388, 0.05746146, -0.17649531, 99.97100830, 113.32389069, 32.46999741, 0.00000000
1, 31.2050, 3280, -0.57413369, -1.03442764, 0.39280042, 0.74270242, 3.24015689, 39.96756744, -16.48640823, 11.22478771, -70.30107880, 103.32982635, -2.52123046, -21.60840416, 0.61235213, -0.76774758, 0.16040602, 0.09929068, 0.53002864, 0.06162315, -0.16560443, 99.97100830, 113.32389069, 32.46999741, 0.00000000
1, 31.2100, 3281, -0.53596681, -1.03357589, 0.40915367, 1.18635452, 16.07793427, 37.84931564, -16.80795097, 10.46477604, -70.68108368, 103.33459473, -2.72384858, -21.57345390, 0.61258531, -0.76758558, 0.16124704, 0.09773042, 0.48831302, 0.06091908, -0.18180872, 99.97100830, 113.32389069, 32.46999741, 0.00000000
1, 31.2150, 3282, -0.46723056, -1.03095281, 0.44317907, 1.31954145, 31.00837708, 35.50447083, -16.80795097, 10.46477604, -70.68108368, 103.33618164, -2.93214583, -21.46305466, 0.61290663, -0.76750451, 0.16160959, 0.09573229, 0.41588181, 0.05842044, -0.21565689, 99.97100830, 113.32389069, 32.46999741, 0.00000000
1, 31.2400, 3283, -0.06024873, -0.97562492, 0.28553930, -2.54801559, 51.70983505, 26.33768272, -17.21718788, 10.69862556, -70.09646606, 103.25035858, -3.92423654, -20.37263680, 0.61540711, -0.76739776, 0.15948334, 0.08330561, -0.00814653, 0.00399874, -0.05865398, 99.97100830, 113.32389069, 32.46999741, 0.00000000
1, 31.2450, 3284, -0.03768257, -0.96625066, 0.27009949, -1.71761942, 50.57926941, 25.84448624, -17.21718788, 10.69862556, -70.09646606, 103.22688293, -4.10760212, -20.15522003, 0.61590648, -0.76735586, 0.15898028, 0.08092998, -0.03382945, -0.00519710, -0.04344836, 99.97100830, 113.32389069, 32.46999741, 0.00000000
1, 31.2500, 3285, -0.01363583, -0.96107554, 0.27024418, -1.09484291, 48.96031189, 25.30723572, -17.77258110, 10.90324497, -70.41800690, 103.20632172, -4.28642511, -19.94497299, 0.61636829, -0.76732385, 0.15850396, 0.07861818, -0.06100881, -0.01023502, -0.04393422, 99.97100830, 113.32389069, 32.46999741, 0.00000000
1, 31.2550, 3286, 0.00121515, -0.95930564, 0.26895458, -1.41237187, 45.69512177, 24.81282806, -17.77258110, 10.90324497, -70.41800690, 103.18472290, -4.45907211, -19.75001717, 0.61681300, -0.76727140, 0.15809742, 0.07643068, -0.07889171, -0.01186273, -0.04301378, 99.97100830, 113.32389069, 32.46999741, 0.00000000
1, 31.2600, 3287, 0.00600111, -0.95021796, 0.24518479, -2.53611970, 41.47948074, 24.44623184, -17.80181122, 9.26629639, -70.21338654, 103.15850067, -4.62509871, -19.57512093, 0.61726224, -0.76717335, 0.15778781, 0.07440129, -0.08653332, -0.02078740, -0.01969388, 99.97100830, 113.32389069, 32.46999741, 0.00000000
1, 31.2650, 3288, 0.00372951, -0.93749344, 0.20650594, -2.95164466, 37.57760620, 24.32346725, -17.80181122, 9.26629639, -70.21338654, 103.13121796, -4.78603411, -19.41902542, 0.61769569, -0.76704895, 0.15757728, 0.07250820, -0.08698766, -0.03333242, 0.01848505, 99.97100830, 113.32389069, 32.46999741, 0.00000000
1, 31.2700, 3289, 0.00263681, -0.92901671, 0.17296328, -2.65444970, 33.54449844, 24.11839485, -17.80181122, 9.26629639, -70.21338654, 103.10667419, -4.94135666, -19.28231430, 0.61808848, -0.76691866, 0.15746926, 0.07075315, -0.08853546, -0.04163130, 0.05155355, 99.97100830, 113.32389069, 32.46999741, 0.00000000
1, 31.2750, 3290, -0.00132367, -0.92369938, 0.17253491, -1.43973470, 30.23727417, 24.47978210, -18.82490540, 10.37708282, -70.06723022, 103.08925629, -5.09465408, -19.16209221, 0.61841726, -0.76680589, 0.15746588, 0.06909042, -0.08724496, -0.04679730, 0.05160144, 99.97100830, 113.32389069, 32.46999741, 0.00000000
1, 31.2800, 3291, -0.00312928, -0.92792642, 0.19766682, -0.21562575, 29.12164688, 24.96339035, -18.82490540, 10.37708282, -70.06723022, 103.07819366, -5.24900150, -19.04779625, 0.61869699, -0.76671749, 0.15751188, 0.06744334, -0.08817814, -0.04242686, 0.02619001, 99.97100830, 113.32389069, 32.46999741, 0.00000000
1, 31.2850, 3292, -0.00336426, -0.95455575, 0.22241068, 0.77116966, 27.18735313, 26.09650040, -18.62028694, 10.26015759, -69.71645355, 103.07276154, -5.40668249, -18.94419670, 0.61893189, -0.76664013, 0.15765056, 0.06582325, -0.09072227, -0.01561942, 0.00123185, 99.97100830, 113.32389069, 32.46999741, 0.00000000
1, 31.3300, 3293, -0.22670677, -0.99330294, 0.25056610, 0.19501539, 42.63148117, 26.78741837, -19.96492195, 7.22011089, -69.62876129, 102.96187592, -6.86312294, -18.00205040, 0.62133014, -0.76554847, 0.15900670, 0.05100492, 0.10735598, 0.02528399, -0.02995376, 99.97100830, 113.32389069, 32.46999741, 0.00000000
1, 31.3350, 3294, -0.20208438, -0.98122776, 0.23985046, 0.23815851, 47.79664612, 26.38420486, -20.60800934, 9.52937698, -69.62876129, 102.93855286, -7.04491282, -17.79689598, 0.62170869, -0.76547837, 0.15858860, 0.04869147, 0.07962552, 0.01350917, -0.01962226, 99.97100830, 113.32389069, 32.46999741, 0.00000000
1, 31.3400, 3295, -0.12981127, -0.96777618, 0.21606600, 0.62355590, 51.05685043, 25.65080452, -20.60800934, 9.52937698, -69.62876129, 102.91165924, -7.21537352, -17.57429504, 0.62210220, -0.76542622, 0.15799339, 0.04636416, 0.00435983, 0.00036759, 0.00384807, 99.97100830, 113.32389069, 32.46999741, 0.00000000
1, 31.3450, 3296, -0.06350588, -0.95359612, 0.20203505, 1.18094170, 52.03573608, 25.70209312, -20.60800934, 9.52937698, -69.62876129, 102.88899994, -7.39834547, -17.34722900, 0.62246954, -0.76538640, 0.15743728, 0.04392087, -0.06497567, -0.01350261, 0.01756949, 99.97100830, 113.32389069, 32.46999741, 0.00000000
1, 31.3500, 3297, -0.00294489, -0.93958116, 0.19221126, 1.58302331, 51.22860336, 26.09836197, -20.63723946, 9.93861389, -69.83338165, 102.86817932, -7.58226728, -17.12440109, 0.62281460, -0.76534820, 0.15691601, 0.04149066, -0.12869251, -0.02717931, 0.02711109, 99.97100830, 113.32389069, 32.46999741, 0.00000000
1, 31.3550, 3298, 0.03219378, -0.94446504, 0.18604554, 2.00687861, 48.64289856, 26.59217262, -20.63723946, 9.93861389, -69.83338165, 102.85054016, -7.76566076, -16.91469193, 0.62312496, -0.76530892, 0.15648142, 0.03913012, -0.16698900, -0.02194215, 0.03295034, 99.97100830, 113.32389069, 32.46999741, 0.00000000
1, 31.3600, 3299, 0.05411172, -0.94681013, 0.18951085, 1.98465085, 44.85371017, 27.72896385, -20.60800934, 9.96784592, -69.36568451, 102.83484650, -7.95035315, -16.72475243, 0.62340850, -0.76525062, 0.15618704, 0.03686486, -0.19210196, -0.01923792, 0.02916934, 99.97100830, 113.32389069, 32.46999741, 0.00000000
1, 31.3650, 3300, 0.05948943, -0.94353652, 0.19217002, 1.64581466, 40.84531784, 29.18002892, -20.60800934, 9.96784592, -69.36568451, 102.81981659, -8.13766003, -16.55604744, 0.62367523, -0.76516294, 0.15604909, 0.03469586, -0.20071307, -0.02213287, 0.02616947, 99.97100830, 113.32389069, 32.46999741, 0.00000000
1, 31.3700, 3301, 0.05546917, -0.94975650, 0.18634997, 1.45896232, 35.97381592, 30.36322784, -21.45571518, 9.41245270, -69.65799713, 102.80694580, -8.32533741, -16.41253662, 0.62391376, -0.76505125, 0.15608241, 0.03265807, -0.19991800, -0.01550000, 0.03164132, 99.97100830, 113.32389069, 32.46999741, 0.00000000
1, 31.3750, 3302, 0.03332609, -0.95865476, 0.17045277, 1.10215127, 30.53461266, 31.92062378, -21.45571518, 9.41245270, -69.65799713, 102.79600525, -8.51460171, -16.29747200, 0.62412691, -0.76490861, 0.15631495, 0.03076139, -0.18099546, -0.00615181, 0.04716925, 99.97100830, 113.32389069, 32.46999741, 0.00000000
1, 31.4300, 3303, -0.26626173, -0.99848104, 0.26845336, 1.10069203, 30.79807281, 32.55786514, -23.00496864, 10.08477020, -69.95030975, 102.68773651, -10.62432861, -15.39361572, 0.62604189, -0.76280421, 0.16144849, 0.01165332, 0.08205003, 0.03904603, -0.05477874, 99.97100830, 113.32389069, 32.46999741, 0.00000000
1, 31.4350, 3304, -0.26046032, -1.01125216, 0.27613908, 1.46204901, 33.27381516, 32.57722473, -22.80035019, 8.21397209, -68.95644379, 102.67140198, -10.81953812, -15.26448059, 0.62624067, -0.76263249, 0.16162093, 0.00964488, 0.07289265, 0.05235719, -0.06287997, 99.97100830, 113.32389069, 32.46999741, 0.00000000
1, 31.4400, 3305, -0.25971338, -1.01561129, 0.29050785, 1.22051334, 35.60494232, 32.60080719, -22.80035019, 8.21397209, -68.95644379, 102.67697144, -11.03690815, -15.12857342, 0.62629688, -0.76255894, 0.16186759, 0.00741786, 0.06856158, 0.05733566, -0.07750307, 99.97100830, 113.32389069, 32.46999741, 0.00000000
1, 31.4450, 3306, -0.24984111, -1.01050997, 0.29737991, 0.90167069, 38.33084106, 32.10900116, -23.85267448, 9.73399544, -69.54106903, 102.65192413, -11.23530006, -14.97352982, 0.62654424, -0.76237005, 0.16188475, 0.00525813, 0.05510813, 0.05286205, -0.08468226, 99.97100830, 113.32389069, 32.46999741, 0.00000000
1, 31.4500, 3307, -0.24508888, -1.00473487, 0.29201144, 0.76022220, 41.06166077, 31.47484970, -23.85267448, 9.73399544, -69.54106903, 102.62277985, -11.43349934, -14.80399132, 0.62681246, -0.76217854, 0.16180527, 0.00302602, 0.04697644, 0.04765154, -0.07990752, 99.97100830, 113.32389069, 32.46999741, 0.00000000
1, 31.4550, 3308, -0.23446472, -0.99990988, 0.28089467, 0.73258281, 43.26462173, 31.10708618, -23.85267448, 9.73399544, -69.54106903, 102.59062958, -11.63219643, -14.62283897, 0.62709361, -0.76198530, 0.16165230, 0.00073098, 0.03298268, 0.04339983, -0.06943627, 99.97100830, 113.32389069, 32.46999741, 0.00000000
1, 31.4600, 3309, -0.20231754, -1.01683486, 0.30809301, 1.26882279, 45.98561859, 31.13006210, -24.29114342, 10.11400127, -69.27798462, 102.55771637, -11.83383274, -14.42789841, 0.62737280, -0.76180238, 0.16142453, -0.00165875, -0.00265839, 0.06084868, -0.09728806, 99.97100830, 113.32389069, 32.46999741, 0.00000000
1, 31.4650, 3310, -0.14070854, -1.02899015, 0.34676969, 0.92134106, 48.46731567, 32.10499573, -24.29114342, 10.11400127, -69.27798462, 102.51998901, -12.04280758, -14.22138309, 0.62767696, -0.76159811, 0.16116023, -0.00415522, -0.06790811, 0.07353719, -0.13658470, 99.97100830, 113.32389069, 32.46999741, 0.00000000
1, 31.4700, 3311, -0.12089435, -1.02289653, 0.28832644, -1.08116364, 49.41838837, 32.39852142, -23.67728615, 8.56474686, -69.30722046, 102.47052765, -12.25409412, -14.01011658, 0.62805015, -0.76133204, 0.16087900, -0.00667731, -0.09116682, 0.06811944, -0.07902065, 99.97100830, 113.32389069, 32.46999741, 0.00000000
1, 31.4750, 3312, -0.10852604, -1.00408435, 0.18921670, -1.73866832, 50.90446091, 32.65262604, -23.67728615, 8.56474686, -69.30722046, 102.41539764, -12.46804047, -13.79134083, 0.62845129, -0.76104039, 0.16056462, -0.00925106, -0.10693279, 0.05004370, 0.01906328, 99.97100830, 113.32389069, 32.46999741, 0.00000000
1, 31.5150, 3313, 0.23401909, -1.05455554, 0.09639364, 0.16947162, 27.79010010, 56.12319565, -26.22040367, 8.97398376, -69.10260010, 102.09220123, -14.37961578, -12.53300953, 0.63064849, -0.75833851, 0.16243102, -0.02866232, -0.48129570, 0.10690233, 0.10550756, 99.97100830, 113.32389069, 32.46999741, 0.00000000
1, 31.5200, 3314, 0.20617297, -1.05855346, 0.03966935, 0.34362218, 23.28836632, 60.92098618, -26.42502213, 9.67553329, -69.24875641, 102.08156586, -14.70176315, -12.48072624, 0.63071907, -0.75788838, 0.16380064, -0.03111494, -0.45868641, 0.11230822, 0.16167310, 99.97100830, 113.32389069, 32.46999741, 0.00000000
1, 31.5250, 3315, 0.17839827, -1.05604386, 0.00002188, 1.29979837, 21.47191811, 64.40577698, -26.42502213, 9.67553329, -69.24875641, 102.07872009, -15.03905392, -12.44125557, 0.63073498, -0.75743586, 0.16533267, -0.03361019, -0.43644199, 0.11129850, 0.20085952, 99.97100830, 113.32389069, 32.46999741, 0.00000000
1, 31.5300, 3316, 0.16667846, -1.06774867, 0.01604797, 2.32730985, 19.65443611, 67.95976257, -26.42502213, 9.67553329, -69.24875641, 102.08424377, -15.39182091, -12.41476154, 0.63069242, -0.75698197, 0.16702896, -0.03615057, -0.43063831, 0.12454353, 0.18451340, 99.97100830, 113.32389069, 32.46999741, 0.00000000
1, 31.5350, 3317, 0.16949503, -1.09136128, 0.05037865, 2.26253533, 17.11677742, 72.10635376, -26.30809593, 10.58170128, -69.10260010, 102.09401703, -15.76224327, -12.40563202, 0.63062036, -0.75649273, 0.16893047, -0.03872083, -0.43969476, 0.14979839, 0.14993891, 99.97100830, 113.32389069, 32.46999741, 0.00000000
1, 31.5400, 3318, 0.15463127, -1.12597322, 0.04755540, 1.87968552, 14.43453407, 76.35871887, -26.30809593, 10.58170128, -69.10260010, 102.05647278, -16.03678894, -12.40020084, 0.63085836, -0.75587684, 0.17036311, -0.04055188, -0.43031520, 0.18589193, 0.15213363, 99.97100830, 113.32389069, 32.46999741, 0.00000000
1, 31.5450, 3319, 0.12335024, -1.15801692, 0.03706162, 0.67585421, 11.95802593, 80.45117188, -27.41888237, 10.02630806, -68.86875153, 102.06813812, -16.44268608, -12.42616844, 0.63077289, -0.75527698, 0.17268036, -0.04317078, -0.40478438, 0.21954542, 0.16193143, 99.97100830, 113.32389069, 32.46999741, 0.00000000
1, 31.5500, 3320, 0.08978662, -1.17938626, 0.05600568, 0.05512938, 11.23151398, 84.40266418, -27.41888237, 10.02630806, -68.86875153, 102.07922363, -16.86716652, -12.46025848, 0.63068652, -0.75462180, 0.17514664, -0.04586964, -0.37829286, 0.24296403, 0.14261399, 99.97100830, 113.32389069, 32.46999741, 0.00000000
1, 31.5550, 3321, 0.06955434, -1.18761897, 0.10001110, -0.33435258, 11.84413719, 87.78723145, -27.41888237, 10.02630806, -68.86875153, 102.08886719, -17.30883026, -12.49505138, 0.63060170, -0.75391829, 0.17770559, -0.04867840, -0.36547044, 0.25333950, 0.09824289, 99.97100830, 113.32389069, 32.46999741, 0.00000000
1, 31.5600, 3322, 0.05602706, -1.17825401, 0.13577768, -0.15567173, 12.43702507, 90.74346924, -27.82811928, 9.52937698, -68.75182343, 102.09980011, -17.76556396, -12.53018761, 0.63049924, -0.75318396, 0.18034206, -0.05158886, -0.35958156, 0.24626857, 0.06212889, 99.97100830, 113.32389069, 32.46999741, 0.00000000
1, 31.6150, 3323, 0.07862845, -1.32304895, 0.23689406, 5.55631447, 11.96837902, 122.69726563, -31.33586693, 10.40631390, -69.27798462, 102.50611115, -23.67402649, -12.99213505, 0.62673962, -0.74390697, 0.21392150, -0.08965261, -0.47829372, 0.42744547, -0.04055358, 99.97100830, 113.32389069, 32.46999741, 0.00000000
1, 31.6200, 3324, 0.09415580, -1.35896969, 0.22386080, 4.48037958, 10.36274815, 125.37171936, -32.44665146, 10.72785759, -69.54106903, 102.56764984, -24.29726410, -13.08456993, 0.62618291, -0.74281549, 0.21767895, -0.09346671, -0.50369495, 0.46787164, -0.02753170, 99.97100830, 113.32389069, 32.46999741, 0.00000000
1, 31.6250, 3325, 0.10393438, -1.37407815, 0.20980072, 3.67639184, 9.96127892, 128.77246094, -32.44665146, 10.72785759, -69.54106903, 102.62922668, -24.93657684, -13.18441582, 0.62561494, -0.74164861, 0.22155404, -0.09735046, -0.52354348, 0.48770195, -0.01352043, 99.97100830, 113.32389069, 32.46999741, 0.00000000
1, 31.6300, 3326, 0.11145107, -1.37654567, 0.21203543, 3.65778780, 12.15546036, 131.69924927, -33.79129028, 10.72785759, -68.66413116, 102.68875122, -25.59248543, -13.27721310, 0.62503594, -0.74041963, 0.22545663, -0.10138197, -0.54135585, 0.49507800, -0.01586868, 99.97100830, 113.32389069, 32.46999741, 0.00000000
1, 31.6350, 3327, 0.12548150, -1.37040448, 0.21551256, 3.41106653, 12.41897964, 133.70666504, -33.79129028, 10.49400711, -68.66413116, 102.74906158, -26.25837326, -13.37230396, 0.62443715, -0.73913819, 0.22941019, -0.10547099, -0.56582332, 0.49404752, -0.01948824, 99.97100830, 113.32389069, 32.46999741, 0.00000000
1, 31.6400, 3328, 0.14860445, -1.36788726, 0.20722468, 3.91744876, 12.26143456, 136.11506653, -33.79129028, 10.49400711, -68.66413116, 102.80500031, -26.86707878, -13.46718216, 0.62388122, -0.73792738, 0.23306194, -0.10916807, -0.59892911, 0.49659273, -0.01133111, 99.97100830, 113.32389069, 32.46999741, 0.00000000
1, 31.6450, 3329, 0.17320497, -1.36112690, 0.21231936, 4.69713593, 13.10837364, 138.85939026, -34.14206314, 11.25401878, -69.04413605, 102.87609863, -27.55866051, -13.56754112, 0.62318158, -0.73657572, 0.23714042, -0.11342573, -0.63370073, 0.49511030, -0.01651873, 99.97100830, 113.32389069, 32.46999741, 0.00000000
1, 31.6500, 3330, 0.21716943, -1.35919654, 0.21458171, 5.42471552, 15.21979427, 141.14378357, -34.14206314, 11.25401878, -69.04413605, 102.94857788, -28.26360321, -13.66072941, 0.62244570, -0.73518205, 0.24122210, -0.11781670, -0.68850982, 0.49898016, -0.01885642, 99.97100830, 113.32389069, 32.46999741, 0.00000000
1, 31.6850, 3331, 0.22345905, -1.70109630, 0.26653203, 17.67092323, 106.44968414, 158.55030823, -37.50365448, 10.96170712, -69.16106415, 103.05233765, -33.81729126, -13.11124039, 0.61736542, -0.72349107, 0.26528615, -0.15825306, -0.77740562, 0.88931477, -0.08010609, 99.97100830, 113.32389069, 32.46999741, 0.00000000
1, 31.6900, 3332, 0.42084029, -1.81302202, 0.28844917, 21.61564636, 130.14593506, 158.08345032, -37.50365448, 10.96170712, -69.16106415, 102.84693909, -34.70438004, -12.55434418, 0.61710620, -0.72138911, 0.26644602, -0.16668625, -0.98780549, 1.00912976, -0.10631918, 99.97100830, 113.32389069, 32.46999741, 0.00000000
1, 31.6950, 3333, 0.59683818, -1.90345001, 0.33880579, 24.14975929, 152.06637573, 154.15711975, -39.25752640, 11.69248772, -70.00876617, 102.56531525, -35.62232590, -11.85255051, 0.61695856, -0.71912009, 0.26699710, -0.17590061, -1.17686534, 1.10746622, -0.16202706, 99.97100830, 113.32389069, 32.46999741, 0.00000000
1, 31.7000, 3334, 0.59946787, -1.84654295, 0.37861934, 15.62860489, 163.84057617, 146.65946960, -39.25752640, 11.69248772, -70.00876617, 102.17573547, -36.51291275, -11.05517483, 0.61721677, -0.71655256, 0.26703778, -0.18516673, -1.19232678, 1.05836809, -0.20873280, 99.97100830, 113.32389069, 32.46999741, 0.00000000
1, 31.7050, 3335, 0.52277768, -1.73193932, 0.20200120, 7.25468874, 166.00723267, 137.49383545, -40.77754974, 12.18941784, -70.12569427, 101.70909119, -37.35610199, -10.21548653, 0.61778051, -0.71378356, 0.26677781, -0.19413911, -1.12716103, 0.95146459, -0.04014444, 99.97100830, 113.32389069, 32.46999741, 0.00000000
1, 31.7100, 3336, 0.40669620, -1.61357355, -0.06741499, 7.35795689, 164.68157959, 130.31028748, -40.77754974, 12.18941784, -70.12569427, 101.22175598, -38.15711594, -9.35690784, 0.61833346, -0.71105033, 0.26630595, -0.20286058, -1.02162731, 0.84063876, 0.22086078, 99.97100830, 113.32389069, 32.46999741, 0.00000000
1, 31.7150, 3337, 0.30861771, -1.48879516, -0.20014536, 14.77884674, 161.94506836, 126.50515747, -40.77754974, 12.18941784, -70.12569427, 100.75893402, -38.93107986, -8.49306393, 0.61860752, -0.70852721, 0.26570168, -0.21146332, -0.93389595, 0.72312272, 0.34559047, 99.97100830, 113.32389069, 32.46999741, 0.00000000
1, 31.7200, 3338, 0.22760779, -1.39798963, -0.10216183, 25.66849899, 158.04801941, 124.41588593, -42.73604202, 12.39403629, -70.47647095, 100.34492493, -39.68593216, -7.63454580, 0.61847007, -0.70630187, 0.26501617, -0.21999787, -0.86340797, 0.63930571, 0.24035166, 99.97100830, 113.32389069, 32.46999741, 0.00000000
1, 31.7250, 3339, 0.13788462, -1.30274498, 0.09762747, 31.76873398, 158.98960876, 122.18743134, -42.73604202, 12.39403629, -70.47647095, 99.93668365, -40.42579651, -6.75102758, 0.61812866, -0.70420253, 0.26415694, -0.22855397, -0.78414464, 0.55095273, 0.03364881, 99.97100830, 113.32389069, 32.46999741, 0.00000000
1, 31.7300, 3340, 0.04378662, -1.22047710, 0.36308384, 31.97420692, 161.95019531, 119.34606934, -44.57761002, 13.18327999, -70.65185547, 99.49517822, -41.14913177, -5.82825136, 0.61779499, -0.70205629, 0.26310825, -0.23710850, -0.70034313, 0.47541830, -0.23892677, 99.97100830, 113.32389069, 32.46999741, 0.00000000
1, 31.7500, 3341, -0.57318670, -1.07923436, 0.12341189, 1.97627163, 166.04901123, 132.37429810, -45.33761978, 13.32943535, -71.41186523, 96.92640686, -44.06731033, -1.83426440, 0.61908674, -0.68978935, 0.25983736, -0.27093720, -0.12023561, 0.36373231, -0.03754077, 99.97100830, 113.32389069, 32.46999741, 0.00000000
1, 31.7550, 3342, -0.62938040, -1.18554282, 0.14111303, 7.41402340, 153.06146240, 138.51522827, -46.65302658, 13.85559750, -71.70417786, 96.29636383, -44.84218979, -0.87913817, 0.61893111, -0.68659198, 0.25975481, -0.27936223, -0.07370766, 0.47836739, -0.06470215, 99.97100830, 113.32389069, 32.46999741, 0.00000000
1, 31.7600, 3343, -0.68593788, -1.21263349, 0.10874981, 6.37740231, 133.95666504, 143.22572327, -46.65302658, 13.85559750, -71.70417786, 95.73291016, -45.62351990, -0.03802472, 0.61848420, -0.68349272, 0.26032281, -0.28730997, -0.02672345, 0.51435399, -0.04066715, 99.97100830, 113.32389069, 32.46999741, 0.00000000
1, 31.7650, 3344, -0.73582870, -1.31437933, -0.02577018, 7.17871571, 116.53181458, 138.03306580, -46.65302658, 13.85559750, -71.70417786, 95.23705292, -46.36529160, 0.70363116, 0.61783910, -0.68064535, 0.26117977, -0.29458782, 0.01433186, 0.62509525, 0.08644201, 99.97100830, 113.32389069, 32.46999741, 0.00000000
1, 31.7700, 3345, -0.69944704, -1.41343343, -0.03307584, 5.69916630, 110.74020386, 130.58799744, -47.76381302, 14.52791595, -72.20111084, 94.74059296, -47.06304932, 1.42697883, 0.61723137, -0.67787653, 0.26197657, -0.30145845, -0.03052739, 0.73256421, 0.08701627, 99.97100830, 113.32389069, 32.46999741, 0.00000000
1, 31.7750, 3346, -0.61336726, -1.47489083, 0.00660921, -2.90274549, 114.91011047, 124.97821045, -47.76381302, 14.52791595, -72.20111084, 94.15631104, -47.72982407, 2.20312023, 0.61696535, -0.67484742, 0.26259494, -0.30818614, -0.12469763, 0.80203754, 0.04015017, 99.97100830, 113.32389069, 32.46999741, 0.00000000
1, 31.7800, 3347, -0.58854699, -1.51560664, 0.04642103, -14.12028599, 114.17594910, 116.65592957, -49.22537231, 15.08330917, -73.04881287, 93.49584961, -48.34926605, 2.99826479, 0.61710054, -0.67158490, 0.26312655, -0.31452364, -0.15703505, 0.85034746, -0.00776788, 99.97100830, 113.32389069, 32.46999741, 0.00000000
1, 31.7850, 3348, -0.48987272, -1.43748486, 0.19124666, -25.24760818, 102.05297852, 103.92488098, -49.22537231, 15.08330917, -73.04881287, 92.82411194, -48.89577866, 3.72696877, 0.61756855, -0.66830343, 0.26375413, -0.32002106, -0.26260138, 0.77890134, -0.16042869, 99.97100830, 113.32389069, 32.46999741, 0.00000000
1, 31.7900, 3349, -0.40582749, -1.25664830, 0.31039351, -29.29387665, 84.32644653, 93.56400299, -49.22537231, 15.08330917, -73.04881287, 92.25111389, -49.32228851, 4.31397724, 0.61809874, -0.66553169, 0.26432660, -0.32427296, -0.35235003, 0.60375333, -0.28634027, 99.97100830, 113.32389069, 32.46999741, 0.00000000
1, 31.7950, 3350, -0.40907410, -1.17125666, 0.30188984, -30.39022255, 70.07154083, 84.75554657, -49.40076065, 14.84945869, -73.60420990, 91.70608521, -49.75778198, 4.83204603, 0.61857814, -0.66273934, 0.26531720, -0.32824466, -0.35385075, 0.52371567, -0.28414923, 99.97100830, 113.32389069, 32.46999741, 0.00000000
1, 31.8300, 3351, -0.42922929, -0.28225213, 0.08149662, -19.01754570, 9.16333866, 19.60939980, -50.74539566, 16.07716942, -75.35807800, 89.24150848, -51.39208984, 6.80070591, 0.62218904, -0.65013808, 0.27053690, -0.34206882, -0.35217398, -0.34211469, -0.09092513, 99.97100830, 113.32389069, 32.46999741, 0.00000000
1, 31.8350, 3352, -0.44921249, -0.41481882, 0.06071348, -18.32004547, -6.17648935, 11.66361713, -50.74539566, 16.07716942, -75.35807800, 89.18764496, -51.45109940, 6.75262213, 0.62246007, -0.64959478, 0.27130944, -0.34199619, -0.33288091, -0.20857413, -0.07127841, 99.97100830, 113.32389069, 32.46999741, 0.00000000
1, 31.8400, 3353, -0.45396194, -0.52009678, 0.09077910, -20.13699341, -25.08483696, 4.92666388, -50.74539566, 16.07716942, -75.35807800, 89.32032013, -51.41920853, 6.49394274, 0.62257439, -0.64977652, 0.27219772, -0.34073472, -0.32826850, -0.10327740, -0.10079718, 99.97100830, 113.32389069, 32.46999741, 0.00000000
1, 31.8450, 3354, -0.38056025, -0.56789982, 0.13326696, -23.40285110, -42.28499222, -3.85425997, -51.06694031, 15.46331501, -75.82578278, 89.46850586, -51.40281296, 6.15462351, 0.62278974, -0.64981216, 0.27358830, -0.33915561, -0.40141279, -0.05601990, -0.14138570, 99.97100830, 113.32389069, 32.46999741, 0.00000000
1, 31.8500, 3355, -0.33828008, -0.54187667, 0.14123614, -26.81023979, -56.15550232, -10.62614822, -51.06694031, 15.46331501, -75.82578278, 89.68639374, -51.35256195, 5.70402193, 0.62303245, -0.65003681, 0.27521423, -0.33695692, -0.44326317, -0.08263612, -0.14711197, 99.97100830, 113.32389069, 32.46999741, 0.00000000
1, 31.8550, 3356, -0.29172319, -0.45851296, 0.13781299, -30.95941353, -73.97594452, -20.00650024, -49.89768982, 15.63870239, -75.56269836, 89.99365234, -51.25455475, 5.11169004, 0.62331033, -0.65051562, 0.27711841, -0.33394474, -0.48885152, -0.16720572, -0.14023009, 99.97100830, 113.32389069, 32.46999741, 0.00000000
1, 31.8600, 3357, -0.28898871, -0.36518764, 0.12075999, -32.47555161, -82.78153992, -28.15393066, -49.89768982, 15.63870239, -75.56269836, 90.34521484, -51.11365128, 4.45165062, 0.62363440, -0.65116984, 0.27905002, -0.33043772, -0.49012476, -0.26226237, -0.11928693, 99.97100830, 113.32389069, 32.46999741, 0.00000000
1, 31.8650, 3358, -0.30248550, -0.27624345, 0.10185137, -31.78107834, -89.28376007, -37.15090561, -49.89768982, 15.63870239, -75.56269836, 90.73573303, -50.92481232, 3.74428964, 0.62397832, -0.65203398, 0.28088889, -0.32650310, -0.47464216, -0.35354185, -0.09607252, 99.97100830, 113.32389069, 32.46999741, 0.00000000
1, 31.8700, 3359, -0.31676114, -0.19672082, 0.09490798, -29.69777489, -96.00894165, -46.52139664, -49.07921600, 15.40485191, -75.18269348, 91.17108917, -50.68542480, 2.99025178, 0.62430084, -0.65315104, 0.28260952, -0.32214010, -0.45785138, -0.43605205, -0.08431758, 99.97100830, 113.32389069, 32.46999741, 0.00000000
1, 31.8750, 3360, -0.32362500, -0.15877783, 0.07660769, -27.02799416, -104.34756470, -56.67390823, -49.07921600, 15.40485191, -75.18269348, 91.66096497, -50.39042664, 2.17982149, 0.62457144, -0.65456575, 0.28422409, -0.31728682, -0.44783485, -0.47762749, -0.06062593, 99.97100830, 113.32389069, 32.46999741, 0.00000000
1, 31.9250, 3361, -0.19441910, -0.26767015, 0.25128263, -10.37127495, -168.58749390, -181.80082703, -44.16837311, 13.70944118, -74.01344299, 99.03475952, -43.27298737, -8.93176460, 0.62347984, -0.68622637, 0.29370230, -0.23260555, -0.49496043, -0.44901568, -0.14018834, 99.97100830, 113.32389069, 32.46999741, 0.00000000
1, 31.9300, 3362, -0.20570324, -0.31687120, 0.29918545, -13.91082287, -157.20060730, -190.24739075, -42.35603714, 13.09558582, -74.74422455, 99.53955078, -42.20853806, -9.78131390, 0.62378305, -0.68982852, 0.29242823, -0.22252430, -0.47032303, -0.41121659, -0.17948762, 99.97100830, 113.32389069, 32.46999741, 0.00000000
1, 31.9350, 3363, -0.22650638, -0.36064577, 0.35214758, -18.09460258, -142.19837952, -197.16246033, -42.35603714, 13.09558582, -74.74422455, 99.92360687, -41.11780167, -10.49866390, 0.62439978, -0.69318014, 0.29054469, -0.21262667, -0.43556851, -0.37910134, -0.22515024, 99.97100830, 113.32389069, 32.46999741, 0.00000000
1, 31.9400, 3364, -0.23835093, -0.37567121, 0.35984689, -23.07048416, -126.27577972, -203.51971436, -42.35603714, 13.09558582, -74.74422455, 100.23043060, -39.99561691, -11.11200237, 0.62515855, -0.69644994, 0.28807864, -0.20284244, -0.40906420, -0.37586108, -0.22661282, 99.97100830, 113.32389069, 32.46999741, 0.00000000
1, 31.9450, 3365, -0.26674783, -0.38601887, 0.30895180, -26.52164459, -112.94807434, -210.06340027, -40.71908569, 12.54019260, -74.74422455, 100.39909363, -38.86207962, -11.59030342, 0.62637842, -0.69931448, 0.28501651, -0.19332595, -0.36532736, -0.37735918, -0.17075838, 99.97100830, 113.32389069, 32.46999741, 0.00000000
1, 31.9500, 3366, -0.30303484, -0.40158591, 0.24698432, -27.79695511, -103.08390808, -216.64723206, -40.71908569, 12.54019260, -74.74422455, 100.50399017, -37.70418167, -11.98819160, 0.62774700, -0.70206535, 0.28146353, -0.18389234, -0.31316912, -0.37372363, -0.10504219, 99.97100830, 113.32389069, 32.46999741, 0.00000000
1, 31.9550, 3367, -0.36000618, -0.43071845, 0.20115712, -28.47217178, -95.75987244, -223.12397766, -39.22829437, 12.24788094, -74.83191681, 100.56231689, -36.52061462, -12.32525349, 0.62920797, -0.70473933, 0.27748525, -0.17447585, -0.23976597, -0.35660824, -0.05617624, 99.97100830, 113.32389069, 32.46999741, 0.00000000
1, 31.9600, 3368, -0.39873853, -0.45642263, 0.17690258, -29.94871140, -90.40115356, -232.19618225, -39.22829437, 12.24788094, -74.83191681, 100.57871246, -35.29718018, -12.61345196, 0.63077569, -0.70735866, 0.27306032, -0.16493587, -0.18386194, -0.34311670, -0.02942523, 99.97100830, 113.32389069, 32.46999741, 0.00000000
1, 31.9650, 3369, -0.42309266, -0.47849944, 0.14732681, -37.79150772, -76.53330231, -242.52679443, -37.09441757, 8.00935364, -74.62730408, 100.49510956, -34.03572845, -12.80382538, 0.63274783, -0.70969844, 0.26795793, -0.15542522, -0.14156076, -0.33342803, 0.00156883, 99.97100830, 113.32389069, 32.46999741, 0.00000000
1, 31.9700, 3370, -0.42947516, -0.48197210, 0.12771881, -42.86776733, -67.52402496, -251.15069580, -37.09441757, 8.00935364, -74.62730408, 100.34831238, -32.74032593, -12.93208694, 0.63495970, -0.71184570, 0.26234016, -0.14587529, -0.11644557, -0.34252724, 0.02153761, 99.97100830, 113.32389069, 32.46999741, 0.00000000
1, 32.0000, 3371, -0.36270493, -0.63759148, 0.06622210, -46.51751328, -24.66608047, -291.05871582, -33.58666992, 9.96784592, -76.73194885, 98.83441162, -24.35673904, -12.80300236, 0.64980441, -0.72244537, 0.21915187, -0.08831453, -0.05567042, -0.25989771, 0.07243947, 99.97100830, 113.32389069, 32.46999741, 0.00000000
1, 32.0050, 3372, -0.34654799, -0.69193721, 0.11028781, -46.08132935, -20.51956177, -295.34692383, -31.42355919, 9.88015175, -77.49195862, 98.54820251, -22.88183975, -12.67288303, 0.65216112, -0.72395998, 0.21060397, -0.07882784, -0.04849274, -0.21662676, 0.02541588, 99.97100830, 113.32389069, 32.46999741, 0.00000000
1, 32.0100, 3373, -0.31589237, -0.73404789, 0.14756218, -46.68367004, -18.62282372, -299.14981079, -31.42355919, 9.88015175, -77.49195862, 98.26063538, -21.38893890, -12.53905010, 0.65445483, -0.72536039, 0.20184781, -0.06927347, -0.05524258, -0.18509504, -0.01496654, 99.97100830, 113.32389069, 32.46999741, 0.00000000
1, 32.0150, 3374, -0.27805522, -0.77106369, 0.15642378, -47.30217743, -18.04518890, -301.68695068, -29.02659988, 8.33089733, -78.10581970, 97.97476196, -19.88328743, -12.40962410, 0.65666533, -0.72663534, 0.19296123, -0.05964702, -0.06860659, -0.15807134, -0.02707850, 99.97100830, 113.32389069, 32.46999741, 0.00000000
1, 32.0200, 3375, -0.25276878, -0.81324160, 0.15726681, -47.21569443, -15.17680550, -309.47137451, -29.02659988, 8.33089733, -78.10581970, 97.68874359, -18.34041023, -12.26882648, 0.65879804, -0.72783786, 0.18371062, -0.04987758, -0.06869191, -0.12537690, -0.03135658, 99.97100830, 113.32389069, 32.46999741, 0.00000000
1, 32.0250, 3376, -0.23317166, -0.84117198, 0.15221463, -46.81562805, -11.49852276, -316.04873657, -29.02659988, 8.33089733, -78.10581970, 97.40399170, -16.76666451, -12.11375237, 0.66083652, -0.72895730, 0.17410961, -0.04002889, -0.06228360, -0.10640863, -0.02987907, 99.97100830, 113.32389069, 32.46999741, 0.00000000
1, 32.0300, 3377, -0.21675842, -0.85899150, 0.14494330, -44.98971558, -8.55813122, -324.76495361, -26.77579689, 7.74627304, -78.19351196, 97.12921143, -15.15077877, -11.94715214, 0.66272312, -0.73004442, 0.16410889, -0.03002729, -0.05180878, -0.09699358, -0.02620579, 99.97100830, 113.32389069, 32.46999741, 0.00000000
1, 32.0350, 3378, -0.19375584, -0.89789903, 0.12563014, -39.98889923, -6.83244133, -335.44332886, -26.77579689, 7.74627304, -78.19351196, 96.88227081, -13.48215771, -11.77398872, 0.66433769, -0.73119551, 0.15367725, -0.01979998, -0.04683010, -0.06587103, -0.01027059, 99.97100830, 113.32389069, 32.46999741, 0.00000000
1, 32.0400, 3379, -0.19060595, -0.96392488, 0.09819140, -33.54640579, -6.53709126, -345.50814819, -24.78807259, 10.23092651, -78.92429352, 96.67036438, -11.76212883, -11.60098457, 0.66562337, -0.73242563, 0.14286901, -0.00932181, -0.02087951, -0.00692538, 0.01414841, 99.97100830, 113.32389069, 32.46999741, 0.00000000
1, 32.0450, 3380, -0.21299340, -1.05393422, 0.06367987, -25.85669708, -6.21920300, -354.60690308, -24.78807259, 10.23092651, -78.92429352, 96.50411224, -9.99730396, -11.42839813, 0.66649920, -0.73377371, 0.13173120, 0.00135988, 0.03160720, 0.07682239, 0.04612023, 99.97100830, 113.32389069, 32.46999741, 0.00000000
1, 32.0850, 3381, -0.20075887, -1.91921055, 0.37799671, 1.60312319, -20.43547440, -391.25885010, -18.47413063, 12.07249355, -80.26892853, 96.48004150, 5.15412140, -10.09999847, 0.65980327, -0.74493015, 0.03576542, 0.09197598, 0.28111488, 0.92830300, -0.26916441, 99.97100830, 113.32389069, 32.46999741, 0.00000000
1, 32.0900, 3382, -0.17151104, -1.94040930, 0.41945609, -4.47358131, -15.36353207, -392.88333130, -16.45717621, 13.18327999, -79.94738007, 96.47157288, 7.10820866, -9.95673084, 0.65826547, -0.74523211, 0.02346927, 0.10375399, 0.28577530, 0.95275962, -0.31107396, 99.97100830, 113.32389069, 32.46999741, 0.00000000
1, 32.0950, 3383, -0.16681638, -1.86974072, 0.42721838, -9.56290150, -5.99803066, -391.61386108, -16.45717621, 13.18327999, -79.94738007, 96.44557190, 9.05735874, -9.76756859, 0.65673196, -0.74519211, 0.01087662, 0.11521135, 0.31476963, 0.88650542, -0.31956857, 99.97100830, 113.32389069, 32.46999741, 0.00000000
1, 32.1000, 3384, -0.07610764, -1.80611193, 0.39774546, -11.88218307, 4.05248451, -388.85604858, -16.45717621, 13.18327999, -79.94738007, 96.42296600, 10.98731613, -9.52909946, 0.65510130, -0.74491906, -0.00192933, 0.12623106, 0.25746453, 0.82844079, -0.29082423, 99.97100830, 113.32389069, 32.46999741, 0.00000000
1, 32.1050, 3385, -0.27056429, -1.77267432, 0.46137440, -12.76759911, 17.83441162, -378.45629883, -14.38175964, 13.56328583, -80.26892853, 96.41732025, 12.85805416, -9.22544098, 0.65337044, -0.74448919, -0.01479658, 0.13647017, 0.48405975, 0.80137789, -0.35578880, 99.97100830, 113.32389069, 32.46999741, 0.00000000
1, 32.1100, 3386, -0.53699780, -1.83866358, 0.43221328, -9.55501556, 26.39343643, -362.27435303, -14.38175964, 13.56328583, -80.26892853, 96.44615936, 14.64365101, -8.88466072, 0.65145344, -0.74401778, -0.02736009, 0.14593656, 0.78124398, 0.87465179, -0.32790840, 99.97100830, 113.32389069, 32.46999741, 0.00000000
1, 32.1150, 3387, -0.44785959, -1.88309932, 0.38711989, -0.63812667, 39.13895035, -348.69415283, -13.03712368, 14.61560917, -80.61969757, 96.54663086, 16.35439682, -8.48118687, 0.64915812, -0.74371791, -0.03978340, 0.15457898, 0.72138637, 0.92711639, -0.28218281, 99.97100830, 113.32389069, 32.46999741, 0.00000000
1, 32.1200, 3388, -0.23519434, -1.92373204, 0.34697944, -0.11247538, 50.66439438, -326.41336060, -13.03712368, 14.61560917, -80.61969757, 96.67696381, 17.94712067, -8.02386665, 0.64683115, -0.74338645, -0.05179999, 0.16218168, 0.53596592, 0.97616988, -0.24038142, 99.97100830, 113.32389069, 32.46999741, 0.00000000
1, 32.1250, 3389, -0.07113972, -2.07627773, 0.05317238, -15.02823544, 48.44844818, -301.66961670, -13.03712368, 14.61560917, -80.61969757, 96.73820496, 19.41727638, -7.58632851, 0.64504206, -0.74253249, -0.06304716, 0.16908976, 0.39755455, 1.13754225, 0.05400020, 99.97100830, 113.32389069, 32.46999741, 0.00000000
1, 32.1300, 3390, -0.07613238, -2.07647610, -0.08835370, -25.53630066, 27.33892632, -283.49642944, -11.04940033, 16.31101990, -79.94738007, 96.71620178, 20.80904961, -7.26719379, 0.64368021, -0.74115193, -0.07317777, 0.17610988, 0.42605636, 1.14625013, 0.19467135, 99.97100830, 113.32389069, 32.46999741, 0.00000000
1, 32.1500, 3391, -1.12647545, -1.29320681, 0.97259992, -44.90578461, -46.64569473, -188.16412354, -10.52323914, 16.80795097, -80.64893341, 95.89575195, 25.36687660, -7.80226707, 0.64085591, -0.73274338, -0.09743909, 0.20711471, 1.54885316, 0.39124519, -0.88335538, 99.97100830, 113.32389069, 32.46999741, 0.00000000
1, 32.1550, 3392, -1.37480605, -0.72854650, 0.98399311, -53.67230225, -8.42810440, -155.06883240, -10.08477020, 17.07103157, -80.32739258, 95.64240265, 26.14198112, -7.76373291, 0.64120328, -0.73047698, -0.10263566, 0.21148947, 1.81008542, -0.16772392, -0.89933032, 99.97100830, 113.32389069, 32.46999741, 0.00000000
1, 32.1600, 3393, -1.51117527, -0.14529946, 0.52806473, -33.79104614, 42.69850922, -124.20379639, -10.08477020, 17.07103157, -80.32739258, 95.60749054, 26.73921013, -7.45970106, 0.64094114, -0.72934705, -0.10809533, 0.21345440, 1.95763779, -0.74544466, -0.44485354, 99.97100830, 113.32389069, 32.46999741, 0.00000000
1, 32.1650, 3394, -1.49506807, 0.16964999, 0.11084753, 12.55230522, 89.62744141, -85.95899963, -9.67553329, 18.44489861, -80.41508484, 95.91744995, 27.12292862, -6.91201830, 0.63931322, -0.73010927, -0.11322215, 0.21307227, 1.94943500, -1.05591297, -0.02399410, 99.97100830, 113.32389069, 32.46999741, 0.00000000
1, 32.1700, 3395, -1.32673025, 0.08622890, 0.09090259, 50.89002609, 118.22920990, -38.69020844, -9.67553329, 18.44489861, -80.41508484, 96.48407745, 27.25308800, -6.22810316, 0.63673663, -0.73242021, -0.11728647, 0.21064444, 1.78416681, -0.97007322, 0.00401310, 99.97100830, 113.32389069, 32.46999741, 0.00000000
1, 32.1750, 3396, -0.98431218, -0.24559042, 0.12043998, 59.89003754, 122.94929504, 9.11890697, -9.67553329, 18.44489861, -80.41508484, 97.09480286, 27.13686562, -5.54763365, 0.63426095, -0.73524743, -0.11986902, 0.20677465, 1.44080281, -0.63764834, -0.01571447, 99.97100830, 113.32389069, 32.46999741, 0.00000000
1, 32.1800, 3397, -0.67262530, -0.65724277, -0.04637597, 51.54249573, 114.04904938, 52.16226578, -9.52937698, 16.48640823, -80.53200531, 97.62437439, 26.80665588, -4.94992924, 0.63246232, -0.73796606, -0.12089533, 0.20194536, 1.12519097, -0.22684224, 0.15998307, 99.97100830, 113.32389069, 32.46999741, 0.00000000
1, 32.1850, 3398, -0.60002315, -0.90470946, -0.09774371, 47.42521286, 108.31626129, 95.36748505, -9.52937698, 16.48640823, -80.53200531, 98.09850311, 26.26158333, -4.42207909, 0.63117921, -0.74072248, -0.12040491, 0.19607596, 1.04486465, 0.01782124, 0.21912867, 99.97100830, 113.32389069, 32.46999741, 0.00000000
1, 32.2150, 3399, -0.28714681, -1.68706453, 0.03055081, 37.06117249, 73.41088104, 196.98474121, -13.41712952, 16.72025681, -77.93042755, 100.19237518, 20.72049141, -2.89682722, 0.62735349, -0.75729042, -0.09625415, 0.15386334, 0.64506567, 0.76785290, 0.13016281, 99.97100830, 113.32389069, 32.46999741, 0.00000000
1, 32.2200, 3400, 0.23108622, -1.72951174, -0.14658318, 26.64556885, 82.56922150, 187.48596191, -13.41712952, 16.72025681, -77.93042755, 100.41632843, 19.72502518, -2.64093041, 0.62734199, -0.75934440, -0.09214798, 0.14610618, 0.11080056, 0.80522430, 0.31341189, 99.97100830, 113.32389069, 32.46999741, 0.00000000
1, 32.2250, 3401, 0.89620227, -1.74382114, -0.24576770, 11.22313499, 75.19178772, 172.85461426, -13.41712952, 16.72025681, -77.93042755, 100.54941559, 18.80726051, -2.41433787, 0.62773180, -0.76081330, -0.08841397, 0.13892044, -0.56952459, 0.81478256, 0.41777599, 99.97100830, 113.32389069, 32.46999741, 0.00000000
1, 32.2300, 3402, 1.64744091, -1.74627876, -0.24410211, -0.63294315, 48.47022247, 154.17654419, -14.55714703, 16.36948204, -77.87196350, 100.58093262, 18.00516129, -2.31088400, 0.62847006, -0.76167786, -0.08463181, 0.13307822, -1.33454990, 0.81284320, 0.41974866, 99.97100830, 113.32389069, 32.46999741, 0.00000000
1, 32.2350, 3403, 2.28182054, -1.67855811, -0.45126849, -15.05235767, 40.25626373, 125.31638336, -14.55714703, 16.36948204, -77.87196350, 100.53392029, 17.35226822, -2.22268844, 0.62952816, -0.76195800, -0.08166134, 0.12824163, -1.97989976, 0.74172848, 0.62877429, 99.97100830, 113.32389069, 32.46999741, 0.00000000
1, 32.2400, 3404, 2.69268441, -1.60028839, -0.86627358, -29.52401543, 62.61235428, 82.35845184, -15.25869656, 15.58023930, -77.84273529, 100.45554352, 16.89704895, -1.97950220, 0.63075030, -0.76176310, -0.08084442, 0.12383611, -2.39800644, 0.66138989, 1.04421127, 99.97100830, 113.32389069, 32.46999741, 0.00000000
1, 32.2450, 3405, 2.73850441, -1.22723460, -1.16744554, -60.52472687, 58.91920090, 71.20298767, -15.25869656, 15.58023930, -77.84273529, 100.22186279, 16.49346161, -1.74309087, 0.63292468, -0.76066464, -0.08042511, 0.11969782, -2.45008087, 0.28617221, 1.34333348, 99.97100830, 113.32389069, 32.46999741, 0.00000000
1, 32.2500, 3406, 2.40675521, -1.04377568, -0.95934045, -45.86900330, -43.59601593, 73.72559357, -16.31101990, 15.58023930, -78.25197601, 99.91201782, 16.16743660, -2.03342271, 0.63497257, -0.75942981, -0.07700820, 0.11893730, -2.12463284, 0.09984118, 1.13023353, 99.97100830, 113.32389069, 32.46999741, 0.00000000
1, 32.2550, 3407, 1.78478289, -0.94700456, -0.71803784, -31.14237595, -139.24664307, 80.54708862, -16.31101990, 15.22946453, -78.25197601, 99.54089355, 15.88636971, -2.81775737, 0.63686788, -0.75810379, -0.07063272, 0.12119909, -1.50810504, 0.00027177, 0.88185418, 99.97100830, 113.32389069, 32.46999741, 0.00000000
1, 32.2600, 3408, 1.09291589, -0.91209614, -0.61781043, -13.64576626, -204.15112305, 91.74664307, -16.31101990, 15.22946453, -78.25197601, 99.16906738, 15.59757423, -3.94115210, 0.63839674, -0.75690013, -0.06198395, 0.12533902, -0.82125843, -0.03716890, 0.77396405, 99.97100830, 113.32389069, 32.46999741, 0.00000000
1, 32.2950, 3409, -1.35890973, -1.55509055, 0.82518387, 65.76216888, -186.97703552, 215.33503723, -16.95410728, 13.35866737, -79.62583923, 98.11938477, 10.86046505, -14.37550068, 0.63826126, -0.75385165, 0.03256786, 0.15254420, 1.54927135, 0.58219635, -0.69302249, 99.97100830, 113.32389069, 32.46999741, 0.00000000
1, 32.3000, 3410, -1.04091263, -1.55424869, 0.82937616, 46.85710907, -113.82535553, 180.58459473, -18.06489372, 13.18327999, -79.56737518, 98.22846985, 10.04707813, -15.07747364, 0.63771778, -0.75412196, 0.04198506, 0.15117349, 1.21668553, 0.57890153, -0.69411010, 99.97100830, 113.32389069, 32.46999741, 0.00000000
1, 32.3050, 3411, -0.76530766, -1.36266732, 0.75614619, 34.11470795, -94.43158722, 158.77566528, -18.06489372, 13.18327999, -79.56737518, 98.30198669, 9.32881451, -15.66603279, 0.63743597, -0.75414485, 0.05005838, 0.14978430, 0.92851722, 0.38545036, -0.61813486, 99.97100830, 113.32389069, 32.46999741, 0.00000000
1, 32.3100, 3412, -0.62124741, -1.05167401, 0.73060608, 23.42535019, -98.89663696, 144.95968628, -18.06489372, 13.18327999, -79.56737518, 98.32700348, 8.68248272, -16.26644897, 0.63736629, -0.75382257, 0.05772976, 0.14893994, 0.77311003, 0.07276691, -0.59083217, 99.97100830, 113.32389069, 32.46999741, 0.00000000
1, 32.3150, 3413, -0.56030482, -0.73288000, 0.72997522, 22.71622849, -112.48690796, 137.63435364, -18.59105492, 12.33557415, -79.77199554, 98.34583282, 8.08230972, -16.92872810, 0.63720042, -0.75336474, 0.06553098, 0.14873822, 0.70163077, -0.24755228, -0.58903152, 99.97100830, 113.32389069, 32.46999741, 0.00000000
1, 32.3200, 3414, -0.55131084, -0.49354711, 0.80855232, 36.18127441, -121.04375458, 133.22799683, -18.59105492, 12.33557415, -79.77199554, 98.43326569, 7.51084232, -17.63007355, 0.63649964, -0.75319052, 0.07350798, 0.14889286, 0.68246561, -0.48822269, -0.66584921, 99.97100830, 113.32389069, 32.46999741, 0.00000000
1, 32.3250, 3415, -0.58764410, -0.37527671, 0.93341780, 52.32701492, -115.51937866, 130.87574768, -19.35106659, 12.45249939, -79.71353149, 98.61185455, 6.94876862, -18.30254745, 0.63523030, -0.75345963, 0.08135299, 0.14887163, 0.70873308, -0.60754699, -0.78775233, 99.97100830, 113.32389069, 32.46999741, 0.00000000
1, 32.3300, 3416, -0.64764553, -0.39077601, 0.94205618, 64.53983307, -99.53807831, 128.26197815, -19.35106659, 12.45249939, -79.71353149, 98.86728668, 6.39028549, -18.89484215, 0.63356078, -0.75413460, 0.08874184, 0.14834693, 0.75901854, -0.59258467, -0.79232109, 99.97100830, 113.32389069, 32.46999741, 0.00000000
1, 32.3350, 3417, -0.74064344, -0.57200384, 0.78575438, 70.03560638, -78.07972717, 125.79417419, -19.35106659, 12.45249939, -79.71353149, 99.16725159, 5.83029556, -19.38069534, 0.63174266, -0.75506860, 0.09548554, 0.14715675, 0.84270394, -0.41136310, -0.63138390, 99.97100830, 113.32389069, 32.46999741, 0.00000000
1, 32.3400, 3418, -0.88540429, -0.79454482, 0.55244726, 65.35662079, -53.72285843, 122.26307678, -19.99415398, 12.30634308, -78.86582947, 99.48743439, 5.19364977, -19.74333572, 0.63005859, -0.75610971, 0.10185885, 0.14473844, 0.97763813, -0.18858883, -0.39329851, 99.97100830, 113.32389069, 32.46999741, 0.00000000
1, 32.3600, 3419, -1.22939944, -0.82092929, 0.48854664, 33.76443863, 50.84875488, 87.26633453, -20.69570351, 12.71557999, -79.15814209, 100.30022430, 3.14425230, -19.86498451, 0.62730384, -0.75896645, 0.11505690, 0.13123193, 1.28506565, -0.16230142, -0.31520259, 99.97100830, 113.32389069, 32.46999741, 0.00000000
1, 32.3650, 3420, -1.13629580, -0.89888835, 0.48578468, 32.49123764, 69.19494629, 79.93824768, -21.28032684, 10.93247604, -78.80736542, 100.47733307, 2.68954062, -19.59558296, 0.62701899, -0.75984877, 0.11598605, 0.12658769, 1.18397307, -0.08419620, -0.30920208, 99.97100830, 113.32389069, 32.46999741, 0.00000000
1, 32.3700, 3421, -0.97322416, -1.04837537, 0.42166200, 28.49925041, 89.15536499, 74.05028534, -21.28032684, 10.93247604, -78.80736542, 100.63668823, 2.24481487, -19.22406960, 0.62691951, -0.76074231, 0.11614850, 0.12146091, 1.01327014, 0.06557551, -0.24202678, 99.97100830, 113.32389069, 32.46999741, 0.00000000
1, 32.3750, 3422, -0.78459603, -1.19198084, 0.31504920, 22.86670113, 106.58882141, 68.36833191, -21.98187637, 12.21864891, -78.57351685, 100.76814270, 1.81095672, -18.76283455, 0.62704718, -0.76158035, 0.11561187, 0.11593661, 0.81728494, 0.20952201, -0.13276000, 99.97100830, 113.32389069, 32.46999741, 0.00000000
1, 32.3800, 3423, -0.58750081, -1.30808640, 0.19133669, 19.53727722, 121.71786499, 62.28666306, -21.98187637, 12.21864891, -78.57351685, 100.88163757, 1.39187431, -18.22262764, 0.62731022, -0.76240820, 0.11443800, 0.11008975, 0.61311871, 0.32599705, -0.00669769, 99.97100830, 113.32389069, 32.46999741, 0.00000000
1, 32.3850, 3424, -0.37682375, -1.39153743, 0.04338081, 18.94758415, 133.86991882, 56.41463470, -21.98187637, 12.21864891, -78.57351685, 100.98960114, 0.98915559, -17.61811256, 0.62760121, -0.76327795, 0.11272845, 0.10399893, 0.39571083, 0.40989184, 0.14353548, 99.97100830, 113.32389069, 32.46999741, 0.00000000
1, 32.3900, 3425, -0.13947333, -1.41211998, -0.13816488, 19.66742516, 137.99415588, 51.70162582, -23.00496864, 11.69248772, -78.31043243, 101.06536102, 0.59827501, -16.99080276, 0.62805986, -0.76399654, 0.11076190, 0.09788780, 0.15196185, 0.43097356, 0.32723308, 99.97100830, 113.32389069, 32.46999741, 0.00000000
1, 32.3950, 3426, 0.12843704, -1.38782394, -0.30993220, 20.42437553, 124.76263428, 48.85285568, -23.00496864, 11.69248772, -78.31043243, 101.17224884, 0.23948941, -16.42514992, 0.62817472, -0.76484466, 0.10904643, 0.09229344, -0.12195963, 0.40720692, 0.50126851, 99.97100830, 113.32389069, 32.46999741, 0.00000000
1, 32.4000, 3427, 0.35968509, -1.33089077, -0.34747294, 21.58600807, 93.23361969, 48.05150986, -23.03420067, 11.19555664, -78.13504791, 101.28137970, -0.08597079, -16.01408386, 0.62807983, -0.76557970, 0.10817160, 0.08776377, -0.35894215, 0.35068774, 0.54134095, 99.97100830, 113.32389069, 32.46999741, 0.00000000
1, 32.4050, 3428, 0.57408994, -1.22114849, -0.10441916, 22.46676064, 59.21823120, 50.62958908, -23.03420067, 11.19555664, -78.13504791, 101.39337158, -0.39169744, -15.77297497, 0.62779409, -0.76618308, 0.10831833, 0.08429242, -0.57933199, 0.24094269, 0.30090302, 99.97100830, 113.32389069, 32.46999741, 0.00000000
1, 32.4350, 3429, 0.14218926, -0.79682553, 0.20865273, 12.56926537, -106.60219574, 68.29016876, -23.88190651, 11.98479939, -77.31657410, 101.83954620, -1.96317971, -17.24169731, 0.62518764, -0.76576209, 0.12701863, 0.08133318, -0.17599365, -0.18178411, -0.00494459, 99.97100830, 113.32389069, 32.46999741, 0.00000000
1, 32.4400, 3430, -0.11589938, -0.84853566, 0.19554083, 18.91826439, -116.83122253, 68.63152313, -24.46652985, 11.42940617, -77.25811005, 101.96183777, -2.20240140, -17.88442993, 0.62413335, -0.76547045, 0.13269569, 0.08309265, 0.07811054, -0.12951019, 0.00933016, 99.97100830, 113.32389069, 32.46999741, 0.00000000
1, 32.4450, 3431, -0.33289281, -0.91285264, 0.25512144, 21.13961601, -112.94505310, 65.68138123, -24.46652985, 11.42940617, -77.25811005, 102.09330750, -2.40668297, -18.50530052, 0.62299681, -0.76524770, 0.13804175, 0.08494436, 0.29113895, -0.06466671, -0.04867578, 99.97100830, 113.32389069, 32.46999741, 0.00000000
1, 32.4500, 3432, -0.51056999, -0.96090448, 0.34484240, 18.93923187, -99.84346008, 60.30817032, -24.05729294, 11.92633724, -77.34580231, 102.21284485, -2.59703827, -19.05697441, 0.62197429, -0.76502287, 0.14283958, 0.08651621, 0.46520984, -0.01616782, -0.13683990, 99.97100830, 113.32389069, 32.46999741, 0.00000000
1, 32.4550, 3433, -0.64405006, -0.98900950, 0.42363527, 15.25803089, -82.10410309, 54.18804550, -24.05729294, 11.92633724, -77.34580231, 102.31129456, -2.77517581, -19.51584625, 0.62114841, -0.76478529, 0.14693415, 0.08768397, 0.59533906, 0.01233472, -0.21426830, 99.97100830, 113.32389069, 32.46999741, 0.00000000
1, 32.4600, 3434, -0.76894480, -1.00940704, 0.45990866, 11.89249897, -63.91772461, 48.42507935, -24.05729294, 11.92633724, -77.34580231, 102.38951874, -2.94378877, -19.87998199, 0.62052000, -0.76455092, 0.15032785, 0.08842228, 0.71716517, 0.03312361, -0.24950883, 99.97100830, 113.32389069, 32.46999741, 0.00000000
1, 32.4650, 3435, -0.83085585, -1.02657676, 0.44926372, 10.43851089, -50.96350098, 42.19759750, -24.58345413, 11.40017509, -76.93656921, 102.45774078, -3.09537125, -20.17435455, 0.61999482, -0.76435953, 0.15315548, 0.08890651, 0.77639449, 0.05070955, -0.23788860, 99.97100830, 113.32389069, 32.46999741, 0.00000000
1, 32.4700, 3436, -0.84103799, -1.06864738, 0.40843248, 11.61277962, -19.45023918, 38.65741730, -24.58345413, 11.40017509, -76.93656921, 102.52385712, -3.26313949, -20.31100845, 0.61962360, -0.76434124, 0.15501444, 0.08842874, 0.78383189, 0.09324990, -0.19605333, 99.97100830, 113.32389069, 32.46999741, 0.00000000
1, 32.4750, 3437, -0.78130186, -1.09114528, 0.39266416, 11.89621067, 0.48562405, 35.34335327, -24.70038033, 11.89710617, -76.96579742, 102.58583069, -3.43608546, -20.34680176, 0.61936331, -0.76442730, 0.15622357, 0.08737472, 0.72114110, 0.11618441, -0.17912363, 99.97100830, 113.32389069, 32.46999741, 0.00000000
1, 32.4800, 3438, -0.66716039, -1.08679092, 0.39340669, 9.92274189, 21.53960800, 31.06816101, -24.70038033, 11.89710617, -76.96579742, 102.63140869, -3.61095738, -20.27516365, 0.61929440, -0.76456720, 0.15671226, 0.08574831, 0.60395789, 0.11219938, -0.17876418, 99.97100830, 113.32389069, 32.46999741, 0.00000000
1, 32.5000, 3439, -0.17854796, -1.00386572, 0.37387735, 4.23286247, 66.05859375, 20.10871506, -25.54808426, 11.07863140, -77.57965088, 102.72648621, -4.37595320, -19.28636742, 0.62010539, -0.76552826, 0.15425228, 0.07511466, 0.10205266, 0.03060935, -0.15629016, 99.97100830, 113.32389069, 32.46999741, 0.00000000
1, 32.5050, 3440, -0.08063018, -0.99717724, 0.34701934, 3.74415970, 68.09006500, 19.46231651, -25.54808426, 11.07863140, -77.57965088, 102.72119141, -4.54530430, -18.97447777, 0.62049758, -0.76572025, 0.15306680, 0.07229001, 0.00125344, 0.02417187, -0.12929568, 99.97100830, 113.32389069, 32.46999741, 0.00000000
1, 32.5100, 3441, -0.00005773, -0.99090886, 0.33460703, 2.20805025, 68.63506317, 19.42475510, -25.54808426, 11.07863140, -77.57965088, 102.70707703, -4.71503544, -18.65978241, 0.62093866, -0.76586533, 0.15185915, 0.06945766, -0.08224057, 0.01811029, -0.11692302, 99.97100830, 113.32389069, 32.46999741, 0.00000000
1, 32.5150, 3442, 0.06685549, -0.97584224, 0.31202644, 0.24134357, 66.56277466, 19.43544769, -25.95732307, 11.86787510, -77.11195374, 102.68304443, -4.88247919, -18.35510826, 0.62142587, -0.76594341, 0.15070082, 0.06670634, -0.15202329, 0.00323465, -0.09457552, 99.97100830, 113.32389069, 32.46999741, 0.00000000
1, 32.5200, 3443, 0.08832080, -0.96204066, 0.28422496, -0.81870496, 63.09937668, 19.68186188, -25.95732307, 11.86787510, -77.11195374, 102.65427399, -5.04721928, -18.06752586, 0.62192136, -0.76597428, 0.14964049, 0.06407039, -0.17629176, -0.01038663, -0.06722666, 99.97100830, 113.32389069, 32.46999741, 0.00000000
1, 32.5250, 3444, 0.10031553, -0.94799054, 0.24722625, -1.73955810, 51.03684235, 19.79164124, -26.24963379, 12.48173046, -76.84887695, 102.62542725, -5.19927645, -17.83902550, 0.62236458, -0.76594031, 0.14890839, 0.06183944, -0.19089985, -0.02425146, -0.03071936, 99.97100830, 113.32389069, 32.46999741, 0.00000000
1, 32.5300, 3445, 0.09516377, -0.93821931, 0.21858227, -2.08371425, 44.30075455, 20.23135185, -26.24963379, 12.48173046, -76.84887695, 102.59732819, -5.34606314, -17.64388657, 0.62277359, -0.76587194, 0.14837252, 0.05982327, -0.18825147, -0.03385308, -0.00260368, 99.97100830, 113.32389069, 32.46999741, 0.00000000
1, 32.5350, 3446, 0.08390924, -0.93030810, 0.19125804, -2.21732259, 37.74645996, 20.42735100, -26.24963379, 12.48173046, -76.84887695, 102.57111359, -5.48662758, -17.48098755, 0.62314272, -0.76577854, 0.14802070, 0.05802110, -0.17939746, -0.04159383, 0.02420094, 99.97100830, 113.32389069, 32.46999741, 0.00000000
1, 32.5400, 3447, 0.06493470, -0.92588151, 0.17616096, -1.93255007, 31.92360497, 20.77566528, -26.19117165, 12.16018677, -77.25811005, 102.53173828, -5.53212738, -17.34457016, 0.62350929, -0.76568782, 0.14733236, 0.05702215, -0.16197801, -0.04596727, 0.03868189, 99.97100830, 113.32389069, 32.46999741, 0.00000000
1, 32.5450, 3448, 0.03661957, -0.92812133, 0.19066758, -1.69474912, 27.07258224, 21.25290108, -26.19117165, 12.16018677, -77.25811005, 102.51282501, -5.66506481, -17.23473930, 0.62379050, -0.76557338, 0.14729945, 0.05554987, -0.13523412, -0.04371033, 0.02359210, 99.97100830, 113.32389069, 32.46999741, 0.00000000
1, 32.6000, 3449, -0.26782995, -0.98727655, 0.26448891, -3.23110700, 54.31212616, 22.13203621, -27.79888916, 12.13095570, -77.25811005, 102.32254028, -7.32496119, -15.93952942, 0.62670380, -0.76426101, 0.14744966, 0.03749886, 0.14039260, 0.01780811, -0.05487234, 99.97100830, 113.32389069, 32.46999741, 0.00000000
1, 32.6050, 3450, -0.24339481, -0.96700287, 0.26134729, -3.52897024, 61.08900070, 21.21073914, -27.79888916, 12.13095570, -77.25811005, 102.26924133, -7.49321699, -15.66108322, 0.62724507, -0.76412696, 0.14647619, 0.03490530, 0.11305977, -0.00228521, -0.05259651, 99.97100830, 113.32389069, 32.46999741, 0.00000000
1, 32.6100, 3451, -0.20049272, -0.95103157, 0.24840091, -2.95176482, 66.03359222, 20.02431679, -28.29582024, 12.07249355, -76.90733337, 102.21460724, -7.66061068, -15.35673237, 0.62779158, -0.76401746, 0.14532726, 0.03217570, 0.06728762, -0.01806065, -0.04052173, 99.97100830, 113.32389069, 32.46999741, 0.00000000
1, 32.6150, 3452, -0.14198308, -0.94056225, 0.24343412, -1.75166953, 69.54726410, 19.18143463, -28.29582024, 12.07249355, -76.90733337, 102.16256714, -7.82726812, -15.03387356, 0.62831324, -0.76394361, 0.14405398, 0.02934447, 0.00590708, -0.02833309, -0.03636505, 99.97100830, 113.32389069, 32.46999741, 0.00000000
1, 32.6200, 3453, -0.08141524, -0.93540728, 0.23550020, -0.78062260, 71.45247650, 18.51344109, -28.29582024, 12.07249355, -76.90733337, 102.11302948, -7.99235439, -14.70062160, 0.62880743, -0.76389533, 0.14270586, 0.02646179, -0.05750130, -0.03327146, -0.02920484, 99.97100830, 113.32389069, 32.46999741, 0.00000000
1, 32.6250, 3454, -0.02509846, -0.93934047, 0.21719500, 0.11629746, 70.79986572, 18.45141602, -28.32505035, 12.27711201, -77.22888184, 102.06744385, -8.15616894, -14.37025166, 0.62926102, -0.76386362, 0.14137307, 0.02359676, -0.11661106, -0.02908552, -0.01163789, 99.97100830, 113.32389069, 32.46999741, 0.00000000
1, 32.6300, 3455, 0.04384482, -0.95945704, 0.20247620, -0.01534587, 67.12583923, 19.10161591, -28.32505035, 12.27711201, -77.22888184, 102.02293396, -8.31911373, -14.05846214, 0.62969077, -0.76381290, 0.14016154, 0.02083667, -0.18832953, -0.00871011, 0.00237955, 99.97100830, 113.32389069, 32.46999741, 0.00000000
1, 32.6350, 3456, 0.06510099, -0.96984243, 0.19898088, -0.16569558, 62.12125397, 20.03580856, -29.11429405, 12.30634308, -76.84887695, 101.98055267, -8.48122978, -13.77214336, 0.63009024, -0.76374143, 0.13911760, 0.01821814, -0.21239321, 0.00192992, 0.00509213, 99.97100830, 113.32389069, 32.46999741, 0.00000000
1, 32.6400, 3457, 0.07552107, -0.99250042, 0.20536217, -1.34985018, 54.35726547, 20.91739082, -29.11429405, 12.30634308, -76.84887695, 101.93656158, -8.54937077, -13.52397442, 0.63044804, -0.76372081, 0.13782355, 0.01644558, -0.22479354, 0.02471191, -0.00208022, 99.97100830, 113.32389069, 32.46999741, 0.00000000
1, 32.6450, 3458, 0.05891491, -1.00143921, 0.19102530, -3.37068772, 48.12009430, 21.74085808, -29.11429405, 12.30634308, -76.84887695, 101.88764191, -8.70509148, -13.30830479, 0.63086188, -0.76353186, 0.13721827, 0.01426458, -0.21007407, 0.03378804, 0.01132976, 99.97100830, 113.32389069, 32.46999741, 0.00000000
1, 32.6650, 3459, -0.15448970, -1.02973723, 0.19663580, -7.14217854, 25.34337044, 24.61098480, -29.23121834, 11.95556831, -77.43349457, 101.69960785, -9.30340099, -12.78560162, 0.63236576, -0.76243180, 0.13694564, 0.00756599, -0.00703782, 0.06301521, 0.00164785, 99.97100830, 113.32389069, 32.46999741, 0.00000000
1, 32.6700, 3460, -0.20367913, -1.02252150, 0.21552922, -7.91702461, 24.67837143, 24.46479034, -29.23121834, 11.95556831, -77.43349457, 101.64442444, -9.44809628, -12.68798828, 0.63278210, -0.76207614, 0.13707404, 0.00611617, 0.03960654, 0.05598144, -0.01835488, 99.97100830, 113.32389069, 32.46999741, 0.00000000
1, 32.6750, 3461, -0.23346332, -1.00884712, 0.22245879, -8.28375530, 25.45601273, 23.85705185, -29.05583191, 12.18941784, -77.69657898, 101.58638000, -9.59049797, -12.58570671, 0.63321376, -0.76171249, 0.13716030, 0.00465947, 0.06690916, 0.04249908, -0.02639008, 99.97100830, 113.32389069, 32.46999741, 0.00000000
1, 32.6800, 3462, -0.25457346, -1.00066710, 0.21442893, -7.73674059, 27.11544418, 23.11849594, -29.05583191, 12.18941784, -77.69657898, 101.52927399, -9.73082829, -12.47424603, 0.63363540, -0.76136655, 0.13717587, 0.00316490, 0.08561803, 0.03453627, -0.01944937, 99.97100830, 113.32389069, 32.46999741, 0.00000000
1, 32.6850, 3463, -0.26184779, -1.00917304, 0.21853670, -5.85937691, 30.62260056, 22.79261780, -29.14352417, 11.25401878, -77.63811493, 101.47821808, -9.87289906, -12.34482193, 0.63401395, -0.76107299, 0.13708316, 0.00155188, 0.09045036, 0.04326426, -0.02456290, 99.97100830, 113.32389069, 32.46999741, 0.00000000
1, 32.6900, 3464, -0.25060874, -1.02052581, 0.23510154, -4.41891718, 35.05662918, 22.87996864, -29.14352417, 11.25401878, -77.63811493, 101.44765472, -10.04255104, -12.19609737, 0.63425893, -0.76088309, 0.13701293, -0.00037858, 0.07648474, 0.05491298, -0.04188734, 99.97100830, 113.32389069, 32.46999741, 0.00000000
1, 32.6950, 3465, -0.22267012, -1.02828193, 0.24858443, -3.94577146, 40.04236984, 22.85257530, -29.14352417, 11.25401878, -77.63811493, 101.39717102, -10.19396877, -12.01948738, 0.63462603, -0.76063693, 0.13666034, -0.00231692, 0.04571640, 0.06299672, -0.05609079, 99.97100830, 113.32389069, 32.46999741, 0.00000000
1, 32.7000, 3466, -0.20033571, -1.01991594, 0.25414360, -4.50109529, 41.75410080, 22.44476509, -29.81584358, 12.24788094, -77.28733826, 101.34183502, -10.34489918, -11.83373260, 0.63501912, -0.76037449, 0.13624634, -0.00429729, 0.02077471, 0.05489701, -0.06258509, 99.97100830, 113.32389069, 32.46999741, 0.00000000
1, 32.7050, 3467, -0.18585564, -1.00191593, 0.25755036, -4.78761816, 44.78942871, 22.13518715, -29.81584358, 12.24788094, -77.28733826, 101.28172302, -10.49708652, -11.63228226, 0.63543701, -0.76010185, 0.13573721, -0.00636795, 0.00368138, 0.03716007, -0.06701532, 99.97100830, 113.32389069, 32.46999741, 0.00000000
1, 32.7100, 3468, -0.16420445, -0.98010337, 0.25979403, -4.50481844, 47.89025879, 22.20549583, -29.75738144, 11.66325665, -77.87196350, 101.21961975, -10.65240574, -11.41516209, 0.63586056, -0.75983191, 0.13514350, -0.00854492, -0.02062755, 0.01562106, -0.07030212, 99.97100830, 113.32389069, 32.46999741, 0.00000000
1, 32.7600, 3469, 0.28134346, -0.97701132, 0.07547931, -0.42065471, 39.69369888, 48.98336792, -32.00818253, 9.47091484, -76.67348480, 100.73271942, -12.64259529, -9.34612274, 0.63879901, -0.75718993, 0.13236076, -0.03286150, -0.49920407, 0.01796566, 0.10552431, 99.97100830, 113.32389069, 32.46999741, 0.00000000
1, 32.7650, 3470, 0.32521474, -0.98801219, 0.05251921, -1.22927916, 34.16696930, 54.04965210, -32.00818253, 9.47091484, -76.67348480, 100.70046234, -12.93971348, -9.22502232, 0.63895291, -0.75679564, 0.13319089, -0.03549188, -0.54798520, 0.03000080, 0.12781261, 99.97100830, 113.32389069, 32.46999741, 0.00000000
1, 32.7700, 3471, 0.33195561, -1.01458669, 0.04364851, -0.80178499, 29.47506332, 59.61083221, -32.00818253, 9.47091484, -76.67348480, 100.67623901, -13.25979328, -9.13255405, 0.63905144, -0.75638235, 0.13433377, -0.03812510, -0.56005114, 0.05772173, 0.13598672, 99.97100830, 113.32389069, 32.46999741, 0.00000000
1, 32.7750, 3472, 0.32200512, -1.03567529, 0.07120696, -0.84330916, 25.27303123, 64.90923309, -32.65127182, 11.66325665, -76.81964111, 100.65738678, -13.60202122, -9.06606007, 0.63911188, -0.75593746, 0.13576746, -0.04076737, -0.55588710, 0.08003534, 0.10778412, 99.97100830, 113.32389069, 32.46999741, 0.00000000
1, 32.7800, 3473, 0.28803095, -1.04957819, 0.07809023, -1.06034923, 20.76781464, 69.71192932, -32.65127182, 11.66325665, -76.81964111, 100.64358521, -13.96371746, -9.02670670, 0.63913757, -0.75545895, 0.13748436, -0.04339382, -0.52798414, 0.09532990, 0.10027080, 99.97100830, 113.32389069, 32.46999741, 0.00000000
1, 32.7850, 3474, 0.21730247, -1.04901373, 0.03228903, -0.89625472, 16.94413185, 73.82496643, -32.79742813, 9.99707699, -77.49195862, 100.63605499, -14.34213352, -9.01049042, 0.63912016, -0.75495994, 0.13944179, -0.04600994, -0.46348068, 0.09637144, 0.14544773, 99.97100830, 113.32389069, 32.46999741, 0.00000000
1, 32.7900, 3475, 0.13351244, -1.05711663, -0.01272955, -0.01204027, 15.22813797, 77.45329285, -32.79742813, 9.99707699, -77.49195862, 100.56916809, -14.62378693, -8.99030781, 0.63950235, -0.75425166, 0.14087027, -0.04792653, -0.38522643, 0.10586341, 0.18938871, 99.97100830, 113.32389069, 32.46999741, 0.00000000
1, 32.7950, 3476, 0.08066871, -1.09652841, 0.00245826, 1.60506725, 14.60537624, 80.78286743, -32.79742813, 9.99707699, -77.49195862, 100.57863617, -15.03422642, -8.99201393, 0.63936055, -0.75376999, 0.14311196, -0.05067572, -0.33832860, 0.14669970, 0.17328489, 99.97100830, 113.32389069, 32.46999741, 0.00000000
1, 32.8350, 3477, 0.07457010, -1.12614155, 0.14282311, -0.41101453, 13.68266296, 107.07568359, -35.19438553, 12.59865570, -76.93656921, 100.61309814, -18.95718193, -9.19907093, 0.63809299, -0.74808848, 0.16570066, -0.07579083, -0.39755273, 0.19556397, 0.02979507, 99.97100830, 113.32389069, 32.46999741, 0.00000000
1, 32.8400, 3478, 0.09658454, -1.14943707, 0.13572863, 1.27626932, 12.97362232, 109.66621399, -35.19438553, 12.59865570, -76.93656921, 100.61839294, -19.41833115, -9.23211765, 0.63789910, -0.74735183, 0.16839729, -0.07869242, -0.42784649, 0.22171982, 0.03654087, 99.97100830, 113.32389069, 32.46999741, 0.00000000
1, 32.8450, 3479, 0.10178294, -1.18043399, 0.15508315, 2.32677507, 12.04335690, 112.54000092, -35.19438553, 12.59865570, -76.93656921, 100.64707184, -19.98252678, -9.27854347, 0.63750988, -0.74654651, 0.17171493, -0.08224104, -0.44157776, 0.25571182, 0.01690303, 99.97100830, 113.32389069, 32.46999741, 0.00000000
1, 32.8500, 3480, 0.09424268, -1.21450245, 0.17028813, 1.89976430, 9.74391460, 115.32984924, -35.22361755, 13.35866737, -77.08272552, 100.67939758, -20.55830193, -9.34024048, 0.63709104, -0.74569833, 0.17518467, -0.08578743, -0.44346687, 0.29323408, 0.00149798, 99.97100830, 113.32389069, 32.46999741, 0.00000000
1, 32.8550, 3481, 0.07597883, -1.26254630, 0.16842502, 1.35176134, 5.88909817, 119.03057861, -35.22361755, 13.35866737, -77.08272552, 100.71834564, -21.14868164, -9.42647266, 0.63662976, -0.74480158, 0.17887942, -0.08930523, -0.43476075, 0.34494376, 0.00315379, 99.97100830, 113.32389069, 32.46999741, 0.00000000
1, 32.8600, 3482, 0.07903744, -1.28887033, 0.17487946, 1.84928191, 3.69314075, 122.19670105, -36.80210495, 13.15404797, -77.11195374, 100.76636505, -21.75253105, -9.52825928, 0.63610482, -0.74388212, 0.18273102, -0.09284147, -0.44759709, 0.37513393, -0.00332119, 99.97100830, 113.32389069, 32.46999741, 0.00000000
1, 32.8650, 3483, 0.07792556, -1.33677816, 0.17733622, 1.51117444, 3.11006737, 126.07790375, -36.80210495, 13.15404797, -77.11195374, 100.81670380, -22.37483025, -9.63803482, 0.63555187, -0.74290276, 0.18672076, -0.09646127, -0.45650929, 0.42715046, -0.00579903, 99.97100830, 113.32389069, 32.46999741, 0.00000000
1, 32.8700, 3484, 0.07630929, -1.36840761, 0.18248609, 1.24333823, 2.21957493, 128.26837158, -36.80210495, 13.15404797, -77.11195374, 100.86997986, -23.00696182, -9.75586987, 0.63497108, -0.74187934, 0.19080141, -0.10010800, -0.46506137, 0.46306846, -0.01096825, 99.97100830, 113.32389069, 32.46999741, 0.00000000
1, 32.8750, 3485, 0.07530690, -1.38974845, 0.17003904, 0.59121788, 0.70404524, 130.23852539, -37.91289139, 13.50482273, -76.79041290, 100.92570496, -23.64726067, -9.88502502, 0.63437003, -0.74080449, 0.19498464, -0.10375197, -0.47426859, 0.48890042, 0.00148306, 99.97100830, 113.32389069, 32.46999741, 0.00000000
1, 32.8800, 3486, 0.08032607, -1.40510345, 0.15161605, 0.02945764, 0.57848090, 132.38087463, -37.91289139, 13.50482273, -76.79041290, 100.98168182, -24.29785728, -10.01839828, 0.63375533, -0.73967218, 0.19923675, -0.10744318, -0.48958439, 0.50893664, 0.01990738, 99.97100830, 113.32389069, 32.46999741, 0.00000000
1, 32.9150, 3487, 0.24850194, -1.51951945, 0.21251851, 2.52473354, 10.06077862, 150.48677063, -40.74831772, 14.08944702, -76.29347992, 101.38822937, -29.16896820, -10.89988708, 0.62878293, -0.73030722, 0.22991094, -0.13573638, -0.73354566, 0.66156143, -0.04191416, 99.97100830, 113.32389069, 32.46999741, 0.00000000
1, 32.9200, 3488, 0.26589084, -1.55108106, 0.20588304, 3.28638673, 15.33209419, 153.19657898, -41.44986725, 14.35252857, -76.29347992, 101.44920349, -29.93504906, -10.98636818, 0.62790126, -0.72876251, 0.23433705, -0.14046878, -0.76250869, 0.69971621, -0.03563318, 99.97100830, 113.32389069, 32.46999741, 0.00000000
1, 32.9250, 3489, 0.25061324, -1.55754435, 0.21734722, 3.80795813, 22.54518509, 154.72891235, -41.44986725, 14.35252857, -76.29347992, 101.49475098, -30.71567917, -11.03515244, 0.62703866, -0.72713888, 0.23859991, -0.14547105, -0.75898969, 0.71298361, -0.04775717, 99.97100830, 113.32389069, 32.46999741, 0.00000000
1, 32.9300, 3490, 0.19990875, -1.57352161, 0.24684213, 5.06040430, 33.95230865, 155.93125916, -41.44986725, 14.35252857, -76.29347992, 101.51459503, -31.51344490, -11.02093029, 0.62621772, -0.72543013, 0.24256875, -0.15087378, -0.72023368, 0.73596156, -0.07842968, 99.97100830, 113.32389069, 32.46999741, 0.00000000
1, 32.9350, 3491, 0.13251905, -1.58560681, 0.28873989, 6.44010496, 49.57205582, 157.26745605, -42.67757797, 15.11254025, -76.14732361, 101.49421692, -32.33320236, -10.91794205, 0.62547845, -0.72360605, 0.24613088, -0.15681374, -0.66503859, 0.75527501, -0.12213372, 99.97100830, 113.32389069, 32.46999741, 0.00000000
1, 32.9400, 3492, 0.11712907, -1.61093891, 0.27911633, 6.52851772, 68.85649872, 157.83116150, -42.67757797, 15.11254025, -76.14732361, 101.40882874, -33.13562012, -10.69951344, 0.62495828, -0.72169077, 0.24896292, -0.16311662, -0.66163301, 0.78793192, -0.11508477, 99.97100830, 113.32389069, 32.46999741, 0.00000000
1, 32.9450, 3493, 0.15656002, -1.67102039, 0.22598006, 8.01631641, 90.28923035, 159.37463379, -43.58374786, 15.55100822, -76.23501587, 101.26000214, -34.00511169, -10.35447884, 0.62452459, -0.71952260, 0.25143927, -0.17039536, -0.71321422, 0.85564733, -0.06545546, 99.97100830, 113.32389069, 32.46999741, 0.00000000
1, 32.9500, 3494, 0.28276959, -1.74619937, 0.20858486, 12.73706722, 111.65075684, 159.22781372, -43.58374786, 15.55100822, -76.23501587, 101.05448914, -34.89339447, -9.87526608, 0.62413591, -0.71727741, 0.25327486, -0.17837957, -0.85215545, 0.93884039, -0.05228516, 99.97100830, 113.32389069, 32.46999741, 0.00000000
1, 32.9550, 3495, 0.51415867, -1.78248847, 0.32027337, 16.03090477, 129.63496399, 155.58355713, -43.58374786, 15.55100822, -76.23501587, 100.78869629, -35.77905273, -9.27398586, 0.62382466, -0.71496826, 0.25446162, -0.18684894, -1.09647608, 0.98300946, -0.16861802, 99.97100830, 113.32389069, 32.46999741, 0.00000000
1, 32.9600, 3496, 0.60063118, -1.73211145, 0.31606537, 7.81592798, 143.37983704, 151.73936462, -44.98684692, 16.25255775, -76.73194885, 100.41473389, -36.65570450, -8.57183361, 0.62390298, -0.71230847, 0.25520101, -0.19553587, -1.19537544, 0.94060856, -0.17061085, 99.97100830, 113.32389069, 32.46999741, 0.00000000
1, 32.9900, 3497, -0.14930022, -1.15485775, 0.37947756, 31.60885620, 151.07037354, 119.72232056, -47.73458099, 17.86027527, -76.70272064, 97.81797791, -41.07448578, -3.66821790, 0.62363183, -0.69802529, 0.25304693, -0.24456379, -0.50671375, 0.40585929, -0.27774033, 99.97100830, 113.32389069, 32.46999741, 0.00000000
1, 32.9950, 3498, -0.22706699, -1.20510578, 0.50503027, 26.53013039, 156.47988892, 120.37158203, -48.87459564, 17.33411217, -77.55042267, 97.33678436, -41.77285767, -2.73821974, 0.62323987, -0.69573146, 0.25214458, -0.25288925, -0.43808413, 0.46278924, -0.41043663, 99.97100830, 113.32389069, 32.46999741, 0.00000000
1, 33.0000, 3499, -0.29661205, -1.13851273, 0.43684173, 9.59371662, 158.28588867, 126.16847992, -48.87459564, 17.33411217, -77.55042267, 96.74472046, -42.49475861, -1.78181529, 0.62326890, -0.69284010, 0.25153765, -0.26122293, -0.37765163, 0.40367636, -0.35059440, 99.97100830, 113.32389069, 32.46999741, 0.00000000
1, 33.0050, 3500, -0.43880734, -1.08768964, 0.29926902, -2.72225499, 160.37504578, 131.98339844, -48.87459564, 17.33411217, -77.55042267, 96.06028748, -43.23885345, -0.79335409, 0.62357664, -0.68947041, 0.25116968, -0.26962292, -0.24459879, 0.36079156, -0.22277631, 99.97100830, 113.32389069, 32.46999741, 0.00000000
1, 33.0100, 3501, -0.56081891, -1.16732907, 0.27701536, 0.19024272, 160.99671936, 133.25807190, -50.68693161, 18.82490540, -78.31043243, 95.36181641, -43.98073959, 0.22303645, 0.62373739, -0.68610185, 0.25076741, -0.27808583, -0.13197190, 0.44844455, -0.21069370, 99.97100830, 113.32389069, 32.46999741, 0.00000000
1, 33.0150, 3502, -0.59358132, -1.26916587, 0.31319460, 2.59449124, 150.33319092, 132.86813354, -50.68693161, 18.82490540, -78.31043243, 94.70043182, -44.70729065, 1.19023168, 0.62366378, -0.68287778, 0.25059491, -0.28622332, -0.10842934, 0.55828786, -0.25630546, 99.97100830, 113.32389069, 32.46999741, 0.00000000
1, 33.0200, 3503, -0.59366769, -1.28500557, 0.16478203, -0.60616577, 133.37020874, 136.07987976, -52.14849472, 18.79567337, -78.69043732, 94.08364105, -45.43579102, 2.05959225, 0.62341374, -0.67969322, 0.25100240, -0.29388821, -0.11698118, 0.58269852, -0.11637132, 99.97100830, 113.32389069, 32.46999741, 0.00000000
1, 33.0250, 3504, -0.58668768, -1.31472969, 0.03028579, -0.84525794, 120.73029327, 135.81671143, -52.14849472, 18.79567337, -78.69043732, 93.50682831, -46.15245056, 2.86067748, 0.62299478, -0.67662174, 0.25173306, -0.30114952, -0.13241127, 0.62110639, 0.01037941, 99.97100830, 113.32389069, 32.46999741, 0.00000000
1, 33.0300, 3505, -0.53596878, -1.38977182, -0.02749696, -1.61136043, 106.23996735, 129.69746399, -52.14849472, 18.79567337, -78.69043732, 92.97917938, -46.82917023, 3.57929373, 0.62248343, -0.67374706, 0.25267377, -0.30779085, -0.19128320, 0.70453095, 0.06117410, 99.97100830, 113.32389069, 32.46999741, 0.00000000
1, 33.0350, 3506, -0.54811138, -1.43187714, 0.00347954, -8.44115448, 104.87067413, 123.30216980, -52.52849960, 19.17568016, -78.69043732, 92.40397644, -47.46895599, 4.30837297, 0.62221152, -0.67074049, 0.25354350, -0.31412721, -0.18695502, 0.75453621, 0.02297818, 99.97100830, 113.32389069, 32.46999741, 0.00000000
1, 33.0600, 3507, -0.55923527, -0.86543536, 0.46966144, -19.99938965, 15.87780190, 94.12762451, -54.34083557, 21.48494530, -78.42736053, 90.58222961, -50.04008484, 6.24164915, 0.62017888, -0.65924239, 0.26203537, -0.33483607, -0.20712402, 0.22089820, -0.46541160, 99.97100830, 113.32389069, 32.46999741, 0.00000000
1, 33.0650, 3508, -0.59001392, -0.65343285, 0.32640865, -17.52690125, 16.09720039, 88.73838806, -54.34083557, 21.48494530, -78.42736053, 90.40257263, -50.48455048, 6.36273241, 0.61956084, -0.65751654, 0.26439962, -0.33750448, -0.18103951, 0.01516241, -0.32397172, 99.97100830, 113.32389069, 32.46999741, 0.00000000
1, 33.0700, 3509, -0.56029177, -0.50560856, 0.22603020, -9.58861256, 14.05955124, 82.10413361, -55.24700165, 21.80648994, -78.39812469, 90.27188873, -50.89548111, 6.47098112, 0.61878061, -0.65610212, 0.26650771, -0.34002084, -0.21515904, -0.12685359, -0.22494945, 99.97100830, 113.32389069, 32.46999741, 0.00000000
1, 33.0750, 3510, -0.60677338, -0.46457478, 0.19109504, -0.78042781, 4.91118860, 75.99032593, -55.24700165, 21.80648994, -78.39812469, 90.23987579, -51.27551651, 6.50837898, 0.61772519, -0.65512443, 0.26855421, -0.34220797, -0.17284930, -0.16257644, -0.19071904, 99.97100830, 113.32389069, 32.46999741, 0.00000000
1, 33.0800, 3511, -0.67356271, -0.50700510, 0.18227433, 1.73885190, -2.32421255, 67.72380066, -55.24700165, 21.80648994, -78.39812469, 90.26515961, -51.61407089, 6.48823309, 0.61663085, -0.65441245, 0.27052000, -0.34399086, -0.10982122, -0.11540017, -0.18196899, 99.97100830, 113.32389069, 32.46999741, 0.00000000
1, 33.0850, 3512, -0.70422727, -0.60287797, 0.18466839, -11.77202892, -2.78365231, 54.35468674, -54.83776474, 21.68956375, -78.48582458, 90.22554779, -51.88594055, 6.46455956, 0.61611331, -0.65349585, 0.27231953, -0.34523872, -0.08233173, -0.01552423, -0.18479648, 99.97100830, 113.32389069, 32.46999741, 0.00000000
1, 33.0900, 3513, -0.60642505, -0.63863432, 0.18801154, -24.27709961, 4.46053314, 39.64916229, -54.83776474, 21.68956375, -78.48582458, 90.21560669, -52.01307297, 6.39427662, 0.61599976, -0.65297079, 0.27347222, -0.34552348, -0.18210216, 0.02272445, -0.18852600, 99.97100830, 113.32389069, 32.46999741, 0.00000000
1, 33.0950, 3514, -0.44384912, -0.60515177, 0.19670370, -34.45056915, 6.93888426, 24.06425285, -56.03624725, 21.48494530, -77.95966339, 89.99922180, -52.13383102, 6.45062971, 0.61669767, -0.65165222, 0.27449051, -0.34595999, -0.34581667, -0.00934160, -0.19820954, 99.97100830, 113.32389069, 32.46999741, 0.00000000
1, 33.1000, 3515, -0.26674455, -0.49232844, 0.17885436, -39.65695572, -1.08449149, 9.53284264, -56.03624725, 21.48494530, -77.95966339, 89.80785370, -52.18201828, 6.44201612, 0.61766535, -0.65048552, 0.27539122, -0.34571356, -0.52358419, -0.12122293, -0.18191737, 99.97100830, 113.32389069, 32.46999741, 0.00000000
1, 33.1050, 3516, -0.12748612, -0.36409789, 0.12146393, -40.74591827, -17.03518295, -4.11826468, -56.03624725, 21.48494530, -77.95966339, 89.71392822, -52.16245651, 6.30293941, 0.61867625, -0.64969087, 0.27635166, -0.34463206, -0.66266590, -0.24939735, -0.12526356, 99.97100830, 113.32389069, 32.46999741, 0.00000000
1, 33.1300, 3517, 0.24248585, 0.11966043, 0.10595037, -7.84270477, -111.77246857, -71.43143463, -56.00701523, 21.60187149, -77.63811493, 91.40840912, -51.06315231, 3.33095527, 0.62093419, -0.65432537, 0.28210208, -0.32667628, -1.02164364, -0.74683595, -0.09160294, 99.97100830, 113.32389069, 32.46999741, 0.00000000
1, 33.1350, 3518, 0.29326954, 0.11757804, 0.21927631, 3.78615999, -127.34397125, -89.09114075, -54.48699188, 18.94182968, -76.81964111, 92.19128418, -50.59891891, 2.34425831, 0.62051541, -0.65731859, 0.28296134, -0.32066476, -1.06791997, -0.75060439, -0.19641411, 99.97100830, 113.32389069, 32.46999741, 0.00000000
1, 33.1400, 3519, 0.28484312, 0.09063798, 0.25552204, 10.06907558, -135.25360107, -102.78463745, -54.48699188, 18.94182968, -76.81964111, 93.09983063, -50.03320694, 1.26810074, 0.61976868, -0.66104466, 0.28352687, -0.31387788, -1.05364060, -0.73050702, -0.22283995, 99.97100830, 113.32389069, 32.46999741, 0.00000000
1, 33.1450, 3520, 0.21461652, 0.02632316, 0.27482998, 15.22670269, -141.76380920, -118.60369110, -53.90236664, 20.34492874, -75.56269836, 93.96735382, -49.39853287, 0.22885036, 0.61918288, -0.66483605, 0.28373665, -0.30675596, -0.97639769, -0.67400938, -0.23181841, 99.97100830, 113.32389069, 32.46999741, 0.00000000
1, 33.1500, 3521, 0.12023857, -0.02957181, 0.24317527, 18.26342964, -142.28860474, -129.10040283, -53.90236664, 20.34492874, -75.56269836, 94.81890106, -48.70127869, -0.77973640, 0.61860138, -0.66880071, 0.28359661, -0.29935092, -0.87416404, -0.62634158, -0.19008268, 99.97100830, 113.32389069, 32.46999741, 0.00000000
1, 33.1550, 3522, -0.00718518, -0.10918302, 0.21990733, 20.66451645, -139.99035645, -138.43513489, -53.90236664, 20.34492874, -75.56269836, 95.63414764, -47.94899368, -1.73506534, 0.61805582, -0.67286670, 0.28307068, -0.29176793, -0.73813951, -0.55547941, -0.15691197, 99.97100830, 113.32389069, 32.46999741, 0.00000000
1, 33.1600, 3523, -0.13043384, -0.20703955, 0.19395597, 21.38462830, -136.78129578, -147.13085938, -53.05466080, 19.61414719, -74.30575562, 96.39987183, -47.14642334, -2.63034892, 0.61759305, -0.67696702, 0.28217253, -0.28403050, -0.60555017, -0.46681124, -0.12130341, 99.97100830, 113.32389069, 32.46999741, 0.00000000
1, 33.1650, 3524, -0.26054648, -0.30322364, 0.19327003, 21.05766296, -134.80946350, -153.98495483, -53.05466080, 19.61414719, -74.30575562, 97.11941528, -46.30318069, -3.47656417, 0.61720055, -0.68106467, 0.28100091, -0.27613935, -0.46549892, -0.38019001, -0.11123015, 99.97100830, 113.32389069, 32.46999741, 0.00000000
1, 33.1700, 3525, -0.35997149, -0.37488061, 0.20937006, 18.70760345, -132.98176575, -159.90542603, -51.56386948, 18.76644325, -72.96112061, 97.78504181, -45.42482758, -4.27638435, 0.61692172, -0.68509340, 0.27960986, -0.26809138, -0.35558820, -0.31835839, -0.11814259, 99.97100830, 113.32389069, 32.46999741, 0.00000000
1, 33.1750, 3526, -0.42418832, -0.44015408, 0.22578412, 14.46015644, -130.18957520, -166.05914307, -51.56386948, 18.76644325, -72.96112061, 98.38391113, -44.51191711, -5.02431297, 0.61682415, -0.68899238, 0.27798659, -0.25988662, -0.28028941, -0.26315770, -0.12577276, 99.97100830, 113.32389069, 32.46999741, 0.00000000
1, 33.1800, 3527, -0.44783068, -0.49403706, 0.23651907, 9.00074196, -127.25970459, -172.57971191, -51.56386948, 18.76644325, -72.96112061, 98.91111755, -43.56383896, -5.72098780, 0.61694705, -0.69273037, 0.27612689, -0.25150543, -0.24493584, -0.21960129, -0.12822255, 99.97100830, 113.32389069, 32.46999741, 0.00000000
1, 33.2550, 3528, -0.26913533, -0.71345150, 0.24658914, -43.72870255, -91.90084076, -297.00820923, -37.50365448, 9.00321579, -70.68108368, 99.83415222, -24.45870209, -11.16136169, 0.64206260, -0.73094279, 0.20846379, -0.10010603, -0.15164511, -0.18095401, -0.09292781, 99.97100830, 113.32389069, 32.46999741, 0.00000000
1, 33.2600, 3529, -0.32696253, -0.76349247, 0.21511208, -44.93980789, -90.03907776, -302.48666382, -37.50365448, 9.00321579, -70.68108368, 99.68898773, -22.89272308, -11.36870766, 0.64395404, -0.73273665, 0.20154078, -0.08832701, -0.06888248, -0.14218172, -0.06199688, 99.97100830, 113.32389069, 32.46999741, 0.00000000
1, 33.2650, 3530, -0.37431747, -0.81358719, 0.18785162, -45.81967163, -86.09143066, -307.67425537, -37.50365448, 9.00321579, -70.68108368, 99.52528381, -21.30496025, -11.55259323, 0.64580244, -0.73439229, 0.19430520, -0.07650286, 0.00405555, -0.10288880, -0.03569924, 99.97100830, 113.32389069, 32.46999741, 0.00000000
1, 33.2700, 3531, -0.38605857, -0.86367607, 0.21739304, -46.08502197, -82.87857819, -312.50158691, -34.93130493, 10.11400127, -70.68108368, 99.34906006, -19.69649315, -11.71841335, 0.64757359, -0.73592305, 0.18678640, -0.06462750, 0.04186631, -0.06316145, -0.06649844, 99.97100830, 113.32389069, 32.46999741, 0.00000000
1, 33.2750, 3532, -0.36938176, -0.90805995, 0.26930830, -46.00453568, -81.56757355, -316.32708740, -34.93130493, 10.11400127, -70.68108368, 99.16671753, -18.07069016, -11.87782574, 0.64923102, -0.73733228, 0.17906933, -0.05267323, 0.05177329, -0.02857009, -0.11987638, 99.97100830, 113.32389069, 32.46999741, 0.00000000
1, 33.2800, 3533, -0.34915856, -0.94960797, 0.28919405, -45.15137482, -82.34428406, -319.96685791, -32.18357086, 9.55860806, -70.56416321, 98.98571777, -16.42677689, -12.04220390, 0.65072775, -0.73864108, 0.17121790, -0.04058614, 0.05875598, 0.00389991, -0.14138839, 99.97100830, 113.32389069, 32.46999741, 0.00000000
1, 33.2850, 3534, -0.33747113, -0.99942219, 0.27346849, -42.55335999, -83.65886688, -325.25402832, -32.18357086, 9.55860806, -70.56416321, 98.81484222, -14.75619698, -12.21300220, 0.65200049, -0.73990661, 0.16319245, -0.02831666, 0.07501435, 0.04537713, -0.12736014, 99.97100830, 113.32389069, 32.46999741, 0.00000000
1, 33.2900, 3535, -0.31701154, -1.08433032, 0.25507516, -38.86035538, -81.41030121, -330.57537842, -32.18357086, 9.55860806, -70.56416321, 98.65927124, -13.06428719, -12.37272358, 0.65300345, -0.74116999, 0.15491106, -0.01600794, 0.08314021, 0.12269770, -0.11061092, 99.97100830, 113.32389069, 32.46999741, 0.00000000
1, 33.3300, 3536, -0.41485348, -1.88435733, 0.38826182, -21.26626587, -28.96042633, -389.66366577, -19.90645981, 9.00321579, -71.17801666, 97.80464935, 1.77701056, -12.56202984, 0.65204203, -0.75009137, 0.07230446, 0.08352368, 0.43635875, 0.89334226, -0.25608215, 99.97100830, 113.32389069, 32.46999741, 0.00000000
1, 33.3350, 3537, -0.41307384, -1.82385409, 0.38307574, -31.65700912, -20.69215393, -393.96124268, -19.90645981, 9.00321579, -71.17801666, 97.64923096, 3.74267173, -12.40275860, 0.65150964, -0.75021648, 0.05989224, 0.09551658, 0.46881175, 0.83384669, -0.25350881, 99.97100830, 113.32389069, 32.46999741, 0.00000000
1, 33.3400, 3538, -0.40206286, -1.80331218, 0.38053039, -31.35289192, -8.22353172, -396.71743774, -19.90645981, 9.00321579, -71.17801666, 97.50844574, 5.70367670, -12.18425655, 0.65078533, -0.75019729, 0.04708044, 0.10707991, 0.49202153, 0.81547463, -0.25381050, 99.97100830, 113.32389069, 32.46999741, 0.00000000
1, 33.3450, 3539, -0.33081946, -1.82801294, 0.40714213, -24.08419037, 5.61194229, -395.84927368, -17.48026848, 10.28938866, -71.44110107, 97.41623688, 7.66265535, -11.90079975, 0.64966846, -0.75021011, 0.03386097, 0.11819156, 0.45467442, 0.84355187, -0.28255576, 99.97100830, 113.32389069, 32.46999741, 0.00000000
1, 33.3500, 3540, -0.22610664, -1.89099717, 0.37651289, -17.01285362, 18.09046936, -395.11602783, -17.48026848, 10.28938866, -71.44110107, 97.37814331, 9.61047649, -11.55617142, 0.64814800, -0.75026238, 0.02033689, 0.12882935, 0.38372976, 0.91125333, -0.25328755, 99.97100830, 113.32389069, 32.46999741, 0.00000000
1, 33.3550, 3541, -0.21165657, -2.03382754, 0.42666823, -11.85340977, 25.32238007, -388.31442261, -15.25869656, 11.28325081, -71.44110107, 97.38345337, 11.52011681, -11.17794704, 0.64631295, -0.75027519, 0.00685242, 0.13899535, 0.40220478, 1.05982351, -0.30443847, 99.97100830, 113.32389069, 32.46999741, 0.00000000
1, 33.3600, 3542, -0.63277858, -2.05014825, 0.54934758, -13.96840096, 24.49435997, -358.72317505, -15.25869656, 11.28325081, -71.44110107, 97.38591766, 13.28348637, -10.82055092, 0.64455140, -0.75001597, -0.00565560, 0.14831585, 0.85367036, 1.08237648, -0.42896891, 99.97100830, 113.32389069, 32.46999741, 0.00000000
1, 33.3650, 3543, -0.85870248, -1.90837026, 0.63029081, -6.63415337, 22.38541412, -339.20248413, -15.25869656, 11.28325081, -71.44110107, 97.43095398, 14.95134926, -10.48351574, 0.64252329, -0.74978185, -0.01741730, 0.15712348, 1.10815966, 0.94747829, -0.51062733, 99.97100830, 113.32389069, 32.46999741, 0.00000000
1, 33.3700, 3544, -0.66905522, -1.66197538, 0.45923120, -2.11393237, 50.31693268, -318.40426636, -13.09558582, 12.21864891, -71.55802155, 97.54461670, 16.49770355, -10.01149654, 0.64033192, -0.74972701, -0.02924982, 0.16440494, 0.94556189, 0.70881128, -0.33800036, 99.97100830, 113.32389069, 32.46999741, 0.00000000
1, 33.3750, 3545, -0.49057177, -1.57235301, 0.18086345, -5.22835255, 58.00793457, -291.47149658, -13.09558582, 12.21864891, -71.55802155, 97.66279602, 17.90457153, -9.51110363, 0.63830829, -0.74953800, -0.04043468, 0.17064703, 0.79181814, 0.62712240, -0.05800387, 99.97100830, 113.32389069, 32.46999741, 0.00000000
1, 33.4400, 3546, -0.69041795, -0.92061007, 0.06637570, 60.67394638, 39.94398880, 111.69112396, -8.50628471, 16.48640823, -69.68722534, 99.98033905, 24.08760834, -6.20213509, 0.61920106, -0.75523484, -0.09343171, 0.19359995, 1.10169816, 0.02263737, 0.08703835, 99.97100830, 113.32389069, 32.46999741, 0.00000000
1, 33.4450, 3547, -0.69664270, -1.27632821, 0.12854198, 57.32848358, 42.35948181, 134.82055664, -8.74013424, 16.51563835, -69.30722046, 100.30865479, 23.38758850, -6.10277033, 0.61825073, -0.75768441, -0.08965673, 0.18879122, 1.09615171, 0.37410760, 0.03042546, 99.97100830, 113.32389069, 32.46999741, 0.00000000
1, 33.4500, 3548, -0.65994400, -1.52600539, -0.00366507, 41.44047165, 41.86728668, 149.73300171, -8.74013424, 16.51563835, -69.30722046, 100.54816437, 22.61402893, -6.02495289, 0.61792034, -0.75972575, -0.08550099, 0.18352391, 1.04763949, 0.61965102, 0.16743539, 99.97100830, 113.32389069, 32.46999741, 0.00000000
1, 33.4550, 3549, -0.63665617, -1.62496901, -0.24133605, 23.70132637, 26.48471832, 163.22746277, -9.73399544, 16.22332573, -68.98567963, 100.66117096, 21.78774261, -6.04515171, 0.61831057, -0.76117867, -0.08061899, 0.17832471, 1.01180363, 0.71410978, 0.40829939, 99.97100830, 113.32389069, 32.46999741, 0.00000000
1, 33.4600, 3550, -0.49098691, -1.63062227, -0.37040654, 11.79501629, 7.75024033, 174.78012085, -9.73399544, 16.22332573, -68.98567963, 100.67457581, 20.92173195, -6.17643881, 0.61921722, -0.76216388, -0.07493463, 0.17338175, 0.85255277, 0.71467710, 0.53928375, 99.97100830, 113.32389069, 32.46999741, 0.00000000
1, 33.4650, 3551, -0.06052352, -1.59719956, -0.30574054, 8.95614338, -2.99442315, 181.74584961, -9.73399544, 16.22332573, -68.98567963, 100.65392303, 20.03129196, -6.37006950, 0.62026817, -0.76296794, -0.06874482, 0.16858687, 0.40746033, 0.67572951, 0.47650677, 99.97100830, 113.32389069, 32.46999741, 0.00000000
1, 33.4700, 3552, 0.84941006, -1.61434114, -0.34261239, 5.76454115, -0.29396972, 171.05476379, -10.58170128, 15.69716454, -68.78105927, 100.62852478, 19.19081497, -6.53780842, 0.62130338, -0.76362687, -0.06300297, 0.16397230, -0.51655161, 0.68783361, 0.51615435, 99.97100830, 113.32389069, 32.46999741, 0.00000000
1, 33.4750, 3553, 1.34906673, -1.66872740, -0.49228200, -6.85539627, 20.48614502, 148.12060547, -10.58170128, 15.69716454, -68.78105927, 100.58395386, 18.44389725, -6.57437563, 0.62251127, -0.76398808, -0.05867465, 0.15924633, -1.02860475, 0.73803556, 0.66722548, 99.97100830, 113.32389069, 32.46999741, 0.00000000
1, 33.4800, 3554, 2.07524467, -1.75322592, -0.75251657, -33.03798294, 59.50680923, 110.54617310, -11.75094986, 14.61560917, -68.40105438, 100.48303986, 17.84600067, -6.37201643, 0.62420946, -0.76378280, -0.05683769, 0.15416837, -1.76455808, 0.81930101, 0.92831647, 99.97100830, 113.32389069, 32.46999741, 0.00000000
1, 33.4850, 3555, 2.36806989, -1.66767585, -0.82213211, -49.22896576, 64.38258362, 90.11759949, -11.75094986, 14.61560917, -68.40105438, 100.31288147, 17.34446144, -6.12446833, 0.62628001, -0.76309526, -0.05591972, 0.14943928, -2.06590152, 0.73067629, 0.99683011, 99.97100830, 113.32389069, 32.46999741, 0.00000000
1, 33.5050, 3556, 0.49198958, -1.22090936, -0.55955786, 9.25852871, -263.54632568, 128.03591919, -11.63402462, 13.65097904, -69.51184082, 98.91356659, 15.71936607, -9.31567574, 0.63335019, -0.75750917, -0.02746595, 0.15586255, -0.21782574, 0.27159086, 0.70925099, 99.97100830, 113.32389069, 32.46999741, 0.00000000
1, 33.5100, 3557, -0.21597053, -1.21863747, -0.20351405, 29.10158348, -308.53039551, 149.00431824, -11.63402462, 13.65097904, -69.51184082, 98.60782623, 15.21553707, -11.01439285, 0.63369095, -0.75632077, -0.01380402, 0.16193911, 0.48114023, 0.26568258, 0.34653735, 99.97100830, 113.32389069, 32.46999741, 0.00000000
1, 33.5150, 3558, -0.83399850, -1.22269452, 0.00473761, 41.28947830, -323.07116699, 171.60194397, -11.45863724, 13.65097904, -69.95030975, 98.35737610, 14.60273075, -12.79754734, 0.63364404, -0.75519830, 0.00109401, 0.16783792, 1.08881271, 0.26611573, 0.13269815, 99.97100830, 113.32389069, 32.46999741, 0.00000000
1, 33.5200, 3559, -1.33157492, -1.26586032, 0.11097896, 54.74275208, -304.21109009, 193.33218384, -11.45863724, 11.02016926, -69.95030975, 98.21633911, 13.86314583, -14.49270344, 0.63315082, -0.75439298, 0.01628232, 0.17247103, 1.57415092, 0.30564326, 0.02271413, 99.97100830, 113.32389069, 32.46999741, 0.00000000
1, 33.5250, 3560, -1.64323711, -1.37226272, 0.37657538, 66.17557526, -255.39297485, 206.93397522, -11.45863724, 11.02016926, -69.95030975, 98.21236420, 13.01983643, -15.94255829, 0.63226873, -0.75408596, 0.03064809, 0.17507553, 1.87124860, 0.40817875, -0.24398488, 99.97100830, 113.32389069, 32.46999741, 0.00000000
1, 33.5300, 3561, -1.62323821, -1.44714487, 0.55708289, 66.19496155, -186.86445618, 204.92170715, -11.34171295, 12.83250523, -70.56416321, 98.30593872, 12.13878250, -17.03918457, 0.63134992, -0.75416249, 0.04304862, 0.17545147, 1.83595335, 0.47958410, -0.42299929, 99.97100830, 113.32389069, 32.46999741, 0.00000000
1, 33.5350, 3562, -1.31872463, -1.42313707, 0.84011734, 50.48323822, -87.75091553, 191.29002380, -11.34171295, 12.83250523, -70.56416321, 98.44207764, 11.25610161, -17.62322235, 0.63094682, -0.75450236, 0.05214085, 0.17295568, 1.51556504, 0.45229307, -0.70238614, 99.97100830, 113.32389069, 32.46999741, 0.00000000
1, 33.5400, 3563, -0.97778028, -1.23662734, 0.96551526, 31.93195343, -53.35994720, 179.72711182, -12.27711201, 11.80941200, -69.95030975, 98.55222321, 10.37367249, -18.02064323, 0.63099533, -0.75468242, 0.05995165, 0.16942592, 1.15932322, 0.26296768, -0.82431340, 99.97100830, 113.32389069, 32.46999741, 0.00000000
1, 33.5450, 3564, -0.72675127, -1.03443265, 1.04972696, 24.84606934, -54.73769760, 170.67089844, -12.27711201, 11.80941200, -69.95030975, 98.60893250, 9.57037449, -18.42330551, 0.63126248, -0.75450605, 0.06725685, 0.16644819, 0.89379042, 0.05828276, -0.90593010, 99.97100830, 113.32389069, 32.46999741, 0.00000000
1, 33.5500, 3565, -0.61082280, -0.83430159, 1.15937066, 24.53081322, -74.48378754, 163.08866882, -12.27711201, 11.80941200, -69.95030975, 98.65449524, 8.81956577, -18.91897202, 0.63138837, -0.75415206, 0.07485113, 0.16431934, 0.76444304, -0.14405486, -1.01382399, 99.97100830, 113.32389069, 32.46999741, 0.00000000
1, 33.5800, 3566, -0.81215769, -0.81747460, 0.17670472, 53.46318436, -36.55025101, 128.18676758, -13.62174797, 10.11400127, -70.18415833, 99.99308014, 4.83381796, -21.77270508, 0.62460315, -0.75667083, 0.11791946, 0.15302010, 0.89854509, -0.16408923, -0.00814519, 99.97100830, 113.32389069, 32.46999741, 0.00000000
1, 33.5850, 3567, -0.96310335, -0.83423352, 0.18002941, 33.90498734, -10.86169243, 113.09930420, -13.62174797, 10.11400127, -70.18415833, 100.15191650, 4.28670311, -21.92458534, 0.62416601, -0.75693947, 0.12216890, 0.15011413, 1.03977656, -0.14759327, -0.00873829, 99.97100830, 113.32389069, 32.46999741, 0.00000000
1, 33.5900, 3568, -1.01482701, -0.71036601, 0.42089939, 28.13693428, 25.11942673, 100.81568146, -14.49868488, 10.46477604, -70.44723511, 100.33526611, 3.64744854, -21.88718033, 0.62393725, -0.75744474, 0.12569588, 0.14553516, 1.08065391, -0.27206382, -0.24652734, 99.97100830, 113.32389069, 32.46999741, 0.00000000
1, 33.5950, 3569, -1.04552042, -0.68105209, 0.57162422, 27.42262268, 26.17569351, 91.31575775, -14.49868488, 10.46477604, -70.44723511, 100.47630310, 3.17515230, -21.83999252, 0.62374127, -0.75785726, 0.12816781, 0.14202911, 1.10149264, -0.30170262, -0.39440349, 99.97100830, 113.32389069, 32.46999741, 0.00000000
1, 33.6000, 3570, -1.05878973, -0.76161420, 0.58173585, 24.73423386, 31.95447350, 83.18034363, -14.49868488, 10.46477604, -70.44723511, 100.60520172, 2.73746824, -21.75811958, 0.62360597, -0.75826412, 0.13019481, 0.13856661, 1.10697818, -0.22114475, -0.40233213, 99.97100830, 113.32389069, 32.46999741, 0.00000000
1, 33.6050, 3571, -0.98086679, -0.91439080, 0.43715790, 20.58784485, 44.10965347, 77.35366821, -15.28792763, 10.49400711, -69.97953796, 100.71550751, 2.31705832, -21.61205864, 0.62363189, -0.75865197, 0.13167101, 0.13488249, 1.02202260, -0.06809670, -0.25578409, 99.97100830, 113.32389069, 32.46999741, 0.00000000
1, 33.6100, 3572, -0.83597523, -1.07960200, 0.20482062, 18.50072098, 51.27383041, 74.15093994, -15.28792763, 10.49400711, -69.97953796, 100.81567383, 1.90546572, -21.42861176, 0.62373942, -0.75903141, 0.13283165, 0.13105859, 0.87049615, 0.09755241, -0.02155875, 99.97100830, 113.32389069, 32.46999741, 0.00000000
1, 33.6150, 3573, -0.67421174, -1.22318590, -0.02228436, 19.46117210, 53.60949326, 71.49536896, -15.63870239, 10.58170128, -69.42414093, 100.91970825, 1.50442350, -21.23197365, 0.62380350, -0.75945342, 0.13384394, 0.12722225, 0.70224965, 0.24162477, 0.20750172, 99.97500610, 112.98746490, 32.48999786, 0.00000000
1, 33.6200, 3574, -0.49830019, -1.34312630, -0.18433382, 24.66152000, 58.09170532, 67.99574280, -15.63870239, 10.58170128, -69.42414093, 101.04888916, 1.11599219, -21.01085091, 0.62369233, -0.76004988, 0.13464439, 0.12330101, 0.51991069, 0.36207017, 0.37191156, 99.97500610, 112.98746490, 32.48999786, 0.00000000
1, 33.6250, 3575, -0.26229295, -1.44282734, -0.27389270, 29.53395271, 63.32603073, 64.97387695, -15.63870239, 10.58170128, -69.42414093, 101.20137787, 0.73689723, -20.76211548, 0.62342346, -0.76081187, 0.13522552, 0.11925842, 0.27747440, 0.46229690, 0.46444547, 99.97500610, 112.98746490, 32.48999786, 0.00000000
1, 33.6500, 3576, 0.57605308, -0.97323000, 0.33901054, 2.06771088, -13.78642845, 59.17408752, -17.36334419, 10.11400127, -69.24875641, 101.66849518, -0.87642092, -20.33733177, 0.62267452, -0.76226836, 0.14163074, 0.10566087, -0.59101653, -0.00657513, -0.13700378, 99.97500610, 112.98746490, 32.48999786, 0.00000000
1, 33.6550, 3577, 0.41431567, -0.83490944, 0.21629539, 6.37101698, -42.55113220, 61.90384674, -17.88950539, 10.40631390, -69.27798462, 101.70590973, -1.13679779, -20.60795593, 0.62247717, -0.76186311, 0.14487405, 0.10534834, -0.43356794, -0.14451855, -0.01398547, 99.97500610, 112.98746490, 32.48999786, 0.00000000
1, 33.6600, 3578, 0.18783677, -0.79391646, 0.13523915, 14.69629478, -62.52479553, 65.52806091, -17.88950539, 10.40631390, -69.27798462, 101.78845215, -1.39437020, -20.98035431, 0.62188512, -0.76155919, 0.14881696, 0.10554673, -0.21138480, -0.18503413, 0.06776915, 99.97500610, 112.98746490, 32.48999786, 0.00000000
1, 33.6650, 3579, -0.00340291, -0.82441807, 0.12396695, 21.38001060, -70.60108948, 67.73918152, -18.12335587, 10.66939449, -69.07337189, 101.90723419, -1.65380371, -21.39503670, 0.62101758, -0.76137173, 0.15308049, 0.10590822, -0.02463587, -0.15400462, 0.08038808, 99.97500610, 112.98746490, 32.48999786, 0.00000000
1, 33.6700, 3580, -0.15559734, -0.87883508, 0.17235266, 23.38963318, -72.04948425, 67.85433960, -18.12335587, 10.66939449, -69.07337189, 102.03816986, -1.91137445, -21.81755257, 0.62006223, -0.76121664, 0.15739337, 0.10629942, 0.12292808, -0.09906743, 0.03371713, 99.97500610, 112.98746490, 32.48999786, 0.00000000
1, 33.6750, 3581, -0.28002763, -0.92121458, 0.24973960, 21.92502022, -69.05168915, 65.77119446, -18.12335587, 10.66939449, -69.07337189, 102.16306305, -2.16094875, -22.22386551, 0.61915469, -0.76103538, 0.16154614, 0.10665561, 0.24277179, -0.05620393, -0.04191509, 99.97500610, 112.98746490, 32.48999786, 0.00000000
1, 33.6800, 3582, -0.39102685, -0.95032644, 0.32728425, 19.19399452, -61.73730850, 61.87919617, -17.42180634, 8.91552162, -68.89797974, 102.27436829, -2.39837384, -22.59089279, 0.61836147, -0.76082885, 0.16535665, 0.10689203, 0.34937990, -0.02663626, -0.11785577, 99.97500610, 112.98746490, 32.48999786, 0.00000000
1, 33.6850, 3583, -0.49285659, -0.97592187, 0.36981773, 16.47329521, -52.49059296, 57.29702759, -17.42180634, 8.91552162, -68.89797974, 102.37134552, -2.62255907, -22.90833664, 0.61769557, -0.76061440, 0.16875039, 0.10696383, 0.44714099, -0.00057141, -0.15900680, 99.97500610, 112.98746490, 32.48999786, 0.00000000
1, 33.7200, 3584, -0.38549373, -1.02601969, 0.45084345, 6.10982990, 36.51847458, 29.65101242, -18.41566849, 10.05553913, -68.92721558, 102.82217407, -4.12460423, -23.15258980, 0.61628979, -0.76074100, 0.17874135, 0.09752806, 0.31324401, 0.05266923, -0.23218943, 99.97500610, 112.98746490, 32.48999786, 0.00000000
1, 33.7250, 3585, -0.29566860, -1.00684547, 0.42930132, 4.49529743, 43.16440582, 27.90210342, -18.41566849, 10.05553913, -68.92721558, 102.83174133, -4.30819845, -22.97232819, 0.61659211, -0.76082873, 0.17852183, 0.09530982, 0.22027197, 0.03380328, -0.21024482, 99.97500610, 112.98746490, 32.48999786, 0.00000000
1, 33.7300, 3586, -0.20318633, -1.00286865, 0.40161785, 4.28614044, 48.35404968, 26.38101196, -19.23414230, 10.14323330, -68.78105927, 102.83760071, -4.49011850, -22.76498222, 0.61693215, -0.76094007, 0.17811014, 0.09296171, 0.12468623, 0.03013273, -0.18226758, 99.97500610, 112.98746490, 32.48999786, 0.00000000
1, 33.7350, 3587, -0.13002332, -1.00181353, 0.38791186, 3.64628601, 51.05313873, 25.43697357, -19.23414230, 10.14323330, -68.78105927, 102.83844757, -4.67043352, -22.54334641, 0.61730695, -0.76104784, 0.17759070, 0.09055393, 0.04841311, 0.02935249, -0.16839197, 99.97500610, 112.98746490, 32.48999786, 0.00000000
1, 33.7400, 3588, -0.07434491, -0.99825025, 0.37097210, 2.17302752, 52.16821671, 24.88641930, -19.73107338, 10.20169544, -69.07337189, 102.88175964, -4.83927059, -22.31829834, 0.61738110, -0.76140398, 0.17702048, 0.08813810, -0.01025522, 0.02613817, -0.15102401, 99.97500610, 112.98746490, 32.48999786, 0.00000000
1, 33.7450, 3589, -0.04431972, -0.98195016, 0.35886440, 0.65209436, 51.39630127, 24.57191467, -19.73107338, 10.20169544, -69.07337189, 102.86607361, -5.01593208, -22.09403229, 0.61784697, -0.76142961, 0.17645063, 0.08576382, -0.04324618, 0.01015279, -0.13867480, 99.97500610, 112.98746490, 32.48999786, 0.00000000
1, 33.7500, 3590, -0.02570713, -0.96088541, 0.31633335, 0.28256330, 49.39476395, 23.65260696, -19.73107338, 10.20169544, -69.07337189, 102.84860229, -5.18583441, -21.87842941, 0.61830264, -0.76144004, 0.17590180, 0.08348311, -0.06474099, -0.01065205, -0.09641787, 99.97500610, 112.98746490, 32.48999786, 0.00000000
1, 33.7550, 3591, -0.02362847, -0.95595467, 0.28744820, 0.71237504, 46.06910706, 23.04208374, -19.40952873, 10.40631390, -68.86875153, 102.83409119, -5.34901714, -21.67833710, 0.61871302, -0.76145065, 0.17542325, 0.08132564, -0.06962261, -0.01534090, -0.06784952, 99.97500610, 112.98746490, 32.48999786, 0.00000000
1, 33.7600, 3592, -0.03675586, -0.95193374, 0.24213299, 1.38508499, 40.33854294, 22.58145905, -19.40952873, 10.40631390, -68.86875153, 102.82498169, -5.50359821, -21.50572205, 0.61905271, -0.76145899, 0.17508601, 0.07936521, -0.05909310, -0.01907641, -0.02278440, 99.97500610, 112.98746490, 32.48999786, 0.00000000
1, 33.7650, 3593, -0.05267511, -0.94902492, 0.21600074, 1.57433558, 36.40891266, 22.38022804, -20.31569672, 9.93861389, -68.89797974, 102.81821442, -5.65282917, -21.35206795, 0.61935312, -0.76145750, 0.17484830, 0.07753894, -0.04572511, -0.02172294, 0.00313350, 99.97500610, 112.98746490, 32.48999786, 0.00000000
1, 33.8200, 3594, -0.20535539, -1.03036249, 0.24429466, 5.87162209, 54.87612915, 23.67705536, -21.51417732, 10.20169544, -68.10874176, 102.82666016, -7.37447500, -19.65620995, 0.62185323, -0.76175314, 0.17266983, 0.05670920, 0.07715567, 0.06288494, -0.02629909, 99.97500610, 112.98746490, 32.48999786, 0.00000000
1, 33.8250, 3595, -0.17003191, -1.02920151, 0.24201430, 6.17742205, 58.99007034, 23.63101387, -21.51417732, 10.20169544, -68.10874176, 102.82354736, -7.55465031, -19.39229393, 0.62214655, -0.76188827, 0.17186464, 0.05406187, 0.03873566, 0.06211239, -0.02405981, 99.97500610, 112.98746490, 32.48999786, 0.00000000
1, 33.8300, 3596, -0.12715080, -1.01283979, 0.24766405, 5.51967335, 63.31100082, 23.32175064, -21.77725792, 9.99707699, -68.37181854, 102.81342316, -7.73805523, -19.10664558, 0.62248814, -0.76201171, 0.17092876, 0.05128396, -0.00731784, 0.04612104, -0.02980676, 99.97500610, 112.98746490, 32.48999786, 0.00000000
1, 33.8350, 3597, -0.07286413, -0.98352599, 0.23834614, 4.87616396, 66.51136780, 23.26601791, -21.77725792, 9.99707699, -68.37181854, 102.79699707, -7.92464781, -18.80501175, 0.62286925, -0.76211840, 0.16990097, 0.04840559, -0.06479037, 0.01719239, -0.02065876, 99.97500610, 112.98746490, 32.48999786, 0.00000000
1, 33.8400, 3598, -0.02791956, -0.95866585, 0.22077012, 5.10542965, 68.27547455, 23.86598206, -22.56650162, 10.69862556, -68.07950592, 102.77980804, -8.07612133, -18.49487305, 0.62322116, -0.76227862, 0.16863127, 0.04571857, -0.11263438, -0.00730438, -0.00331552, 99.97500610, 112.98746490, 32.48999786, 0.00000000
1, 33.8450, 3599, 0.00227133, -0.94572675, 0.21928664, 5.81868219, 68.29743958, 24.66362572, -22.56650162, 10.69862556, -68.07950592, 102.76523590, -8.27131271, -18.18561935, 0.62357426, -0.76239043, 0.16759995, 0.04273489, -0.14583510, -0.01987822, -0.00208473, 99.97500610, 112.98746490, 32.48999786, 0.00000000
1, 33.8500, 3600, 0.02688068, -0.93777573, 0.21802652, 5.55669069, 66.54196167, 25.15089989, -22.71265602, 10.49400711, -67.75796509, 102.74963379, -8.46688175, -17.88536453, 0.62391794, -0.76248080, 0.16663061, 0.03979769, -0.17382118, -0.02740273, -0.00111439, 99.97500610, 112.98746490, 32.48999786, 0.00000000
1, 33.8550, 3601, 0.05203880, -0.93103468, 0.21431080, 5.07172394, 62.68905258, 25.87143898, -22.71265602, 10.49400711, -67.75796509, 102.73352814, -8.66166401, -17.60469818, 0.62424499, -0.76253897, 0.16578783, 0.03697195, -0.20233408, -0.03370827, 0.00229076, 99.97500610, 112.98746490, 32.48999786, 0.00000000
1, 33.8600, 3602, 0.06832090, -0.93030667, 0.18450589, 4.99564505, 57.53418350, 27.29183578, -22.71265602, 10.49400711, -67.75796509, 102.72018433, -8.85767174, -17.35085106, 0.62453449, -0.76257014, 0.16513146, 0.03427893, -0.22191556, -0.03393791, 0.03178084, 99.97500610, 112.98746490, 32.48999786, 0.00000000
1, 33.8650, 3603, 0.06576238, -0.93784964, 0.17628573, 5.79158211, 54.00239944, 29.61612129, -23.73575020, 10.37708282, -67.81642914, 102.71308136, -9.06111336, -17.11685562, 0.62477052, -0.76259547, 0.16464877, 0.03163381, -0.22281530, -0.02588055, 0.03972466, 99.97500610, 112.98746490, 32.48999786, 0.00000000
1, 33.9150, 3604, -0.22601587, -0.98076189, 0.23040146, 2.99487591, 34.51797867, 39.38749313, -24.93422890, 10.31861973, -67.49488068, 102.65635681, -11.21562958, -15.74691296, 0.62645710, -0.76131195, 0.16692270, 0.00961363, 0.03192280, 0.02313356, -0.01757095, 99.97500610, 112.98746490, 32.48999786, 0.00000000
1, 33.9200, 3605, -0.25685382, -0.97982812, 0.23592804, 3.11796856, 36.05666733, 39.17722702, -24.93422890, 10.31861973, -67.49488068, 102.64571381, -11.44599247, -15.61087418, 0.62662804, -0.76112813, 0.16723549, 0.00732125, 0.05880380, 0.02291951, -0.02351534, 99.97500610, 112.98746490, 32.48999786, 0.00000000
1, 33.9250, 3606, -0.27877465, -0.99147773, 0.25271779, 3.49907732, 39.76021194, 38.84002686, -25.46039200, 10.34785175, -67.23180389, 102.63262177, -11.67869473, -15.45584869, 0.62680972, -0.76095402, 0.16743474, 0.00491250, 0.07671517, 0.03528289, -0.04076326, 99.97500610, 112.98746490, 32.48999786, 0.00000000
1, 33.9300, 3607, -0.28849435, -0.99881470, 0.26748738, 3.33159733, 41.81683731, 38.71591949, -25.46039200, 10.34785175, -67.23180389, 102.61590576, -11.91299248, -15.29022884, 0.62700826, -0.76077211, 0.16757247, 0.00244005, 0.08239955, 0.04334801, -0.05601075, 99.97500610, 112.98746490, 32.48999786, 0.00000000
1, 33.9350, 3608, -0.29310966, -1.00014997, 0.27525166, 2.84112096, 44.11427689, 38.60165787, -25.46039200, 10.34785175, -67.23180389, 102.59357452, -12.14916992, -15.11280155, 0.62723607, -0.76057291, 0.16764238, -0.00010180, 0.08297372, 0.04542540, -0.06432083, 99.97500610, 112.98746490, 32.48999786, 0.00000000
1, 33.9400, 3609, -0.29912981, -0.99926329, 0.27613953, 2.24709582, 46.13396072, 38.41199493, -25.57731628, 10.23092651, -67.17333984, 102.58416748, -12.40841675, -14.92838764, 0.62737554, -0.76042026, 0.16778846, -0.00285763, 0.08475894, 0.04536692, -0.06571198, 99.97500610, 112.98746490, 32.48999786, 0.00000000
1, 33.9450, 3610, -0.29988727, -0.99748707, 0.27526599, 2.00105524, 48.75273132, 38.05693054, -25.57731628, 10.23092651, -67.17333984, 102.55088806, -12.64683533, -14.72667122, 0.62765640, -0.76019067, 0.16771121, -0.00553204, 0.08127414, 0.04442354, -0.06541807, 99.97500610, 112.98746490, 32.48999786, 0.00000000
1, 33.9500, 3611, -0.29352087, -0.99622655, 0.27618116, 1.85961103, 51.57796860, 37.84564972, -26.30809593, 10.11400127, -67.55334473, 102.51282501, -12.88714314, -14.51022816, 0.62795788, -0.75995249, 0.16754815, -0.00829324, 0.07082191, 0.04392418, -0.06712732, 99.97500610, 112.98746490, 32.48999786, 0.00000000
1, 33.9550, 3612, -0.29288417, -1.00844800, 0.27417541, 1.46179223, 54.96376801, 37.40563202, -26.30809593, 10.11400127, -67.55334473, 102.46787262, -13.12878704, -14.27596569, 0.62829250, -0.75969923, 0.16727652, -0.01115139, 0.06608646, 0.05691061, -0.06606333, 99.97500610, 112.98746490, 32.48999786, 0.00000000
1, 33.9600, 3613, -0.25642806, -1.02761281, 0.29548356, 1.57347727, 57.50607681, 37.46480560, -26.30809593, 10.11400127, -67.55334473, 102.41947937, -13.37324715, -14.02855682, 0.62863648, -0.75944066, 0.16693535, -0.01409611, 0.02543717, 0.07681268, -0.08831539, 99.97500610, 112.98746490, 32.48999786, 0.00000000
1, 33.9850, 3614, 0.04267515, -1.02335501, 0.20018202, 0.57608801, 58.61209106, 41.85034180, -27.41888237, 10.49400711, -67.02718353, 102.13565826, -14.64731121, -12.73631573, 0.63042647, -0.75789857, 0.16518752, -0.02941760, -0.29491714, 0.07691310, 0.00195470, 99.97500610, 112.98746490, 32.48999786, 0.00000000
1, 33.9900, 3615, 0.10701167, -1.00130725, 0.12526344, -0.89551258, 54.39450836, 44.36240387, -27.97427559, 9.23706532, -67.17333984, 102.03915405, -14.80443859, -12.50065994, 0.63100815, -0.75747657, 0.16448985, -0.03163905, -0.36266610, 0.05562983, 0.07556652, 99.97500610, 112.98746490, 32.48999786, 0.00000000
1, 33.9950, 3616, 0.15311797, -0.98587024, 0.07633416, -0.76019055, 49.69800186, 47.08796310, -27.97427559, 9.23706532, -67.17333984, 101.98402405, -15.08613110, -12.29933548, 0.63131893, -0.75704944, 0.16467325, -0.03457375, -0.41238472, 0.04098419, 0.12320092, 99.97500610, 112.98746490, 32.48999786, 0.00000000
1, 34.0000, 3617, 0.20368877, -0.97898686, 0.08760251, -1.16290903, 45.53700638, 50.53418732, -28.67582512, 9.99707699, -66.96871948, 101.93230438, -15.38022900, -12.12224007, 0.63160205, -0.75658613, 0.16508427, -0.03746314, -0.46788183, 0.03519677, 0.11092646, 99.97500610, 112.98746490, 32.48999786, 0.00000000
1, 34.0050, 3618, 0.26041964, -0.97360182, 0.11048413, -0.51493692, 39.87758255, 54.38698578, -28.67582512, 9.99707699, -66.96871948, 101.89164734, -15.68723583, -11.97747612, 0.63181090, -0.75611585, 0.16577600, -0.04027674, -0.52978164, 0.03100562, 0.08718386, 99.97500610, 112.98746490, 32.48999786, 0.00000000
1, 34.0100, 3619, 0.26019612, -0.97421515, 0.05902071, -0.16284937, 32.19722366, 58.16033936, -28.67582512, 9.99707699, -66.96871948, 101.86370087, -16.00478745, -11.87539577, 0.63194019, -0.75563520, 0.16680218, -0.04294373, -0.53472120, 0.03305778, 0.13782671, 99.97500610, 112.98746490, 32.48999786, 0.00000000
1, 34.0150, 3620, 0.21368459, -0.96391559, -0.05294167, 0.43618497, 24.59787369, 61.54690170, -29.26045036, 10.28938866, -66.99795532, 101.84994507, -16.33111954, -11.81534672, 0.63198251, -0.75515449, 0.16814719, -0.04545809, -0.49336952, 0.02441599, 0.24907970, 99.97500610, 112.98746490, 32.48999786, 0.00000000
1, 34.0200, 3621, 0.14448951, -0.96143997, -0.12373751, 1.51080120, 18.84866142, 64.93646240, -29.26045036, 10.28938866, -66.99795532, 101.85057068, -16.66817665, -11.78809738, 0.63193494, -0.75468349, 0.16975886, -0.04788449, -0.42958888, 0.02365882, 0.31932348, 99.97500610, 112.98746490, 32.48999786, 0.00000000
1, 34.0250, 3622, 0.11307645, -0.98045516, -0.10566513, 3.04917502, 16.01948166, 68.74023438, -30.37123680, 9.23706532, -67.11487579, 101.86414337, -17.02095413, -11.77936840, 0.63180184, -0.75422609, 0.17156895, -0.05033381, -0.40404850, 0.04439766, 0.30095196, 99.97500610, 112.98746490, 32.48999786, 0.00000000
1, 34.0300, 3623, 0.12077790, -1.04405212, -0.04261970, 3.28744769, 12.32960415, 74.57306671, -30.37123680, 9.23706532, -67.11487579, 101.88639832, -17.39850235, -11.79587555, 0.63161361, -0.75373238, 0.17367025, -0.05282431, -0.41807592, 0.10981896, 0.23775600, 99.97500610, 112.98746490, 32.48999786, 0.00000000
1, 34.0900, 3624, 0.06310790, -1.21309257, 0.27435541, 6.67741013, 25.23842621, 109.99494934, -33.41128159, 11.19555664, -66.55948639, 102.19284058, -22.99338722, -12.36381435, 0.62853557, -0.74467665, 0.20656185, -0.08793207, -0.45273030, 0.31212893, -0.08175486, 99.97500610, 112.98746490, 32.48999786, 0.00000000
1, 34.0950, 3625, 0.10773092, -1.25473869, 0.26937431, 7.42228174, 26.36245918, 114.25357056, -33.41128159, 11.19555664, -66.55948639, 102.22749329, -23.57950974, -12.35402679, 0.62807816, -0.74374706, 0.20951180, -0.09199471, -0.50606596, 0.35755199, -0.07697079, 99.97500610, 112.98746490, 32.48999786, 0.00000000
1, 34.1000, 3626, 0.13630693, -1.28743839, 0.26195049, 7.15769625, 25.32022095, 116.96616364, -34.58053207, 11.45863724, -66.91026306, 102.26444244, -24.17778969, -12.35329151, 0.62759179, -0.74276990, 0.21257372, -0.09609324, -0.54413545, 0.39447230, -0.06985174, 99.97500610, 112.98746490, 32.48999786, 0.00000000
1, 34.1050, 3627, 0.16032068, -1.31973410, 0.24361537, 6.44074345, 23.56517792, 120.19331360, -34.58053207, 11.45863724, -66.91026306, 102.30346680, -24.79002380, -12.36616802, 0.62708104, -0.74172986, 0.21578543, -0.10021435, -0.57778215, 0.43120509, -0.05184181, 99.97500610, 112.98746490, 32.48999786, 0.00000000
1, 34.1100, 3628, 0.18324618, -1.34449399, 0.22239576, 5.19202900, 21.76056671, 123.84667206, -34.58053207, 11.45863724, -66.91026306, 102.34260559, -25.41818810, -12.39357853, 0.62655902, -0.74060750, 0.21916379, -0.10436274, -0.61053014, 0.46062052, -0.03097857, 99.97500610, 112.98746490, 32.48999786, 0.00000000
1, 34.1150, 3629, 0.20627668, -1.36734617, 0.20273225, 4.23566675, 19.29795647, 127.44557190, -35.28208160, 11.60479355, -67.02718353, 102.38521576, -26.06130409, -12.43924046, 0.62600827, -0.73941320, 0.22272329, -0.10851794, -0.64357823, 0.48835164, -0.01168973, 99.97500610, 112.98746490, 32.48999786, 0.00000000
1, 34.1200, 3630, 0.22859643, -1.37817299, 0.19296783, 3.60470867, 16.41798401, 131.13552856, -35.28208160, 11.60479355, -67.02718353, 102.43446350, -26.71935654, -12.50582409, 0.62541193, -0.73815548, 0.22647628, -0.11267191, -0.67611885, 0.50428426, -0.00224271, 99.97500610, 112.98746490, 32.48999786, 0.00000000
1, 34.1250, 3631, 0.24880134, -1.38398981, 0.18616469, 2.93421316, 13.91559219, 135.04533386, -36.12978745, 11.66325665, -67.72873688, 102.48997498, -27.39378166, -12.59190178, 0.62477154, -0.73682815, 0.23041900, -0.11684194, -0.70673943, 0.51545858, 0.00427704, 99.97500610, 112.98746490, 32.48999786, 0.00000000
1, 34.1300, 3632, 0.27264386, -1.38912976, 0.19041875, 2.99807501, 12.36886120, 138.58297729, -36.12978745, 11.66325665, -67.72873688, 102.55335236, -28.08372688, -12.69214058, 0.62407279, -0.73544848, 0.23450884, -0.12105541, -0.74120694, 0.52620822, -0.00019551, 99.97500610, 112.98746490, 32.48999786, 0.00000000
1, 34.1350, 3633, 0.28017983, -1.40305710, 0.20135614, 3.15878606, 11.65682602, 142.20939636, -36.12978745, 11.66325665, -67.72873688, 102.62341309, -28.79049683, -12.80235672, 0.62331855, -0.73401231, 0.23872454, -0.12534219, -0.75957018, 0.54601258, -0.01137842, 99.97500610, 112.98746490, 32.48999786, 0.00000000
1, 34.1700, 3634, 0.25055817, -1.64766252, 0.33930278, 13.07128334, 94.10298920, 164.86935425, -39.28675842, 12.48173046, -66.85179901, 102.65846252, -34.35188293, -12.46949863, 0.61848658, -0.72147834, 0.26443914, -0.16436368, -0.81236565, 0.83950037, -0.15948495, 99.97500610, 112.98746490, 32.48999786, 0.00000000
1, 34.1750, 3635, 0.50160092, -1.74917650, 0.36878169, 18.39248848, 118.74475098, 164.68789673, -41.04063034, 12.62788677, -66.96871948, 102.47277832, -35.28389359, -11.97987938, 0.61806506, -0.71920550, 0.26625884, -0.17275831, -1.07681799, 0.94940841, -0.19289139, 99.97500610, 112.98746490, 32.48999786, 0.00000000
1, 34.1800, 3636, 0.71774882, -1.80172527, 0.41131231, 19.55985260, 138.91825867, 160.49194336, -41.04063034, 12.62788677, -66.96871948, 102.20635223, -36.21519852, -11.35320282, 0.61782157, -0.71680176, 0.26737154, -0.18167073, -1.30631328, 1.01037478, -0.24038202, 99.97500610, 112.98746490, 32.48999786, 0.00000000
1, 34.1850, 3637, 0.74388468, -1.75986314, 0.41582134, 12.83771324, 146.38729858, 154.51623535, -42.82373428, 13.41712952, -67.75796509, 101.85823059, -37.12233734, -10.65965939, 0.61786956, -0.71416521, 0.26812655, -0.19056122, -1.34530938, 0.97680771, -0.25128132, 99.97500610, 112.98746490, 32.48999786, 0.00000000
1, 34.1900, 3638, 0.69049251, -1.67089009, 0.20666635, 6.24869108, 145.62028503, 147.78172302, -42.82373428, 13.41712952, -67.75796509, 101.44950104, -37.94972610, -9.94232178, 0.61820745, -0.71145898, 0.26849815, -0.19888331, -1.30330300, 0.89595342, -0.04930066, 99.97500610, 112.98746490, 32.48999786, 0.00000000
1, 34.1950, 3639, 0.59013867, -1.55576527, -0.17804067, 7.17225885, 141.76506042, 143.26150513, -42.82373428, 13.41712952, -67.75796509, 101.04619598, -38.78951645, -9.23198891, 0.61837250, -0.70872682, 0.26903120, -0.20722938, -1.21331751, 0.78907621, 0.32805428, 99.97500610, 112.98746490, 32.48999786, 0.00000000
1, 34.2000, 3640, 0.41187963, -1.50067949, -0.32403600, 16.07895470, 140.17448425, 141.60298157, -43.87606049, 11.83864307, -67.93334961, 100.67456818, -39.61580276, -8.51409054, 0.61821115, -0.70621461, 0.26945451, -0.21556953, -1.04593301, 0.74219239, 0.46696061, 99.97500610, 112.98746490, 32.48999786, 0.00000000
1, 34.2050, 3641, 0.21158409, -1.45059812, -0.10527690, 36.99701691, 145.21415710, 139.38873291, -43.87606049, 11.83864307, -67.93334961, 100.36738586, -40.43217087, -7.74615622, 0.61743814, -0.70419067, 0.26945397, -0.22423260, -0.85717010, 0.69995487, 0.24181795, 99.97500610, 112.98746490, 32.48999786, 0.00000000
1, 34.2100, 3642, 0.09159850, -1.40831554, 0.16099168, 42.21787643, 147.80192566, 135.00242615, -45.27915955, 14.32329750, -68.07950592, 100.05383301, -41.22598648, -6.94123459, 0.61652929, -0.70227748, 0.26917642, -0.23289965, -0.74844515, 0.66544926, -0.03034297, 99.97500610, 112.98746490, 32.48999786, 0.00000000
1, 34.2150, 3643, -0.04342823, -1.37643528, 0.46045351, 38.44099045, 153.11375427, 129.98941040, -45.27915955, 14.32329750, -68.07950592, 99.67540741, -41.99602509, -6.07961893, 0.61580044, -0.70021117, 0.26862031, -0.24153134, -0.62430847, 0.64108706, -0.33622649, 99.97500610, 112.98746490, 32.48999786, 0.00000000
1, 34.2650, 3644, -0.58140987, -1.45968187, 0.26789212, -15.70268440, 112.06793976, 127.07137299, -51.09616852, 17.74334908, -69.89184570, 92.95973969, -49.65319824, 3.65388727, 0.61494595, -0.66700065, 0.26800054, -0.32423347, -0.17956482, 0.81064677, -0.23628372, 99.97500610, 112.98746490, 32.48999786, 0.00000000
1, 34.2700, 3645, -0.49503583, -1.37385547, 0.39328983, -21.05949974, 91.17157745, 117.70317841, -51.09616852, 17.74334908, -69.89184570, 92.34532166, -50.26176071, 4.32086945, 0.61494136, -0.66376156, 0.26925978, -0.32979834, -0.27324772, 0.73253471, -0.36886021, 99.97500610, 112.98746490, 32.48999786, 0.00000000
1, 34.2750, 3646, -0.42419532, -1.30660009, 0.45683515, -22.19826317, 75.27123260, 112.15097046, -52.20695496, 17.62642479, -70.68108368, 91.80225372, -50.83547211, 4.88228655, 0.61483854, -0.66075927, 0.27079189, -0.33472770, -0.35072404, 0.67275941, -0.43864369, 99.97500610, 112.98746490, 32.48999786, 0.00000000
1, 34.2800, 3647, -0.42437246, -1.21346939, 0.39726558, -27.67365837, 61.17311478, 102.49064636, -52.20695496, 17.62642479, -70.68108368, 91.30247498, -51.35589218, 5.34834003, 0.61484855, -0.65790778, 0.27249706, -0.33891612, -0.35628191, 0.58681345, -0.38472885, 99.97500610, 112.98746490, 32.48999786, 0.00000000
1, 34.2850, 3648, -0.48403975, -1.08408713, 0.27920026, -30.78368378, 54.15908813, 91.67212677, -52.96696854, 18.00643158, -70.91493988, 90.81799316, -51.81914520, 5.77165079, 0.61500877, -0.65518737, 0.27412006, -0.34256685, -0.30150372, 0.46402189, -0.27201796, 99.97500610, 112.98746490, 32.48999786, 0.00000000
1, 34.2900, 3649, -0.56633288, -0.88758719, 0.19503792, -30.27752113, 51.48456955, 82.76879883, -52.96696854, 18.00643158, -70.91493988, 90.39756775, -52.17820740, 6.14184189, 0.61522824, -0.65294582, 0.27529821, -0.34549519, -0.22330093, 0.27308187, -0.19267696, 99.97500610, 112.98746490, 32.48999786, 0.00000000
1, 34.2950, 3650, -0.57087439, -0.64437914, 0.17751445, -23.57857704, 45.74184036, 74.76505280, -52.96696854, 18.00643158, -70.91493988, 89.98480988, -52.55271149, 6.51535988, 0.61531401, -0.65072346, 0.27654698, -0.34852472, -0.22251546, 0.03479671, -0.17911202, 99.97500610, 112.98746490, 32.48999786, 0.00000000
1, 34.3000, 3651, -0.46532598, -0.45619422, 0.21770513, -13.83144379, 34.85087204, 66.10906982, -54.04852295, 18.47413063, -71.06109619, 89.68563080, -52.88264847, 6.80551386, 0.61511540, -0.64902395, 0.27769101, -0.35112494, -0.33178014, -0.14871290, -0.22221690, 99.97500610, 112.98746490, 32.48999786, 0.00000000
1, 34.3450, 3652, -0.18252257, -0.14639471, 0.05184615, -28.35532570, -87.89820099, -26.82109261, -54.22391129, 19.20491028, -71.38263702, 90.33601379, -53.51914597, 4.69820356, 0.61590773, -0.64570582, 0.29121673, -0.34483978, -0.62205160, -0.44771293, -0.05030834, 99.97500610, 112.98746490, 32.48999786, 0.00000000
1, 34.3500, 3653, -0.17179884, -0.06737136, 0.00702632, -24.23337936, -105.14790344, -39.62309265, -52.79158020, 18.44489861, -70.59339142, 90.92024231, -53.31645584, 3.81916213, 0.61584115, -0.64712751, 0.29329702, -0.34050354, -0.63074273, -0.52920496, 0.00041036, 99.97500610, 112.98746490, 32.48999786, 0.00000000
1, 34.3550, 3654, -0.16440240, -0.01098870, -0.01344644, -20.08810616, -124.75523376, -54.33934021, -52.79158020, 18.44489861, -70.59339142, 91.64453888, -53.03215027, 2.78804493, 0.61560661, -0.64911962, 0.29541987, -0.33526036, -0.63533896, -0.58909208, 0.02826114, 99.97500610, 112.98746490, 32.48999786, 0.00000000
1, 34.3600, 3655, -0.15467289, 0.02776270, 0.00411555, -16.34374046, -146.74397278, -70.12376404, -52.32388306, 18.15258598, -70.33031464, 92.51361084, -52.65653610, 1.59403658, 0.61518723, -0.65170801, 0.29762074, -0.32900357, -0.64140534, -0.63248777, 0.01970227, 99.97500610, 112.98746490, 32.48999786, 0.00000000
1, 34.3650, 3656, -0.14275962, 0.04755924, 0.05172882, -12.30827332, -169.19184875, -85.53726196, -52.32388306, 18.15258598, -70.33031464, 93.52064514, -52.18641663, 0.24440692, 0.61454654, -0.65488720, 0.29991207, -0.32172698, -0.64869595, -0.65803766, -0.01722358, 99.97500610, 112.98746490, 32.48999786, 0.00000000
1, 34.3700, 3657, -0.13413128, 0.04278342, 0.08386202, -7.36117363, -187.40455627, -100.02016449, -52.32388306, 18.15258598, -70.33031464, 94.63082886, -51.62260818, -1.21448076, 0.61368173, -0.65859282, 0.30218735, -0.31358120, -0.65170646, -0.65983617, -0.03738284, 99.97500610, 112.98746490, 32.48999786, 0.00000000
1, 34.3750, 3658, -0.13628954, 0.01300194, 0.13691829, -0.59635550, -207.39605713, -121.05326843, -51.00847626, 16.60333252, -69.59953308, 95.84677124, -50.92676163, -2.77867889, 0.61258781, -0.66296482, 0.30427289, -0.30435479, -0.64236033, -0.63815475, -0.07658540, 99.97500610, 112.98746490, 32.48999786, 0.00000000
1, 34.3800, 3659, -0.15652999, -0.02768962, 0.17851932, 1.85015190, -212.63616943, -134.14358521, -51.00847626, 16.60333252, -69.59953308, 97.04772949, -50.14245224, -4.32432938, 0.61145759, -0.66756874, 0.30605331, -0.29462340, -0.61379623, -0.60634577, -0.10392797, 99.97500610, 112.98746490, 32.48999786, 0.00000000
1, 34.3850, 3660, -0.18007092, -0.05549295, 0.20386350, 2.73436332, -211.96061707, -146.09152222, -49.13768005, 16.74948883, -69.13182831, 98.18630981, -49.27944183, -5.80124044, 0.61038947, -0.67226452, 0.30741930, -0.28456745, -0.58083582, -0.58810210, -0.11504956, 99.97500610, 112.98746490, 32.48999786, 0.00000000
1, 34.3900, 3661, -0.21411473, -0.08907573, 0.22736622, 3.50045633, -207.19741821, -157.13433838, -49.13768005, 16.74948883, -69.13182831, 99.28696442, -48.35437012, -7.21276760, 0.60920340, -0.67712837, 0.30841038, -0.27431995, -0.53641760, -0.56459755, -0.12449481, 99.97500610, 112.98746490, 32.48999786, 0.00000000
1, 34.4200, 3662, -0.42416647, -0.47041029, 0.34072414, -14.79231834, -146.12654114, -203.60751343, -45.45454407, 16.48640823, -67.93334961, 103.27735138, -41.86688614, -12.89385796, 0.60744613, -0.70282954, 0.30256566, -0.21329315, -0.24784878, -0.25187328, -0.17336133, 99.97500610, 112.98746490, 32.48999786, 0.00000000
1, 34.4250, 3663, -0.44989219, -0.49649283, 0.29558328, -22.48924828, -138.36129761, -213.59471130, -43.11604691, 13.68021011, -66.85179901, 103.53729248, -40.66857529, -13.46241474, 0.60826814, -0.70628279, 0.29989618, -0.20306873, -0.20647794, -0.23827237, -0.12158334, 99.97500610, 112.98746490, 32.48999786, 0.00000000
1, 34.4300, 3664, -0.46050590, -0.49773088, 0.22069372, -31.27334976, -120.24552917, -224.19773865, -43.11604691, 13.68021011, -66.85179901, 103.64978027, -39.43858337, -13.88436985, 0.60961628, -0.70939302, 0.29645953, -0.19298011, -0.17944971, -0.24983719, -0.04149715, 99.97500610, 112.98746490, 32.48999786, 0.00000000
1, 34.4350, 3665, -0.46055222, -0.48245913, 0.17337129, -37.06330490, -108.20138550, -233.26599121, -41.15755463, 15.66793346, -66.64717865, 103.66474152, -38.17833710, -14.20835781, 0.61129892, -0.71227497, 0.29243338, -0.18292277, -0.16232157, -0.27831393, 0.00961625, 99.97500610, 112.98746490, 32.48999786, 0.00000000
1, 34.4400, 3666, -0.45097604, -0.46256056, 0.15198661, -42.50339127, -95.69905090, -242.43290710, -41.15755463, 15.66793346, -66.64717865, 103.59386444, -36.89582062, -14.44026661, 0.61327076, -0.71493423, 0.28784057, -0.17296232, -0.15422280, -0.31165415, 0.03359782, 99.97500610, 112.98746490, 32.48999786, 0.00000000
1, 34.4450, 3667, -0.42931521, -0.43954039, 0.13736674, -46.75796890, -84.19407654, -251.70881653, -41.15755463, 15.66793346, -66.64717865, 103.44307709, -35.57448578, -14.58581734, 0.61554092, -0.71741402, 0.28259805, -0.16298781, -0.15748918, -0.34831417, 0.04971614, 99.97500610, 112.98746490, 32.48999786, 0.00000000
1, 34.4500, 3668, -0.40326074, -0.42406973, 0.13005467, -49.52673340, -74.91136932, -260.74118042, -39.05290985, 13.82636642, -66.82256317, 103.23831940, -34.22025299, -14.66627407, 0.61798990, -0.71976268, 0.27680358, -0.15300317, -0.16433701, -0.37759221, 0.05758394, 99.97500610, 112.98746490, 32.48999786, 0.00000000
1, 34.4550, 3669, -0.37391073, -0.42242357, 0.12525226, -51.20149612, -67.75502777, -269.31231689, -39.05290985, 13.82636642, -66.82256317, 102.99674225, -32.83261490, -14.69836235, 0.62054425, -0.72201473, 0.27051747, -0.14296828, -0.17368700, -0.39306283, 0.06223069, 99.97500610, 112.98746490, 32.48999786, 0.00000000
1, 34.4600, 3670, -0.40390167, -0.43196255, 0.09503215, -52.32313538, -62.10404587, -277.36560059, -37.41595840, 14.55714703, -66.85179901, 102.72949219, -31.41210556, -14.69418335, 0.62315494, -0.72418356, 0.26378989, -0.13285708, -0.12282874, -0.39723247, 0.09157017, 99.97500610, 112.98746490, 32.48999786, 0.00000000
1, 34.4650, 3671, -0.44929260, -0.47186920, 0.05235521, -52.66500473, -56.23640442, -285.45861816, -37.41595840, 14.55714703, -66.85179901, 102.44246674, -29.95843887, -14.65459728, 0.62579006, -0.72628403, 0.25660652, -0.12268475, -0.05571736, -0.37087524, 0.13279873, 99.97500610, 112.98746490, 32.48999786, 0.00000000
1, 34.5200, 3672, -0.42082408, -1.01855516, 0.11925139, -48.08934402, -33.59612656, -320.30981445, -26.39579010, 11.72171879, -68.95644379, 99.16324615, -13.12939072, -13.64468861, 0.64989197, -0.74217772, 0.16344573, -0.00990780, 0.18652588, 0.05872853, 0.03393653, 99.97500610, 112.98746490, 32.48999786, 0.00000000
1, 34.5250, 3673, -0.41517791, -1.06454337, 0.11826134, -42.77400208, -35.97821426, -325.13122559, -26.39579010, 11.72171879, -68.95644379, 98.92889404, -11.49610519, -13.56779194, 0.65111613, -0.74319810, 0.15396029, 0.00080113, 0.20857894, 0.09789332, 0.03178189, 99.97500610, 112.98746490, 32.48999786, 0.00000000
1, 34.5300, 3674, -0.38842779, -1.10512149, 0.12386941, -37.22537613, -39.80725479, -329.07876587, -26.39579010, 11.72171879, -68.95644379, 98.72865295, -9.84005928, -13.51385403, 0.65199834, -0.74424654, 0.14442359, 0.01170950, 0.21008028, 0.13244030, 0.02348596, 99.97500610, 112.98746490, 32.48999786, 0.00000000
1, 34.5350, 3675, -0.31734303, -1.21002114, 0.14907576, -27.10567093, -45.25823975, -333.47369385, -23.96959877, 12.48173046, -68.75182343, 98.58507538, -8.15795898, -13.48928452, 0.65237594, -0.74544781, 0.13487390, 0.02285497, 0.16776580, 0.23215204, -0.00373528, 99.97500610, 112.98746490, 32.48999786, 0.00000000
1, 34.5400, 3676, -0.28930056, -1.27853096, 0.15655631, -18.11936569, -51.00783920, -337.44064331, -23.96959877, 12.48173046, -68.75182343, 98.48899078, -6.45746326, -13.49397182, 0.65229499, -0.74674225, 0.12536827, 0.03420770, 0.16903487, 0.29643428, -0.01250711, 99.97500610, 112.98746490, 32.48999786, 0.00000000
1, 34.5450, 3677, -0.25771657, -1.41562831, 0.15677458, -8.54065418, -56.24615479, -343.64636230, -21.89418221, 12.94942951, -69.42414093, 98.44476318, -4.71674204, -13.52222347, 0.65170217, -0.74818289, 0.11576450, 0.04588334, 0.16749483, 0.43026209, -0.01332224, 99.97500610, 112.98746490, 32.48999786, 0.00000000
1, 34.5500, 3678, -0.25833321, -1.54997337, 0.16213472, -3.00677657, -53.66263199, -350.66558838, -21.89418221, 12.94942951, -69.42414093, 98.42619324, -2.94311476, -13.53341484, 0.65077448, -0.74964547, 0.10584155, 0.05763625, 0.19881222, 0.56226808, -0.01898667, 99.97500610, 112.98746490, 32.48999786, 0.00000000
1, 34.5550, 3679, -0.25875920, -1.64117086, 0.19489476, -2.11700988, -49.69454193, -358.99490356, -21.89418221, 12.94942951, -69.42414093, 98.41067505, -1.13115156, -13.51935196, 0.64965659, -0.75099742, 0.09550934, 0.06947795, 0.23058788, 0.65202725, -0.05193329, 99.97500610, 112.98746490, 32.48999786, 0.00000000
1, 34.5600, 3680, -0.26565084, -1.67658889, 0.20351028, -10.42278957, -46.27561951, -363.67993164, -19.58491707, 12.97866154, -69.48260498, 98.35395813, 0.70143449, -13.48609066, 0.64864695, -0.75195354, 0.08487758, 0.08135689, 0.26937258, 0.68694949, -0.06133068, 99.97500610, 112.98746490, 32.48999786, 0.00000000
1, 34.5650, 3681, -0.27699387, -1.69217050, 0.20196347, -19.07276917, -43.35992050, -366.37460327, -19.58491707, 12.97866154, -69.48260498, 98.25538635, 2.54520988, -13.43901348, 0.64775532, -0.75249076, 0.07402329, 0.09322748, 0.31283236, 0.70295161, -0.06148456, 99.97500610, 112.98746490, 32.48999786, 0.00000000
1, 34.5950, 3682, -0.95382130, -1.97951877, 0.47538617, -32.21222305, -7.04900742, -341.08572388, -13.06635475, 14.99561501, -70.38877106, 97.35750580, 13.53238106, -12.78848648, 0.64174849, -0.74981272, 0.00574879, 0.16095576, 1.17960119, 1.01293993, -0.35583043, 99.97500610, 112.98746490, 32.48999786, 0.00000000
1, 34.6000, 3683, -0.95035374, -1.96819532, 0.59897447, -34.11766815, 18.47010994, -313.46301270, -13.06635475, 14.99561501, -70.38877106, 97.25681305, 15.07524681, -12.49078083, 0.64063120, -0.74897063, -0.00525326, 0.16913648, 1.20259404, 1.00776649, -0.48192903, 99.97500610, 112.98746490, 32.48999786, 0.00000000
1, 34.6050, 3684, -0.86423713, -1.83007205, 0.38425809, -48.14066315, 45.47486877, -288.24450684, -13.06635475, 14.99561501, -70.38877106, 97.12678528, 16.47671890, -12.07124996, 0.64003599, -0.74780995, -0.01628956, 0.17569561, 1.14114642, 0.87633133, -0.26968148, 99.97500610, 112.98746490, 32.48999786, 0.00000000
1, 34.6100, 3685, -0.64596009, -1.64473045, 0.10625745, -46.52128220, 56.98493576, -269.30795288, -11.60479355, 17.21718788, -70.27185059, 97.02841187, 17.77805710, -11.60413933, 0.63942361, -0.74667871, -0.02701515, 0.18132450, 0.94569468, 0.69784552, 0.00651855, 99.97500610, 112.98746490, 32.48999786, 0.00000000
1, 34.6150, 3686, -0.46173519, -1.57105947, -0.01134622, -38.10349274, 41.84737015, -249.34053040, -11.60479355, 17.21718788, -70.27185059, 96.95339203, 18.99010658, -11.22757721, 0.63862520, -0.74558496, -0.03659831, 0.18687312, 0.78224069, 0.63084310, 0.12261818, 99.97500610, 112.98746490, 32.48999786, 0.00000000
1, 34.6200, 3687, -0.52864093, -1.42384434, -0.02540153, -30.08154297, 9.39942741, -229.57031250, -10.81555080, 17.97719955, -69.95030975, 96.86483765, 20.12386513, -11.03362083, 0.63770550, -0.74439847, -0.04456393, 0.19291642, 0.86816531, 0.49006677, 0.13454664, 99.97500610, 112.98746490, 32.48999786, 0.00000000
1, 34.6250, 3688, -0.79776025, -1.22684181, 0.15105580, -17.98377800, -16.63766479, -212.78376770, -10.81555080, 17.97719955, -69.95030975, 96.78803253, 21.18995285, -10.98871136, 0.63652205, -0.74329370, -0.05115367, 0.19934255, 1.15456367, 0.29915148, -0.04436972, 99.97500610, 112.98746490, 32.48999786, 0.00000000
1, 34.6300, 3689, -1.06718123, -1.10670233, 0.40496203, -7.88323402, -15.95456505, -196.87722778, -10.81555080, 17.97719955, -69.95030975, 96.76023102, 22.17683983, -10.95080471, 0.63509393, -0.74245286, -0.05715574, 0.20531124, 1.43972909, 0.18489626, -0.30018955, 99.97500610, 112.98746490, 32.48999786, 0.00000000
1, 34.6350, 3690, -1.19445312, -1.03032315, 0.63378125, -2.17802930, 7.48969078, -178.82992554, -10.08477020, 18.47413063, -69.97953796, 96.80616760, 23.06051445, -10.79769993, 0.63353842, -0.74197692, -0.06317000, 0.21002121, 1.58113956, 0.11420760, -0.52948827, 99.97500610, 112.98746490, 32.48999786, 0.00000000
1, 34.6400, 3691, -1.18827891, -0.92604280, 0.77730381, -1.05931985, 40.48498535, -156.88616943, -10.08477020, 18.47413063, -69.97953796, 96.95703125, 23.75511169, -10.46426868, 0.63195282, -0.74206620, -0.06905677, 0.21261381, 1.58676732, 0.01509413, -0.67156792, 99.97500610, 112.98746490, 32.48999786, 0.00000000
1, 34.6850, 3692, -0.61487842, -1.23642397, 0.08374591, 26.91023445, 47.34658813, 127.96569824, -9.90938282, 19.73107338, -68.48874664, 99.13110352, 22.90987396, -7.46634531, 0.62446809, -0.75279081, -0.07996114, 0.19222890, 1.00673103, 0.32789463, 0.05795769, 99.97500610, 112.98746490, 32.48999786, 0.00000000
1, 34.6900, 3693, -0.66175878, -1.36722624, -0.05919566, 21.34502983, 44.32040405, 147.69879150, -9.90938282, 19.73107338, -68.48874664, 99.26404572, 22.08558273, -7.36361408, 0.62501860, -0.75421649, -0.07578479, 0.18645659, 1.04154813, 0.45419860, 0.20382562, 99.97500610, 112.98746490, 32.48999786, 0.00000000
1, 34.6950, 3694, -0.47903320, -1.48541236, -0.09761437, 17.12416267, 41.01595688, 163.51734924, -10.93247604, 18.97106171, -68.83952332, 99.38005829, 21.24590874, -7.28687096, 0.62561733, -0.75555015, -0.07138830, 0.18069471, 0.84511244, 0.56727350, 0.24523240, 99.97500610, 112.98746490, 32.48999786, 0.00000000
1, 34.7000, 3695, 0.15664385, -1.61315155, -0.05176002, 12.98126507, 44.14154053, 171.18080139, -10.93247604, 18.97106171, -68.83952332, 99.47705841, 20.36569595, -7.20241070, 0.62636739, -0.75677651, -0.06685311, 0.17459686, 0.19510163, 0.68981570, 0.20327160, 99.97500610, 112.98746490, 32.48999786, 0.00000000
1, 34.7050, 3696, 0.80749732, -1.71482742, -0.10700720, -2.52389550, 53.69626617, 162.21191406, -10.93247604, 18.97106171, -68.83952332, 99.51448059, 19.52164841, -7.06159258, 0.62749773, -0.75758141, -0.06298864, 0.16837296, -0.46960652, 0.78665197, 0.26164293, 99.97500610, 112.98746490, 32.48999786, 0.00000000
1, 34.7100, 3697, 1.66455996, -1.83451164, -0.50541353, -32.33522415, 117.15315247, 128.38577271, -11.42940617, 17.21718788, -68.34259033, 99.51828003, 18.79206848, -6.56131554, 0.62915927, -0.75789541, -0.06219469, 0.16088888, -1.33828592, 0.90265995, 0.66295427, 99.97500610, 112.98746490, 32.48999786, 0.00000000
1, 34.7150, 3698, 2.12652349, -1.77602816, -0.86770451, -52.94591522, 161.85510254, 98.51718903, -11.42940617, 17.21718788, -68.34259033, 99.49446106, 18.17311668, -5.80464697, 0.63113105, -0.75782388, -0.06375643, 0.15268174, -1.81001568, 0.84116685, 1.02677083, 99.97500610, 112.98746490, 32.48999786, 0.00000000
1, 34.7200, 3699, 2.34956360, -1.65590179, -0.93008763, -49.54355621, 139.09384155, 84.33110809, -13.00789261, 18.06489372, -67.58258057, 99.44746399, 17.64312935, -5.15582323, 0.63291776, -0.75760728, -0.06513216, 0.14561677, -2.04205585, 0.71809340, 1.08976269, 99.97500610, 112.98746490, 32.48999786, 0.00000000
1, 34.7250, 3700, 2.20650029, -1.62526309, -0.89341193, -33.97118378, 36.49287796, 83.47499084, -13.00789261, 18.06489372, -67.58258057, 99.31429291, 17.20126152, -5.03773260, 0.63445282, -0.75713974, -0.06359668, 0.14200208, -1.90679097, 0.68469799, 1.05140901, 99.97500610, 112.98746490, 32.48999786, 0.00000000
1, 34.7300, 3701, 1.69823766, -1.56697464, -0.81671429, -19.98137474, -74.06960297, 93.10513306, -13.00789261, 18.06489372, -67.58258057, 99.08142090, 16.79986954, -5.49715710, 0.63587821, -0.75638467, -0.05858989, 0.14180449, -1.40551162, 0.62365872, 0.97042406, 99.97500610, 112.98746490, 32.48999786, 0.00000000
1, 34.7550, 3702, -1.38064373, -1.12178290, 0.03241175, 54.05986786, -229.68632507, 168.93322754, -12.65711784, 16.48640823, -68.75182343, 98.00051117, 14.09768009, -11.77273846, 0.63816613, -0.75331545, -0.00326844, 0.15890029, 1.62707412, 0.16203749, 0.09727157, 99.97500610, 112.98746490, 32.48999786, 0.00000000
1, 34.7600, 3703, -1.47312915, -1.14569402, 0.47271380, 61.48961639, -195.79063416, 174.37858582, -12.51096153, 15.55100822, -68.37181854, 98.04379272, 13.36989117, -12.89454460, 0.63732481, -0.75365710, 0.00834188, 0.16046396, 1.70626831, 0.18230110, -0.34241474, 99.97500610, 112.98746490, 32.48999786, 0.00000000
1, 34.7650, 3704, -1.14035237, -1.15714216, 0.87923968, 52.08956909, -117.21603394, 180.05158997, -12.51096153, 15.55100822, -68.37181854, 98.14386749, 12.56058693, -13.61861610, 0.63678712, -0.75419784, 0.01788360, 0.15927382, 1.35911536, 0.19019693, -0.74623561, 99.97500610, 112.98746490, 32.48999786, 0.00000000
1, 34.7700, 3705, -0.92886925, -1.14372480, 1.05661225, 45.49843597, -95.36535645, 181.60273743, -13.41712952, 16.04793930, -68.92721558, 98.24444580, 11.72937679, -14.23230362, 0.63643682, -0.75464010, 0.02682118, 0.15731293, 1.13308334, 0.17367586, -0.92091501, 99.97500610, 112.98746490, 32.48999786, 0.00000000
1, 34.7750, 3706, -0.85813886, -1.11389685, 1.14164972, 40.02294922, -90.04103088, 179.83642578, -13.41712952, 16.04793930, -68.92721558, 98.33200836, 10.90405655, -14.81738853, 0.63620830, -0.75490719, 0.03551308, 0.15521933, 1.04797101, 0.14107421, -1.00376213, 99.97500610, 112.98746490, 32.48999786, 0.00000000
1, 34.7800, 3707, -0.79507613, -1.07385647, 1.21598053, 32.43486404, -92.99392700, 175.30584717, -13.94329166, 15.58023930, -69.04413605, 98.38770294, 10.10390282, -15.41349983, 0.63614506, -0.75489104, 0.04408455, 0.15334801, 0.97088444, 0.09848449, -1.07638955, 99.97500610, 112.98746490, 32.48999786, 0.00000000
1, 34.7850, 3708, -0.70933908, -0.97466576, 1.22841418, 27.93182755, -95.72251129, 168.32275391, -13.94329166, 15.58023930, -69.04413605, 98.42752075, 9.34068298, -16.01737022, 0.63613099, -0.75468820, 0.05246888, 0.15175712, 0.87181616, -0.00292518, -1.08741570, 99.97500610, 112.98746490, 32.48999786, 0.00000000
1, 34.7900, 3709, -0.57234430, -0.84263289, 1.13429439, 32.39129639, -99.44715881, 156.68008423, -13.94329166, 15.58023930, -69.04413605, 98.54808807, 8.60285378, -16.62097549, 0.63555700, -0.75484169, 0.06080580, 0.15028028, 0.72236478, -0.13661036, -0.99097723, 99.97500610, 112.98746490, 32.48999786, 0.00000000
1, 34.7950, 3710, -0.46734279, -0.73698390, 0.96030146, 36.83605194, -104.53406525, 146.65260315, -14.20637226, 15.52177715, -68.95644379, 98.64315033, 7.95536327, -17.25279999, 0.63499647, -0.75477600, 0.06877261, 0.14954256, 0.60610771, -0.24339674, -0.81432050, 99.97500610, 112.98746490, 32.48999786, 0.00000000
1, 34.8000, 3711, -0.51629871, -0.73377430, 0.64744061, 40.27501678, -96.39250183, 139.51203918, -14.20637226, 15.52177715, -68.95644379, 98.76821136, 7.33828783, -17.83888817, 0.63426292, -0.75483316, 0.07629648, 0.14871594, 0.64505374, -0.24725157, -0.49936566, 99.97500610, 112.98746490, 32.48999786, 0.00000000
1, 34.8300, 3712, -0.93877578, -0.77220690, 0.28754401, 15.26366138, 31.98743057, 66.68695831, -14.93715286, 13.82636642, -69.51184082, 99.43937683, 4.57298851, -18.37823105, 0.63286209, -0.75661945, 0.09626870, 0.13321002, 1.01931000, -0.21152550, -0.12806277, 99.97500610, 112.98746490, 32.48999786, 0.00000000
1, 34.8350, 3713, -0.89818364, -0.89358294, 0.13526727, 19.93171310, 36.32982254, 63.01551056, -14.93715286, 13.82636642, -69.51184082, 99.54966736, 4.23272419, -18.25005341, 0.63271409, -0.75711763, 0.09745553, 0.13018502, 0.97311467, -0.09006805, 0.02596159, 99.97500610, 112.98746490, 32.48999786, 0.00000000
1, 34.8400, 3714, -0.80509371, -1.05370879, 0.08786990, 24.20946503, 46.54790497, 59.66433334, -14.93715286, 13.82636642, -69.51184082, 99.67265320, 3.79884744, -18.07147217, 0.63264173, -0.75766426, 0.09884033, 0.12625304, 0.87344980, 0.07001986, 0.07553371, 99.97500610, 112.98746490, 32.48999786, 0.00000000
1, 34.8450, 3715, -0.61450750, -1.18205488, 0.07285434, 23.93202209, 60.24455643, 57.78604126, -15.90178299, 14.20637226, -69.30722046, 99.80878448, 3.46380687, -17.82238770, 0.63241923, -0.75840724, 0.09921187, 0.12256278, 0.67619759, 0.19834197, 0.09313806, 99.97500610, 112.98746490, 32.48999786, 0.00000000
1, 34.8500, 3716, -0.33360466, -1.25181365, 0.00105301, 23.37277985, 64.88327026, 55.87069702, -15.90178299, 14.20637226, -69.30722046, 99.94202423, 3.13368988, -17.54963684, 0.63221562, -0.75915653, 0.09938724, 0.11877277, 0.38968882, 0.26827881, 0.16787109, 99.97500610, 112.98746490, 32.48999786, 0.00000000
1, 34.8550, 3717, -0.05941643, -1.29596770, -0.05952781, 24.29934692, 58.58068848, 54.65711212, -16.10640144, 15.02484608, -68.92721558, 100.07676697, 2.81435227, -17.30778885, 0.63193882, -0.75989336, 0.09970005, 0.11521921, 0.11003751, 0.31264263, 0.23141843, 99.97500610, 112.98746490, 32.48999786, 0.00000000
1, 34.8600, 3718, 0.16520467, -1.34378266, -0.03272540, 24.62594414, 51.88981628, 53.44190979, -16.10640144, 15.02484608, -68.92721558, 100.21025085, 2.50626802, -17.09867668, 0.63160831, -0.76060104, 0.10015789, 0.11191793, -0.12006749, 0.36056989, 0.20744972, 99.97500610, 112.98746490, 32.48999786, 0.00000000
1, 34.8650, 3719, 0.32576820, -1.34896147, 0.09809733, 20.50443840, 48.14012527, 51.44207764, -16.10640144, 15.02484608, -68.92721558, 100.32131195, 2.21084261, -16.90698051, 0.63138163, -0.76117700, 0.10063204, 0.10881264, -0.28617156, 0.36568275, 0.07908870, 99.97500610, 112.98746490, 32.48999786, 0.00000000
1, 34.8700, 3720, 0.51994061, -1.23492897, 0.26470184, 13.21147251, 41.57994080, 47.83827972, -16.63256264, 14.26483440, -68.51797485, 100.39383698, 1.93858576, -16.74489594, 0.63134593, -0.76152939, 0.10113288, 0.10605495, -0.48562062, 0.25145522, -0.08540205, 99.97500610, 112.98746490, 32.48999786, 0.00000000
1, 34.8750, 3721, 0.53915936, -1.14690065, 0.28211489, 9.47876835, 26.45808792, 46.68410873, -16.63256264, 14.26483440, -68.51797485, 100.44464874, 1.68535972, -16.65653229, 0.63135779, -0.76170880, 0.10199508, 0.10384651, -0.50939786, 0.16343260, -0.10161855, 99.97500610, 112.98746490, 32.48999786, 0.00000000
1, 34.9000, 3722, -0.03519681, -0.89022017, 0.22233175, 14.04152393, -34.58884811, 53.58346939, -17.56796265, 14.49868488, -68.40105438, 100.71157837, 0.58554113, -17.42500114, 0.63005221, -0.76161951, 0.11341599, 0.10053276, 0.04587011, -0.09271301, -0.03831335, 99.97500610, 112.98746490, 32.48999786, 0.00000000
1, 34.9050, 3723, -0.12016046, -0.90667379, 0.26128513, 13.11894321, -32.09531403, 52.39277267, -17.83104324, 14.55714703, -68.92721558, 100.77611542, 0.35789576, -17.63110542, 0.62968111, -0.76158106, 0.11609550, 0.10008961, 0.12673865, -0.07614702, -0.07637618, 99.97500610, 112.98746490, 32.48999786, 0.00000000
1, 34.9100, 3724, -0.20810060, -0.92589474, 0.28306314, 12.89434814, -31.56735420, 50.62054825, -17.83104324, 14.55714703, -68.92721558, 100.84034729, 0.13871789, -17.83321381, 0.62930787, -0.76154208, 0.11869968, 0.09967825, 0.21076079, -0.05677257, -0.09730233, 99.97500610, 112.98746490, 32.48999786, 0.00000000
1, 34.9150, 3725, -0.28219387, -0.94889462, 0.30630001, 12.84222794, -30.61759949, 48.75103760, -17.83104324, 14.55714703, -68.92721558, 100.90505219, -0.07195096, -18.02915955, 0.62892896, -0.76151013, 0.12121475, 0.09928637, 0.28108197, -0.03360315, -0.11964887, 99.97500610, 112.98746490, 32.48999786, 0.00000000
1, 34.9200, 3726, -0.33350259, -0.96891332, 0.32690874, 12.42324638, -25.86735916, 46.59120178, -17.88950539, 14.46945286, -68.40105438, 100.96823120, -0.27627203, -18.19998360, 0.62857628, -0.76149368, 0.12352496, 0.09879786, 0.32875019, -0.01340078, -0.13933086, 99.97500610, 112.98746490, 32.48999786, 0.00000000
1, 34.9250, 3727, -0.38549599, -0.99636114, 0.33795694, 12.55638218, -16.88568687, 43.92930984, -17.88950539, 14.46945286, -68.40105438, 101.03237152, -0.47582209, -18.32440948, 0.62825280, -0.76153010, 0.12549989, 0.09808329, 0.37720978, 0.01426006, -0.14946681, 99.97500610, 112.98746490, 32.48999786, 0.00000000
1, 34.9300, 3728, -0.40408334, -1.01572490, 0.34613925, 12.56300259, -3.65524673, 39.79294968, -17.83104324, 14.32329750, -67.64103699, 101.09624481, -0.66751856, -18.38019562, 0.62798142, -0.76164281, 0.12697370, 0.09704294, 0.39240387, 0.03385495, -0.15663475, 99.97500610, 112.98746490, 32.48999786, 0.00000000
1, 34.9350, 3729, -0.39804056, -1.02842963, 0.35370398, 11.17988300, 7.00396633, 36.34909058, -17.83104324, 14.32329750, -67.64103699, 101.15260315, -0.85247070, -18.38056946, 0.62779891, -0.76177931, 0.12803440, 0.09575073, 0.38307935, 0.04678494, -0.16320617, 99.97500610, 112.98746490, 32.48999786, 0.00000000
1, 34.9750, 3730, -0.07809976, -0.96669698, 0.30764356, 0.85346353, 37.51790237, 23.81792831, -18.73721123, 14.17714119, -67.87489319, 101.38977051, -2.32966518, -17.34245110, 0.62845188, -0.76283944, 0.12936489, 0.07993170, 0.03734612, -0.01332874, -0.11208674, 99.97500610, 112.98746490, 32.48999786, 0.00000000
1, 34.9800, 3731, -0.06626257, -0.95292246, 0.27434546, 1.01392686, 35.95777893, 23.56838417, -19.29260445, 13.68021011, -67.87489319, 101.38870239, -2.48042727, -17.18909454, 0.62870020, -0.76286042, 0.12916382, 0.07808279, 0.02295232, -0.02694724, -0.07878547, 99.97500610, 112.98746490, 32.48999786, 0.00000000
1, 34.9850, 3732, -0.06139692, -0.94632554, 0.24809618, 1.30973160, 34.95753479, 23.26035881, -19.29260445, 13.68021011, -67.87489319, 101.38890076, -2.62869287, -17.04031372, 0.62892991, -0.76288509, 0.12898044, 0.07627366, 0.01555921, -0.03338927, -0.05253434, 99.97500610, 112.98746490, 32.48999786, 0.00000000
1, 34.9900, 3733, -0.05943568, -0.94673967, 0.22882497, 1.77029288, 32.07970810, 22.87043381, -19.29260445, 13.68021011, -67.87489319, 101.41211700, -2.77933788, -16.90558815, 0.62899470, -0.76301754, 0.12891847, 0.07449927, 0.01105792, -0.03278288, -0.03307244, 99.97500610, 112.98746490, 32.48999786, 0.00000000
1, 34.9950, 3734, -0.06286937, -0.94788575, 0.20980005, 1.75283563, 30.48736191, 22.44712830, -19.00029182, 11.89710617, -68.51797485, 101.41481018, -2.91929078, -16.77798271, 0.62917805, -0.76303929, 0.12883195, 0.07285817, 0.01202032, -0.03143973, -0.01386049, 99.97500610, 112.98746490, 32.48999786, 0.00000000
1, 35.0000, 3735, -0.06989876, -0.95486283, 0.19644240, 1.47837830, 29.55499649, 22.00777054, -19.00029182, 11.89710617, -68.51797485, 101.41603088, -3.05618143, -16.65451241, 0.62936246, -0.76305103, 0.12875527, 0.07126152, 0.01668407, -0.02431354, -0.00052740, 99.97500610, 112.98746490, 32.48999786, 0.00000000
1, 35.0050, 3736, -0.07870317, -0.96036577, 0.18415248, 1.23561156, 28.96853638, 21.68141365, -18.59105492, 13.73867321, -68.13796997, 101.41590118, -3.19090223, -16.53358459, 0.62954891, -0.76305425, 0.12868282, 0.06969446, 0.02316331, -0.01866566, 0.01170726, 99.97500610, 112.98746490, 32.48999786, 0.00000000
1, 35.0100, 3737, -0.08962701, -0.96137726, 0.18350026, 1.06585538, 28.24180984, 21.42088890, -18.59105492, 13.73867321, -68.13796997, 101.41477966, -3.32363415, -16.41596031, 0.62973487, -0.76304990, 0.12862092, 0.06815959, 0.03176874, -0.01752727, 0.01229265, 99.97500610, 112.98746490, 32.48999786, 0.00000000
1, 35.0150, 3738, -0.09828541, -0.96063876, 0.17941269, 0.92653543, 27.99687767, 21.41682243, -18.59105492, 13.73867321, -68.13796997, 101.41278839, -3.45610476, -16.29950905, 0.62992233, -0.76303929, 0.12856488, 0.06663351, 0.03813004, -0.01813317, 0.01630002, 99.97500610, 112.98746490, 32.48999786, 0.00000000
1, 35.0200, 3739, -0.09826185, -0.96111751, 0.17174911, 1.31479621, 28.27549553, 21.55872917, -19.78953552, 14.08944702, -68.51797485, 101.41239929, -3.58953452, -16.18181419, 0.63009739, -0.76303756, 0.12850671, 0.06509200, 0.03580403, -0.01750643, 0.02391910, 99.97500610, 112.98746490, 32.48999786, 0.00000000
1, 35.0550, 3740, -0.14319211, -1.00936162, 0.28690639, 0.77462465, 43.71660233, 22.38932991, -20.63723946, 14.06021595, -68.05027771, 101.40876007, -4.60621309, -15.13815498, 0.63139307, -0.76317334, 0.12708420, 0.05252618, 0.06283462, 0.03177234, -0.09168874, 99.97500610, 112.98746490, 32.48999786, 0.00000000
1, 35.0600, 3741, -0.14577188, -1.01201081, 0.29706779, 0.36445495, 48.14500427, 22.04442596, -20.63723946, 14.06021595, -68.05027771, 101.39328003, -4.76148844, -14.92299175, 0.63169491, -0.76317137, 0.12648882, 0.05031418, 0.06269909, 0.03457125, -0.10214283, 99.97500610, 112.98746490, 32.48999786, 0.00000000
1, 35.0650, 3742, -0.14292172, -1.00533462, 0.30113909, -0.22803387, 52.85946274, 21.32308769, -20.63723946, 14.06021595, -68.05027771, 101.37221527, -4.91778326, -14.68382931, 0.63203746, -0.76316309, 0.12573734, 0.04796831, 0.05712230, 0.02804389, -0.10657902, 99.97500610, 112.98746490, 32.48999786, 0.00000000
1, 35.0700, 3743, -0.13404407, -0.99488008, 0.29512075, -0.53298450, 57.33196259, 20.62737274, -21.30955887, 14.35252857, -67.84565735, 101.34698486, -5.07494402, -14.42184734, 0.63240904, -0.76315451, 0.12483767, 0.04549423, 0.04553211, 0.01774788, -0.10098226, 99.97500610, 112.98746490, 32.48999786, 0.00000000
1, 35.0750, 3744, -0.11232798, -0.98476875, 0.28145996, -0.37038431, 61.38920593, 19.98591232, -21.30955887, 14.35252857, -67.84565735, 101.31998444, -5.23278666, -14.13912678, 0.63279116, -0.76315618, 0.12380385, 0.04290180, 0.02110882, 0.00780832, -0.08775375, 99.97500610, 112.98746490, 32.48999786, 0.00000000
1, 35.0800, 3745, -0.08926360, -0.97971237, 0.26878810, 0.15538357, 64.88599396, 19.60688972, -21.86495209, 14.35252857, -67.67027283, 101.29319000, -5.39203167, -13.83866596, 0.63316882, -0.76317471, 0.12266064, 0.04020046, -0.00468605, 0.00293073, -0.07552586, 99.97500610, 112.98746490, 32.48999786, 0.00000000
1, 35.0850, 3746, -0.06701883, -0.98153436, 0.25616494, 0.73189712, 67.22357178, 19.65526772, -21.86495209, 14.35252857, -67.67027283, 101.26731873, -5.55363321, -13.52657413, 0.63353413, -0.76320601, 0.12145407, 0.03741662, -0.02969305, 0.00494528, -0.06334665, 99.97500610, 112.98746490, 32.48999786, 0.00000000
1, 35.0900, 3747, -0.05209079, -0.98147702, 0.24305643, 1.20664871, 69.30068970, 20.36472702, -22.50803757, 14.35252857, -67.23180389, 101.25806427, -5.70236158, -13.20580482, 0.63377315, -0.76334834, 0.12012552, 0.03465254, -0.04730509, 0.00511054, -0.05055149, 99.97500610, 112.98746490, 32.48999786, 0.00000000
1, 35.0950, 3748, -0.02064134, -0.98558187, 0.23084369, 1.54417539, 70.99030304, 21.20690155, -22.50803757, 14.26483440, -67.23180389, 101.23282623, -5.87502956, -12.87637806, 0.63412082, -0.76338542, 0.11886558, 0.03169519, -0.08153950, 0.00945650, -0.03861055, 99.97500610, 112.98746490, 32.48999786, 0.00000000
1, 35.1000, 3749, 0.00161860, -0.98792565, 0.21966808, 1.36396122, 71.35409546, 21.95396233, -22.50803757, 14.26483440, -67.23180389, 101.20555115, -6.05155802, -12.54569626, 0.63447064, -0.76340604, 0.11761886, 0.02870564, -0.10681540, 0.01203751, -0.02790200, 99.97500610, 112.98746490, 32.48999786, 0.00000000
1, 35.1450, 3750, 0.18236448, -0.99296212, 0.10774604, 2.25336623, 36.98723984, 39.28052139, -23.70651817, 13.68021011, -67.05641174, 100.97518158, -7.77225161, -10.40621758, 0.63690871, -0.76263070, 0.11274564, 0.00549522, -0.31687838, 0.01996737, 0.07977387, 99.97500610, 112.98746490, 32.48999786, 0.00000000
1, 35.1500, 3751, 0.17669334, -0.99003792, 0.13206039, 1.57283795, 32.10940933, 42.01214600, -23.70651817, 13.68021011, -67.05641174, 100.96721649, -8.00880909, -10.28706264, 0.63701957, -0.76247668, 0.11324759, 0.00325029, -0.31531304, 0.01752374, 0.05521138, 99.97500610, 112.98746490, 32.48999786, 0.00000000
1, 35.1550, 3752, 0.15963386, -0.98062682, 0.11286423, 1.01406455, 25.82204819, 44.00758362, -24.55422401, 13.73867321, -66.96871948, 100.96067047, -8.24923420, -10.20089817, 0.63711458, -0.76229250, 0.11399034, 0.00116129, -0.30235755, 0.00869695, 0.07414001, 99.97500610, 112.98746490, 32.48999786, 0.00000000
1, 35.1600, 3753, 0.12959668, -0.96928656, 0.09119771, 1.26469123, 17.56400299, 47.13751221, -24.55422401, 13.73867321, -66.96871948, 100.96144867, -8.49724007, -10.15863800, 0.63715714, -0.76209581, 0.11506656, -0.00074188, -0.27650678, -0.00200211, 0.09561829, 99.97500610, 112.98746490, 32.48999786, 0.00000000
1, 35.1650, 3754, 0.11987933, -0.97121143, 0.10832208, 2.05246520, 14.75820065, 49.68952179, -24.81730461, 13.65097904, -66.73487091, 100.96843719, -8.75511360, -10.13272285, 0.63715607, -0.76190460, 0.11630489, -0.00262687, -0.27124047, 0.00056442, 0.07843455, 99.97500610, 112.98746490, 32.48999786, 0.00000000
1, 35.1700, 3755, 0.11588975, -0.98267472, 0.12772925, 2.34361672, 11.84353733, 52.24525833, -24.81730461, 13.65097904, -66.73487091, 100.97943115, -9.02279568, -10.12376499, 0.63712656, -0.76170486, 0.11770867, -0.00448778, -0.27187473, 0.01272555, 0.05903033, 99.97500610, 112.98746490, 32.48999786, 0.00000000
1, 35.1750, 3756, 0.11431159, -0.99645197, 0.13851742, 2.28824544, 8.12927437, 54.61108398, -24.81730461, 13.65097904, -66.73487091, 100.99344635, -9.29858303, -10.13559055, 0.63707560, -0.76148814, 0.11929373, -0.00629105, -0.27504265, 0.02727073, 0.04829977, 99.97500610, 112.98746490, 32.48999786, 0.00000000
1, 35.1800, 3757, 0.10129122, -1.00848615, 0.12799521, 2.12273121, 4.69336605, 56.94989014, -25.28500366, 13.94329166, -67.29026794, 101.00987244, -9.58259678, -10.16685009, 0.63700777, -0.76125091, 0.12105145, -0.00804450, -0.26685196, 0.04016092, 0.05888501, 99.97500610, 112.98746490, 32.48999786, 0.00000000
1, 35.1850, 3758, 0.07785597, -1.01221526, 0.12125581, 2.12194395, 2.30747700, 59.13637543, -25.28500366, 13.94329166, -67.29026794, 101.02888489, -9.87508106, -10.21220779, 0.63692218, -0.76099837, 0.12294738, -0.00977977, -0.24839501, 0.04479533, 0.06570633, 99.97500610, 112.98746490, 32.48999786, 0.00000000
1, 35.1900, 3759, 0.05291316, -1.01108313, 0.13849092, 2.36318684, 0.48241392, 61.26303482, -25.92809105, 13.62174797, -67.43642426, 101.02685547, -10.06697273, -10.26547432, 0.63696319, -0.76072305, 0.12434779, -0.01077212, -0.22769517, 0.04438630, 0.04842929, 99.97500610, 112.98746490, 32.48999786, 0.00000000
1, 35.1950, 3760, 0.03763775, -1.00839877, 0.16100977, 2.62659574, -0.19697733, 63.55693436, -25.92809105, 13.62174797, -67.43642426, 101.05183411, -10.37875462, -10.32776165, 0.63683790, -0.76045275, 0.12645797, -0.01255035, -0.21684651, 0.04247579, 0.02593207, 99.97500610, 112.98746490, 32.48999786, 0.00000000
1, 35.2300, 3761, 0.07384863, -1.05021322, 0.10763837, 5.11321640, -4.81050444, 81.18676758, -27.06810760, 13.09558582, -66.76410675, 101.31510925, -12.89238548, -10.93123245, 0.63535225, -0.75820804, 0.14404704, -0.02643026, -0.29555476, 0.09377439, 0.08194889, 99.97500610, 112.98746490, 32.48999786, 0.00000000
1, 35.2350, 3762, 0.07950307, -1.06002498, 0.09636962, 5.13240194, -5.74995422, 84.07347870, -27.06810760, 13.09558582, -66.76410675, 101.36745453, -13.29900074, -11.04434586, 0.63503897, -0.75782919, 0.14697671, -0.02860859, -0.30803764, 0.10532822, 0.09376357, 99.97500610, 112.98746490, 32.48999786, 0.00000000
1, 35.2400, 3763, 0.08969616, -1.07203972, 0.08765436, 5.26550055, -7.24956417, 87.12062836, -27.33119011, 13.97252274, -67.46565247, 101.38766479, -13.62261868, -11.16146564, 0.63493657, -0.75736278, 0.14948955, -0.03016583, -0.32446462, 0.11893991, 0.10281224, 99.97500610, 112.98746490, 32.48999786, 0.00000000
1, 35.2450, 3764, 0.09632548, -1.08116460, 0.07852212, 5.47307825, -8.93259525, 90.58309937, -27.33119011, 13.97252274, -67.46565247, 101.44884491, -14.05787849, -11.29814720, 0.63456672, -0.75693542, 0.15271765, -0.03242205, -0.33756712, 0.12977956, 0.11232270, 99.97500610, 112.98746490, 32.48999786, 0.00000000
1, 35.2500, 3765, 0.10665373, -1.09369397, 0.07101115, 6.25363922, -10.92550659, 94.10096741, -27.33119011, 13.97252274, -67.46565247, 101.51856995, -14.50826073, -11.44926929, 0.63414216, -0.75649679, 0.15611343, -0.03471486, -0.35543573, 0.14441884, 0.12057747, 99.97500610, 112.98746490, 32.48999786, 0.00000000
1, 35.2550, 3766, 0.11342756, -1.10525107, 0.08163352, 6.67386293, -12.50638008, 97.73841858, -27.65273285, 13.62174797, -66.73487091, 101.59483337, -14.97469330, -11.61303711, 0.63367569, -0.75603402, 0.15966932, -0.03705862, -0.37004215, 0.15820765, 0.11078592, 99.97500610, 112.98746490, 32.48999786, 0.00000000
1, 35.2600, 3767, 0.12976862, -1.11695349, 0.09732414, 6.73416615, -13.74149799, 101.35364532, -27.65273285, 13.62174797, -66.73487091, 101.67565918, -15.45738220, -11.78786564, 0.63318044, -0.75553542, 0.16337545, -0.03946154, -0.39448810, 0.17228676, 0.09599684, 99.97500610, 112.98746490, 32.48999786, 0.00000000
1, 35.2650, 3768, 0.14540927, -1.12119210, 0.10338474, 6.54313183, -14.55050755, 105.99873352, -28.29582024, 14.14791012, -66.50102234, 101.75978088, -15.96176338, -11.97280407, 0.63266397, -0.75498438, 0.16725373, -0.04196435, -0.41854912, 0.17909542, 0.09086435, 99.97500610, 112.98746490, 32.48999786, 0.00000000
1, 35.2950, 3769, 0.24953012, -1.24678636, 0.15376797, 10.45236015, -13.45418835, 135.94470215, -29.96199989, 13.30020428, -66.58871460, 102.39042664, -19.39128685, -13.24982357, 0.62873471, -0.75084913, 0.19345659, -0.05910102, -0.57922858, 0.32419547, 0.04689646, 99.97500610, 112.98746490, 32.48999786, 0.00000000
1, 35.3000, 3770, 0.27353802, -1.29157102, 0.15869433, 11.15225697, -11.34270096, 141.13879395, -29.96199989, 13.30020428, -66.58871460, 102.52196503, -20.06833267, -13.46913433, 0.62788814, -0.74998760, 0.19835153, -0.06270462, -0.61427295, 0.37325886, 0.04320603, 99.97500610, 112.98746490, 32.48999786, 0.00000000
1, 35.3050, 3771, 0.30138621, -1.33297908, 0.14180626, 12.40266037, -10.58984280, 146.53886414, -30.22508049, 13.85559750, -66.20870972, 102.66407013, -20.77205467, -13.69346809, 0.62696695, -0.74908203, 0.20339103, -0.06648940, -0.65349066, 0.41929790, 0.06140099, 99.97500610, 112.98746490, 32.48999786, 0.00000000
1, 35.3100, 3772, 0.30969280, -1.38297307, 0.16138183, 13.67554951, -8.59939766, 152.63412476, -30.22508049, 13.85559750, -66.20870972, 102.81511688, -21.50714111, -13.91753960, 0.62597686, -0.74811929, 0.20856227, -0.07051466, -0.67369282, 0.47422212, 0.04314230, 99.97500610, 112.98746490, 32.48999786, 0.00000000
1, 35.3150, 3773, 0.30193698, -1.43649030, 0.21082769, 14.24311543, -4.30174017, 158.12736511, -31.39432907, 13.59251690, -65.71177673, 102.96707153, -22.27319717, -14.12882519, 0.62496090, -0.74707478, 0.21378331, -0.07483236, -0.67836428, 0.53298032, -0.00509954, 99.97500610, 112.98746490, 32.48999786, 0.00000000
1, 35.3200, 3774, 0.28415507, -1.51739037, 0.22775112, 15.14569569, -1.66265929, 161.71905518, -31.39432907, 13.59251690, -65.71177673, 103.12386322, -23.05916786, -14.33395100, 0.62389743, -0.74597645, 0.21903567, -0.07933888, -0.67324859, 0.61950433, -0.02093269, 99.97500610, 112.98746490, 32.48999786, 0.00000000
1, 35.3250, 3775, 0.23514712, -1.63042164, 0.20088999, 19.18295860, 4.77224541, 170.86451721, -31.39432907, 13.59251690, -65.71177673, 103.29595947, -23.89638138, -14.51990128, 0.62269890, -0.74483907, 0.22438364, -0.08433826, -0.63735783, 0.73871577, 0.00695141, 99.97500610, 112.98746490, 32.48999786, 0.00000000
1, 35.3300, 3776, 0.18323292, -1.73432374, 0.16492504, 22.39480019, 10.88141823, 175.84149170, -32.06664658, 14.03098488, -66.17948151, 103.47752380, -24.76426888, -14.68355942, 0.62140083, -0.74367499, 0.22970164, -0.08969793, -0.59906399, 0.84930587, 0.04397418, 99.97500610, 112.98746490, 32.48999786, 0.00000000
1, 35.3350, 3777, 0.15338477, -1.87341797, 0.11385431, 27.45390511, 16.83407021, 179.28398132, -32.06664658, 14.03098488, -66.17948151, 103.67681885, -25.65527534, -14.82398987, 0.61994654, -0.74254483, 0.23493506, -0.09538895, -0.58309913, 0.99555194, 0.09620568, 99.97500610, 112.98746490, 32.48999786, 0.00000000
1, 35.3400, 3778, 0.13091923, -2.05937648, 0.06602270, 32.27868652, 24.21053696, 181.36129761, -33.17743301, 14.67407131, -65.85793304, 103.87993622, -26.54808617, -14.92854500, 0.61841738, -0.74144673, 0.23990352, -0.10130709, -0.57459712, 1.18898904, 0.14518452, 99.97500610, 112.98746490, 32.48999786, 0.00000000
1, 35.3650, 3779, 0.30589533, -2.01920891, -0.17540720, 9.67910862, 77.24790955, 176.63883972, -36.07132339, 15.25869656, -65.77024078, 104.15032196, -31.23115349, -14.47055817, 0.61397022, -0.73281556, 0.25980893, -0.13609290, -0.82040226, 1.18832588, 0.38258117, 99.97500610, 112.98746490, 32.48999786, 0.00000000
1, 35.3700, 3780, 0.50349945, -1.90925503, -0.15201280, 13.13290501, 85.74395752, 176.55198669, -36.07132339, 15.25869656, -65.77024078, 104.09326935, -32.19134903, -14.23309803, 0.61344212, -0.73064142, 0.26305369, -0.14371756, -1.03230071, 1.08659720, 0.35698324, 99.97500610, 112.98746490, 32.48999786, 0.00000000
1, 35.3750, 3781, 0.71038282, -1.85560215, -0.00602392, 8.05840778, 104.93811035, 174.65550232, -36.07132339, 15.25869656, -65.77024078, 103.94379425, -33.16515350, -13.87782192, 0.61326128, -0.72817689, 0.26573634, -0.15183291, -1.25388360, 1.04112375, 0.20770466, 99.97500610, 112.98746490, 32.48999786, 0.00000000
1, 35.3800, 3782, 0.73299587, -1.83100700, 0.07578845, -4.14755058, 112.25772858, 165.66145325, -37.50365448, 15.87255192, -65.85793304, 103.69307709, -34.10308456, -13.45915985, 0.61356544, -0.72538418, 0.26799926, -0.15978657, -1.29058135, 1.02449930, 0.12063628, 99.97500610, 112.98746490, 32.48999786, 0.00000000
1, 35.3850, 3783, 0.71080023, -1.75412023, 0.15477486, -21.29243088, 108.76505280, 149.63737488, -37.50365448, 15.87255192, -65.85793304, 103.34410858, -34.95737839, -13.02808571, 0.61443955, -0.72229177, 0.26995063, -0.16698939, -1.28115630, 0.95468974, 0.03502044, 99.97500610, 112.98746490, 32.48999786, 0.00000000
1, 35.3900, 3784, 0.60463375, -1.63082004, 0.19869177, -33.02003479, 99.65597534, 138.84361267, -39.16983414, 16.22332573, -66.17948151, 102.94146729, -35.69929886, -12.62173271, 0.61569506, -0.71913314, 0.27163103, -0.17315802, -1.18625140, 0.83768791, -0.01614645, 99.97500610, 112.98746490, 32.48999786, 0.00000000
1, 35.3950, 3785, 0.46265328, -1.48268855, 0.24066718, -43.85512543, 93.61227417, 129.82907104, -39.16983414, 16.22332573, -66.17948151, 102.49457550, -36.43560028, -12.23240376, 0.61717623, -0.71569771, 0.27350500, -0.17906803, -1.05462396, 0.69534874, -0.06590248, 99.97500610, 112.98746490, 32.48999786, 0.00000000
1, 35.4000, 3786, 0.30756113, -1.32039249, 0.27446184, -53.22534180, 90.58081055, 123.56671143, -39.16983414, 16.22332573, -66.17948151, 101.99631500, -37.13558578, -11.84218693, 0.61893123, -0.71207106, 0.27532545, -0.18459396, -0.90953255, 0.53873658, -0.10803860, 99.97500610, 112.98746490, 32.48999786, 0.00000000
1, 35.4050, 3787, 0.12318087, -1.16368818, 0.26128554, -60.91243744, 87.69196320, 122.15855408, -40.28062057, 13.30020428, -66.61795044, 101.45855713, -37.82300949, -11.45644855, 0.62087059, -0.70824093, 0.27722898, -0.18989122, -0.73468506, 0.38767672, -0.10375471, 99.97500610, 112.98746490, 32.48999786, 0.00000000
1, 35.4100, 3788, -0.04271846, -1.08711064, 0.20266360, -62.88461685, 80.62696075, 124.11841583, -40.28062057, 13.30020428, -66.61795044, 100.92880249, -38.51037216, -11.10544109, 0.62273800, -0.70435715, 0.27938718, -0.19499069, -0.57809854, 0.31699100, -0.05410253, 99.97500610, 112.98746490, 32.48999786, 0.00000000
1, 35.4350, 3789, -0.04329481, -0.97714126, 0.58256292, -65.87891388, -115.75981903, 137.73774719, -41.68371964, 16.25255775, -67.84565735, 100.65496826, -41.51994324, -12.73164558, 0.62351912, -0.69020444, 0.30468863, -0.20495532, -0.61923224, 0.23856774, -0.44681710, 99.97500610, 112.98746490, 32.48999786, 0.00000000
1, 35.4400, 3790, -0.11388403, -0.88802695, 0.58632207, -70.69461823, -170.14060974, 139.23692322, -42.20988083, 16.16486359, -67.81642914, 101.21012878, -42.00253296, -14.05462551, 0.62193632, -0.68820798, 0.31401160, -0.20239002, -0.55534291, 0.15649989, -0.44538355, 99.97500610, 112.98746490, 32.48999786, 0.00000000
1, 35.4450, 3791, -0.19656828, -0.84267044, 0.63627213, -70.99326324, -201.60214233, 138.00010681, -42.20988083, 16.16486359, -67.81642914, 101.87870026, -42.47964096, -15.57439709, 0.62003648, -0.68612951, 0.32423994, -0.19912185, -0.47885013, 0.11810486, -0.48828456, 99.97500610, 112.98746490, 32.48999786, 0.00000000
1, 35.4500, 3792, -0.28353122, -0.82027149, 0.64927316, -72.46727753, -233.05993652, 136.18243408, -41.74217987, 16.16486359, -67.72873688, 102.70179749, -42.89995956, -17.31998253, 0.61766678, -0.68421620, 0.33523536, -0.19481625, -0.39750987, 0.10282046, -0.49268448, 99.97500610, 112.98746490, 32.48999786, 0.00000000
1, 35.4550, 3793, -0.39656466, -0.82290745, 0.60166496, -74.05572510, -260.67959595, 135.50926208, -41.74217987, 16.16486359, -67.72873688, 103.66437531, -43.26569366, -19.26860619, 0.61484623, -0.68239301, 0.34691563, -0.18961422, -0.28919309, 0.11258761, -0.43480366, 99.97500610, 112.98746490, 32.48999786, 0.00000000
1, 35.4600, 3794, -0.51438850, -0.84680843, 0.49515283, -75.60397339, -279.71102905, 135.49597168, -41.74217987, 16.16486359, -67.72873688, 104.72840881, -43.58294678, -21.36382675, 0.61167026, -0.68055922, 0.35905564, -0.18378755, -0.17528334, 0.14367437, -0.31674558, 99.97500610, 112.98746490, 32.48999786, 0.00000000
1, 35.4650, 3795, -0.59842503, -0.89619708, 0.37447819, -79.05443573, -288.70587158, 134.58941650, -40.89447403, 15.78485775, -67.17333984, 105.83594513, -43.85514450, -23.53568459, 0.60834080, -0.67858320, 0.37136516, -0.17757891, -0.09452526, 0.20015872, -0.18381044, 99.97500610, 112.98746490, 32.48999786, 0.00000000
1, 35.4700, 3796, -0.68703455, -0.94234562, 0.29039127, -88.01437378, -284.01641846, 130.43371582, -40.89447403, 15.78485775, -67.17333984, 106.88922119, -44.08430099, -25.68415833, 0.60526156, -0.67626268, 0.38342172, -0.17121673, -0.00872256, 0.25297922, -0.08783907, 99.97500610, 112.98746490, 32.48999786, 0.00000000
1, 35.4750, 3797, -0.78657991, -0.94806075, 0.25756043, -105.60797119, -257.65496826, 121.43635559, -39.57907104, 15.69716454, -67.58258057, 107.73377991, -44.28394699, -27.65136909, 0.60309654, -0.67330337, 0.39457616, -0.16506641, 0.08832726, 0.26447237, -0.04514089, 99.97500610, 112.98746490, 32.48999786, 0.00000000
1, 35.4800, 3798, -0.85082060, -0.89825070, 0.29265499, -126.23863983, -213.70603943, 107.07820129, -39.57907104, 15.69716454, -67.58258057, 108.26028442, -44.46612167, -29.30485535, 0.60230339, -0.66962570, 0.40423894, -0.15944603, 0.15015696, 0.21909605, -0.07376049, 99.97500610, 112.98746490, 32.48999786, 0.00000000
1, 35.5100, 3799, -0.22982563, -0.20155418, 0.46021765, -163.94023132, -55.04769135, 1.52132809, -38.70213318, 12.65711784, -68.78105927, 106.67366791, -44.68847275, -34.06672668, 0.61738145, -0.64288956, 0.43437833, -0.12980248, -0.47482908, -0.47949269, -0.25551069, 99.97500610, 112.98746490, 32.48999786, 0.00000000
1, 35.5150, 3800, -0.13537398, -0.20474790, 0.39891452, -159.19709778, -41.89163971, -13.85874557, -38.38058853, 13.68021011, -69.36568451, 106.05744171, -44.56510925, -34.32281494, 0.62111312, -0.63907516, 0.43602231, -0.12524411, -0.56776291, -0.47961378, -0.20075464, 99.97500610, 112.98746490, 32.48999786, 0.00000000
1, 35.5200, 3801, -0.06159868, -0.26041019, 0.33913115, -157.87944031, -33.45936584, -28.11603165, -38.38058853, 13.68021011, -69.36568451, 105.38927460, -44.38650513, -34.49633789, 0.62501508, -0.63548791, 0.43701094, -0.12055145, -0.63933837, -0.42802918, -0.14818498, 99.97500610, 112.98746490, 32.48999786, 0.00000000
1, 35.5250, 3802, -0.03159143, -0.31543642, 0.29627064, -160.36570740, -33.28643036, -39.19179916, -38.67290115, 13.62174797, -70.18415833, 104.69498444, -44.15618134, -34.65106583, 0.62901521, -0.63200891, 0.43767872, -0.11550727, -0.66652173, -0.37775284, -0.11295180, 99.97500610, 112.98746490, 32.48999786, 0.00000000
1, 35.5300, 3803, -0.05205669, -0.32870537, 0.26612750, -167.63618469, -40.05759811, -48.54947662, -38.67290115, 13.62174797, -70.18415833, 103.98657227, -43.87365723, -34.83870316, 0.63309777, -0.62850553, 0.43828732, -0.10987404, -0.64260274, -0.36981815, -0.09062108, 99.97500610, 112.98746490, 32.48999786, 0.00000000
1, 35.5350, 3804, -0.12188163, -0.30825606, 0.25473496, -175.62686157, -45.97655869, -57.38693619, -38.67290115, 13.62174797, -70.18415833, 103.25773621, -43.54302597, -35.05578995, 0.63728762, -0.62493706, 0.43882796, -0.10367432, -0.56873536, -0.39615425, -0.08728100, 99.97500610, 112.98746490, 32.48999786, 0.00000000
1, 35.5400, 3805, -0.16391653, -0.31173465, 0.22497833, -181.97250366, -46.76007080, -66.26313019, -37.62057877, 12.21864891, -70.56416321, 102.52548218, -43.15351486, -35.28953552, 0.64147413, -0.62148654, 0.43916017, -0.09697358, -0.52191854, -0.39908981, -0.06575663, 99.97500610, 112.98746490, 32.48999786, 0.00000000
1, 35.5450, 3806, -0.18040273, -0.30468866, 0.21563506, -185.65644836, -44.58034897, -77.20571899, -37.62057877, 12.21864891, -70.56416321, 101.72469330, -42.73176575, -35.47808456, 0.64595562, -0.61791801, 0.43910098, -0.09005021, -0.50004983, -0.41312653, -0.06507137, 99.97500610, 112.98746490, 32.48999786, 0.00000000
1, 35.5500, 3807, -0.18901452, -0.30707192, 0.21245746, -193.86573792, -44.88840103, -89.16651917, -37.09441757, 12.10172462, -71.67494965, 100.87703705, -42.25318527, -35.65984344, 0.65064436, -0.61429441, 0.43872419, -0.08261589, -0.48550773, -0.41821492, -0.07134958, 99.97500610, 112.98746490, 32.48999786, 0.00000000
1, 35.5550, 3808, -0.20060188, -0.32370490, 0.21890911, -197.51193237, -51.57077026, -99.47956085, -37.09441757, 12.10172462, -71.67494965, 100.03644562, -41.71998596, -35.88140106, 0.65527892, -0.61072963, 0.43823391, -0.07463180, -0.46721214, -0.40958780, -0.08746557, 99.97500610, 112.98746490, 32.48999786, 0.00000000
1, 35.6100, 3809, 0.00315601, -0.54041994, 0.29522410, -207.31390381, -127.40845490, -196.22392273, -32.24203491, 8.82782841, -76.90733337, 91.62615967, -32.76930237, -41.10847473, 0.69714433, -0.57512474, 0.42563155, 0.04537764, -0.54882669, -0.29812160, -0.26998538, 99.97500610, 112.98746490, 32.48999786, 0.00000000
1, 35.6150, 3810, 0.03691391, -0.57728553, 0.31345704, -208.72161865, -138.90223694, -202.61410522, -29.61122513, 7.39549828, -78.36889648, 91.00461578, -31.74432564, -41.90407944, 0.69934028, -0.57217646, 0.42434525, 0.05889260, -0.56764179, -0.27107185, -0.29716760, 99.97500610, 112.98746490, 32.48999786, 0.00000000
1, 35.6200, 3811, 0.07449750, -0.60531354, 0.32006761, -210.77879333, -152.53123474, -208.80154419, -29.61122513, 7.39549828, -78.36889648, 90.40356445, -30.69496346, -42.78285980, 0.70117646, -0.56912673, 0.42322919, 0.07296222, -0.58971119, -0.25269789, -0.31261185, 99.97500610, 112.98746490, 32.48999786, 0.00000000
1, 35.6250, 3812, 0.06347529, -0.64774549, 0.32296923, -212.00738525, -166.89813232, -214.42121887, -27.47734642, 7.01549244, -79.83045959, 89.82547760, -29.62526512, -43.74754333, 0.70260674, -0.56597185, 0.42231727, 0.08756682, -0.56266773, -0.21972391, -0.32435429, 99.97500610, 112.98746490, 32.48999786, 0.00000000
1, 35.6300, 3813, 0.03125047, -0.68370676, 0.30827025, -213.20013428, -181.10983276, -219.23147583, -27.47734642, 7.01549244, -79.83045959, 89.26615143, -28.54054260, -44.79563522, 0.70362246, -0.56268173, 0.42161995, 0.10267097, -0.51395977, -0.19294071, -0.31841540, 99.97500610, 112.98746490, 32.48999786, 0.00000000
1, 35.6350, 3814, 0.01038688, -0.72590506, 0.29012999, -213.54908752, -194.41807556, -223.64533997, -27.47734642, 7.01549244, -79.83045959, 88.72355652, -27.44390678, -45.92052841, 0.70420837, -0.55926263, 0.42111799, 0.11821795, -0.47623569, -0.15962528, -0.30894262, 99.97500610, 112.98746490, 32.48999786, 0.00000000
1, 35.6400, 3815, -0.01735762, -0.79003870, 0.27121356, -212.65594482, -207.25375366, -226.97712708, -25.28500366, 5.14469433, -80.56124115, 88.21788025, -26.32264709, -47.12511063, 0.70421731, -0.55588049, 0.42078444, 0.13422130, -0.43119645, -0.10411055, -0.29847479, 99.97500610, 112.98746490, 32.48999786, 0.00000000
1, 35.6450, 3816, -0.03506067, -0.85710049, 0.25949562, -211.68438721, -220.55636597, -229.69012451, -25.28500366, 5.14469433, -80.56124115, 87.70912933, -25.21869659, -48.39609528, 0.70387155, -0.55218756, 0.42072237, 0.15048745, -0.39600909, -0.04529476, -0.29508713, 99.97500610, 112.98746490, 32.48999786, 0.00000000
1, 35.6500, 3817, -0.02875808, -0.92341852, 0.26241380, -210.57992554, -235.73454285, -231.11753845, -23.44343758, 6.28471184, -82.43203735, 87.21836090, -24.12112427, -49.74995422, 0.70301086, -0.54829699, 0.42097992, 0.16709927, -0.38491443, 0.01325956, -0.30626923, 99.97500610, 112.98746490, 32.48999786, 0.00000000
1, 35.6550, 3818, -0.01128468, -1.02795744, 0.28197241, -209.06437683, -252.13781738, -230.68655396, -23.44343758, 6.28471184, -82.43203735, 86.74677277, -23.04050636, -51.19157410, 0.70160604, -0.54416102, 0.42163673, 0.18401176, -0.38510519, 0.11049737, -0.33393866, 99.97500610, 112.98746490, 32.48999786, 0.00000000
1, 35.6800, 3819, 0.14590210, -1.37921238, 0.41075203, -207.90777588, -344.53479004, -229.36332703, -19.38029861, 7.27857351, -86.72902679, 84.56347656, -17.95657158, -59.83705521, 0.68576121, -0.51838684, 0.43152156, 0.27348837, -0.45926422, 0.43267989, -0.50084412, 99.97500610, 112.98746490, 32.48999786, 0.00000000
1, 35.6850, 3820, 0.19448054, -1.42573917, 0.45978609, -211.13078308, -366.26174927, -229.41954041, -19.38029861, 7.27857351, -86.72902679, 84.11467743, -17.00154305, -61.86750031, 0.68077266, -0.51186103, 0.43470663, 0.29253578, -0.49197564, 0.47475752, -0.55770051, 99.97500610, 112.98746490, 32.48999786, 0.00000000
1, 35.6900, 3821, 0.22518727, -1.47579992, 0.50886989, -213.53866577, -390.38287354, -228.10604858, -17.48026848, 7.33703566, -88.48290253, 83.67074585, -16.06932831, -64.02285004, 0.67498875, -0.50481641, 0.43839818, 0.31202185, -0.50716960, 0.52083468, -0.61473858, 99.97500610, 112.98746490, 32.48999786, 0.00000000
1, 35.6950, 3822, 0.24712594, -1.51001906, 0.56983799, -215.68441772, -415.29931641, -225.48289490, -17.48026848, 7.33703566, -88.48290253, 83.20283508, -15.19294643, -66.29975891, 0.66857612, -0.49694836, 0.44264325, 0.33183634, -0.51425588, 0.55158293, -0.68383396, 99.97500610, 112.98746490, 32.48999786, 0.00000000
1, 35.7000, 3823, 0.25395566, -1.53468657, 0.65589029, -216.62384033, -437.03457642, -222.90441895, -15.37562084, 7.24934244, -91.37679291, 82.72510529, -14.36097145, -68.68473053, 0.66144699, -0.48842463, 0.44733059, 0.35188740, -0.50708896, 0.57329643, -0.77831608, 99.97500610, 112.98746490, 32.48999786, 0.00000000
1, 35.7050, 3824, 0.24159969, -1.55105531, 0.72011936, -216.67214966, -455.78805542, -219.42497253, -15.37562084, 7.24934244, -91.37679291, 82.23678589, -13.57814789, -71.16165161, 0.65363514, -0.47926873, 0.45238170, 0.37203953, -0.48142615, 0.58724725, -0.85119998, 99.97500610, 112.98746490, 32.48999786, 0.00000000
1, 35.7100, 3825, 0.12945336, -1.58295190, 0.84584510, -212.88456726, -473.08334351, -211.43783569, -15.37562084, 7.24934244, -91.37679291, 81.75452423, -12.86740971, -73.71959686, 0.64514989, -0.46950102, 0.45788869, 0.39203122, -0.35715896, 0.61713004, -0.98581398, 99.97500610, 112.98746490, 32.48999786, 0.00000000
1, 35.7150, 3826, 0.03356304, -1.60054386, 0.92611945, -208.30125427, -482.48248291, -202.71179199, -13.47559166, 7.42472935, -94.38760376, 81.27454376, -12.22786522, -76.31764984, 0.63614517, -0.45924479, 0.46364295, 0.41164148, -0.25025937, 0.63328671, -1.07486916, 99.97500610, 112.98746490, 32.48999786, 0.00000000
1, 35.7200, 3827, -0.12092043, -1.62422621, 1.06034827, -201.36730957, -491.54205322, -191.30856323, -13.47559166, 7.42472935, -94.38760376, 80.81058502, -11.67238808, -78.95174408, 0.62663615, -0.44851288, 0.46972102, 0.43072677, -0.08633590, 0.65589792, -1.21767950, 99.97500610, 112.98746490, 32.48999786, 0.00000000
1, 35.7250, 3828, -0.27276719, -1.70380902, 1.17529821, -193.02142334, -493.64318848, -179.05642700, -12.92019844, 9.09090900, -96.98918152, 80.36524200, -11.19945335, -81.58558655, 0.61677414, -0.43745011, 0.47596994, 0.44908774, 0.07369468, 0.73482668, -1.34102058, 99.97500610, 112.98746490, 32.48999786, 0.00000000
1, 35.7650, 3829, -1.70864093, -0.84930468, 1.46162558, -131.37086487, -453.71527100, -75.38040161, -13.76790428, 11.02016926, -105.96316528, 77.03003693, -10.34549236, -101.43964386, 0.53681755, -0.33804101, 0.52472126, 0.56764686, 1.52612329, -0.11206786, -1.68718362, 99.97500610, 112.98746490, 32.48999786, 0.00000000
1, 35.7700, 3830, -2.05629420, -0.74441457, 1.57358479, -96.80965424, -450.74749756, -52.96571350, -13.76790428, 11.02016926, -105.96316528, 76.96213531, -10.59948540, -103.73260498, 0.52652878, -0.32572621, 0.53200507, 0.57761627, 1.86952400, -0.21602446, -1.80142784, 99.97500610, 112.98746490, 32.48999786, 0.00000000
1, 35.7750, 3831, -2.45020843, -0.70477378, 1.92240798, -64.46694183, -419.01531982, -25.21026230, -14.64484024, 11.86787510, -107.51242065, 77.03299713, -10.95243359, -105.83856964, 0.51701659, -0.31419080, 0.53956705, 0.58553004, 2.25703001, -0.25533655, -2.15040684, 99.97500610, 112.98746490, 32.48999786, 0.00000000
1, 35.7800, 3832, -2.69893622, -0.63858092, 2.16442537, -43.68220520, -381.81408691, 1.28037274, -14.64484024, 11.86787510, -107.51242065, 77.18135071, -11.38840675, -107.73302460, 0.50860757, -0.30335799, 0.54701459, 0.59166497, 2.49803352, -0.32106552, -2.39045095, 99.97500610, 112.98746490, 32.48999786, 0.00000000
1, 35.7850, 3833, -2.67728567, -0.52427745, 2.24358296, -17.99899864, -335.08432007, 27.26977921, -15.60947037, 12.24788094, -108.82782745, 77.42178345, -11.89281559, -109.37017059, 0.50151515, -0.29361117, 0.55429542, 0.59584528, 2.46784711, -0.43465054, -2.46541238, 99.97500610, 112.98746490, 32.48999786, 0.00000000
1, 35.7900, 3834, -2.31088877, -0.38726100, 2.24302268, 17.81154823, -299.40606689, 52.93695068, -15.60947037, 12.24788094, -108.82782745, 77.82233429, -12.48200893, -110.80908203, 0.49539131, -0.28488356, 0.56201619, 0.59796876, 2.09180021, -0.57096028, -2.45735598, 99.97500610, 112.98746490, 32.48999786, 0.00000000
1, 35.7950, 3835, -1.83510244, -0.30534351, 2.40119839, 55.46656418, -270.15771484, 74.29122162, -15.60947037, 12.24788094, -108.82782745, 78.38318634, -13.12565136, -112.08496094, 0.48998791, -0.27718762, 0.57018816, 0.59830117, 1.60481429, -0.65262425, -2.60497761, 99.97500610, 112.98746490, 32.48999786, 0.00000000
1, 35.8000, 3836, -1.37186050, -0.24388471, 2.57018733, 87.83416748, -218.03842163, 84.09484863, -17.33411217, 11.80941200, -110.05553436, 79.05883789, -13.75210094, -113.09864807, 0.48567450, -0.27126750, 0.57812953, 0.59690911, 1.13032389, -0.71405005, -2.76135254, 99.97500610, 112.98746490, 32.48999786, 0.00000000
1, 35.8700, 3837, 0.75897038, -1.89863133, -0.81319892, 43.91091919, -50.32149887, -19.41430283, -16.19409561, 10.55247021, -106.02162933, 84.58173370, -11.70695591, -110.26609802, 0.47698912, -0.32077101, 0.59234703, 0.56454617, -0.96015048, 0.92530763, 0.71837735, 99.97500610, 112.98746490, 32.48999786, 0.00000000
1, 35.8750, 3838, 0.62005979, -1.68316138, -0.62957644, 32.73894501, -79.33795929, -19.01729584, -16.19409561, 8.03858471, -105.81700897, 84.82865143, -11.64908981, -110.67853546, 0.47400934, -0.31998444, 0.59453404, 0.56520301, -0.82064915, 0.70891690, 0.53905392, 99.97500610, 112.98746490, 32.48999786, 0.00000000
1, 35.8800, 3839, 0.33534586, -1.37285614, -0.38880217, 26.94567299, -99.90858459, -17.36578178, -16.19409561, 8.03858471, -105.81700897, 85.06716919, -11.60708714, -111.19447327, 0.47061029, -0.31852087, 0.59701717, 0.56625158, -0.53576493, 0.39769530, 0.30214196, 99.97500610, 112.98746490, 32.48999786, 0.00000000
1, 35.8850, 3840, -0.10074266, -1.17524850, -0.28388801, 23.37137604, -149.15240479, -7.34743595, -15.93101406, 10.81555080, -105.64162445, 85.33737183, -11.63377190, -111.95629120, 0.46621290, -0.31549457, 0.60054451, 0.56785125, -0.10006000, 0.19956294, 0.20091610, 99.97500610, 112.98746490, 32.48999786, 0.00000000
1, 35.8900, 3841, -0.49295676, -1.10776448, -0.36198997, 26.02814674, -156.00181580, -2.53205180, -15.93101406, 10.81555080, -105.64162445, 85.59598541, -11.72051334, -112.74633789, 0.46197775, -0.31190014, 0.60425508, 0.56936002, 0.29125047, 0.13206339, 0.28276536, 99.97500610, 112.98746490, 32.48999786, 0.00000000
1, 35.8950, 3842, -0.80357921, -1.09081233, -0.41645575, 32.19031525, -141.92329407, -2.02956200, -15.93101406, 10.81555080, -105.64162445, 85.90415955, -11.76380062, -113.46985626, 0.45774209, -0.30906600, 0.60787791, 0.57046896, 0.60089064, 0.11506081, 0.34141484, 99.97500610, 112.98746490, 32.48999786, 0.00000000
1, 35.9000, 3843, -0.99905998, -1.08624864, -0.39737543, 37.52579498, -116.41952515, -6.22163200, -16.74948883, 10.61093235, -106.13855743, 86.21318054, -11.77329540, -114.06523895, 0.45398927, -0.30707508, 0.61104596, 0.57115811, 0.79599500, 0.11016243, 0.32715267, 99.97500610, 112.98746490, 32.48999786, 0.00000000
1, 35.9050, 3844, -1.08452988, -1.04697180, -0.33872843, 38.84793854, -86.08305359, -12.94644165, -16.74948883, 10.61093235, -106.13855743, 86.49753571, -11.73632336, -114.50826263, 0.45084822, -0.30603945, 0.61354095, 0.57152712, 0.88174492, 0.07037792, 0.27332449, 99.97500610, 112.98746490, 32.48999786, 0.00000000
1, 35.9100, 3845, -1.06861484, -0.94095135, -0.28346774, 37.35735321, -55.93457413, -21.56779861, -16.98333740, 9.73399544, -105.70008850, 86.74321747, -11.64518070, -114.80001831, 0.44831175, -0.30595359, 0.61528152, 0.57169718, 0.86701155, -0.03626874, 0.22262833, 99.97500610, 112.98746490, 32.48999786, 0.00000000
1, 35.9150, 3846, -0.95756102, -0.82078493, -0.24567482, 37.35359955, -25.27796936, -30.51144028, -16.98333740, 9.73399544, -105.70008850, 86.95725250, -11.49959469, -114.93766022, 0.44637057, -0.30687061, 0.61629736, 0.57163036, 0.75812638, -0.15717167, 0.18905017, 99.97500610, 112.98746490, 32.48999786, 0.00000000
1, 35.9500, 3847, 0.33216155, -1.00140858, 0.07859487, 46.03071594, 7.41115475, -29.52726936, -15.72639561, 9.55860806, -105.02777100, 88.44790649, -10.03348637, -114.05593872, 0.43967915, -0.32555407, 0.61699152, 0.56570160, -0.50720239, 0.01707045, -0.10704425, 99.97500610, 112.98746490, 32.48999786, 0.00000000
1, 35.9550, 3848, 0.35928088, -1.02330792, 0.11798202, 42.79146957, -9.18172836, -25.78042603, -15.72639561, 9.55860806, -105.02777100, 88.67021942, -9.90531921, -114.10606384, 0.43818420, -0.32684189, 0.61785412, 0.56517738, -0.53212583, 0.03840047, -0.14257610, 99.97500610, 112.98746490, 32.48999786, 0.00000000
1, 35.9600, 3849, 0.34530109, -1.02180493, 0.15195426, 38.94451141, -25.56613541, -22.23119164, -15.28792763, 9.82168961, -104.79392242, 88.88729095, -9.79663181, -114.23836517, 0.43638864, -0.32755408, 0.61898315, 0.56491882, -0.51628232, 0.03641886, -0.17282817, 99.97500610, 112.98746490, 32.48999786, 0.00000000
1, 35.9650, 3850, 0.28185156, -0.99624491, 0.16275351, 35.11133575, -40.26606369, -19.20281792, -15.28792763, 9.82168961, -104.79392242, 89.09748840, -9.70405293, -114.44448090, 0.43432400, -0.32774663, 0.62033784, 0.56491220, -0.45119944, 0.01048795, -0.18010978, 99.97500610, 112.98746490, 32.48999786, 0.00000000
1, 35.9700, 3851, 0.18794659, -0.96920669, 0.16214068, 32.77009201, -51.91732788, -16.40118790, -15.28792763, 9.82168961, -104.79392242, 89.30556488, -9.62569141, -114.70906067, 0.43204409, -0.32752916, 0.62189215, 0.56507772, -0.35588789, -0.01684247, -0.17610425, 99.97500610, 112.98746490, 32.48999786, 0.00000000
1, 35.9750, 3852, 0.08780538, -0.94120204, 0.15664712, 31.58782959, -59.57044220, -14.32521439, -15.43408298, 9.52937698, -104.47237396, 89.51380157, -9.55723095, -115.01200867, 0.42962134, -0.32704124, 0.62358624, 0.56534040, -0.25451726, -0.04508393, -0.16723847, 99.97500610, 112.98746490, 32.48999786, 0.00000000
1, 35.9800, 3853, -0.00118305, -0.92685938, 0.15783204, 31.53035164, -63.39390564, -13.22384167, -15.43408298, 9.52937698, -104.47237396, 89.72454834, -9.49335861, -115.33394623, 0.42711881, -0.32642484, 0.62536055, 0.56563294, -0.16441876, -0.05964307, -0.16500446, 99.97500610, 112.98746490, 32.48999786, 0.00000000
1, 35.9850, 3854, -0.07994697, -0.94142544, 0.16983107, 31.78903389, -64.03576660, -12.50633907, -15.63870239, 9.79245853, -105.11546326, 89.93675995, -9.43190193, -115.65882874, 0.42460847, -0.32577473, 0.62715721, 0.56590843, -0.08461562, -0.04528939, -0.17357095, 99.97500610, 112.98746490, 32.48999786, 0.00000000
1, 35.9900, 3855, -0.15960495, -0.94637680, 0.18591119, 30.78721619, -63.39827347, -11.84745026, -15.63870239, 9.79245853, -105.11546326, 90.20278168, -9.38230038, -115.99096680, 0.42196736, -0.32520813, 0.62927371, 0.56586039, -0.00405071, -0.04052074, -0.18576139, 99.97500610, 112.98746490, 32.48999786, 0.00000000
1, 35.9950, 3856, -0.20749456, -0.94612312, 0.18212564, 29.78431320, -59.76190567, -11.32738495, -15.63870239, 9.79245853, -105.11546326, 90.40074921, -9.32420635, -116.29360199, 0.41962275, -0.32458895, 0.63094592, 0.56609732, 0.04477208, -0.04090479, -0.17811526, 99.97500610, 112.98746490, 32.48999786, 0.00000000
1, 36.0050, 3857, -0.28992304, -0.93352878, 0.13641900, 27.98855019, -43.58421326, -11.16428661, -15.78485775, 10.05553913, -104.91084290, 90.76060486, -9.20939255, -116.77323151, 0.41566101, -0.32388151, 0.63376039, 0.56628126, 0.12928063, -0.05368691, -0.12631005, 99.97500610, 112.98746490, 32.48999786, 0.00000000
1, 36.0100, 3858, -0.30475146, -0.93240047, 0.11638325, 27.78094482, -35.38507462, -11.80746651, -15.90178299, 7.89242887, -104.79392242, 90.92781067, -9.14769363, -116.95164490, 0.41399688, -0.32383612, 0.63491988, 0.56622744, 0.14520904, -0.05491176, -0.10339464, 99.97500610, 112.98746490, 32.48999786, 0.00000000
1, 36.0150, 3859, -0.29778203, -0.93812597, 0.10020988, 27.68264198, -27.36319160, -12.28100300, -15.90178299, 7.89242887, -104.79392242, 91.08786011, -9.08378029, -117.08921051, 0.41254294, -0.32399940, 0.63592291, 0.56606972, 0.13937405, -0.04928844, -0.08442532, 99.97500610, 112.98746490, 32.48999786, 0.00000000
1, 36.0200, 3860, -0.28057316, -0.94994557, 0.08661566, 27.77492905, -20.35419083, -12.57079315, -15.90178299, 7.89242887, -104.79392242, 91.24260712, -9.01868439, -117.19103241, 0.41127348, -0.32434505, 0.63679588, 0.56581408, 0.12331337, -0.03757163, -0.06811567, 99.97500610, 112.98746490, 32.48999786, 0.00000000
1, 36.0250, 3861, -0.24936843, -0.96611571, 0.07799181, 27.77717209, -14.76912975, -13.06863785, -15.40485191, 9.35398960, -104.91084290, 91.39279175, -8.95144558, -117.26435852, 0.41014564, -0.32484174, 0.63756007, 0.56548709, 0.09328137, -0.02151146, -0.05682860, 99.97500610, 112.98746490, 32.48999786, 0.00000000
1, 36.0300, 3862, -0.20123899, -0.98399818, 0.07213333, 27.90965462, -11.07030392, -13.29763126, -15.40485191, 9.35398960, -104.91084290, 91.54061127, -8.88329983, -117.31875610, 0.40911219, -0.32543796, 0.63825655, 0.56510717, 0.04633938, -0.00374004, -0.04832139, 99.97500610, 112.98746490, 32.48999786, 0.00000000
1, 36.0350, 3863, -0.14316894, -1.01949298, 0.07488371, 28.21098709, -9.40747261, -12.80615425, -16.04793930, 9.52937698, -105.02777100, 91.68856049, -8.81769657, -117.36461639, 0.40813193, -0.32606634, 0.63893640, 0.56468523, -0.01059039, 0.03164171, -0.04843186, 99.97500610, 112.98746490, 32.48999786, 0.00000000
1, 36.0400, 3864, -0.08747666, -1.05265999, 0.10289771, 27.74544334, -8.85070133, -11.49002647, -16.04793930, 9.52937698, -105.02777100, 91.88204193, -8.70397568, -117.41286469, 0.40676320, -0.32710177, 0.63971555, 0.56419158, -0.06483319, 0.06461750, -0.07341555, 99.97500610, 112.98746490, 32.48999786, 0.00000000
1, 36.0450, 3865, -0.03215287, -1.06600380, 0.12304401, 26.29166985, -8.99230003, -10.45838165, -15.37562084, 9.52937698, -104.82315063, 92.01997375, -8.64992237, -117.45660400, 0.40587774, -0.32763925, 0.64037162, 0.56377310, -0.11878379, 0.07780384, -0.09061126, 99.97500610, 112.98746490, 32.48999786, 0.00000000
1, 36.0500, 3866, -0.01032038, -1.06560481, 0.12856857, 24.09735870, -9.63121033, -9.28895569, -15.37562084, 9.88015175, -104.82315063, 92.14738464, -8.60153294, -117.50363922, 0.40503424, -0.32808888, 0.64100069, 0.56340325, -0.13977435, 0.07734598, -0.09384240, 99.97500610, 112.98746490, 32.48999786, 0.00000000
1, 36.0700, 3867, -0.09124617, -0.97510839, 0.06957756, 22.15039253, -23.91604805, -3.99630785, -14.58637810, 9.20783424, -104.47237396, 92.65232086, -8.46456051, -117.90419006, 0.40091574, -0.32835752, 0.64425665, 0.56247789, -0.05623325, -0.01306440, -0.02618875, 99.97500610, 112.98746490, 32.48999786, 0.00000000
1, 36.0750, 3868, -0.10278843, -0.95741975, 0.05720920, 22.16191673, -24.63724709, -2.96207881, -14.58637810, 9.20783424, -104.47237396, 92.78127289, -8.44384384, -118.02789307, 0.39983207, -0.32822362, 0.64518809, 0.56225967, -0.04428183, -0.03068454, -0.01159209, 99.97500610, 112.98746490, 32.48999786, 0.00000000
1, 36.0800, 3869, -0.09768172, -0.94912910, 0.05595938, 21.84751701, -24.90544319, -2.05311251, -14.58637810, 9.20783424, -104.47237396, 92.90886688, -8.42735004, -118.15312195, 0.39876699, -0.32805148, 0.64612830, 0.56203687, -0.04908369, -0.03890940, -0.00810667, 99.97500610, 112.98746490, 32.48999786, 0.00000000
1, 36.0850, 3870, -0.08660099, -0.94427669, 0.06112161, 21.41982651, -24.68143082, -1.37633705, -15.81408882, 9.82168961, -104.53083801, 93.03414154, -8.41401100, -118.27734375, 0.39773005, -0.32785764, 0.64706242, 0.56181002, -0.05993391, -0.04369488, -0.01106112, 99.97500610, 112.98746490, 32.48999786, 0.00000000
1, 36.0900, 3871, -0.06964090, -0.94180429, 0.06919388, 21.13239861, -24.31440926, -0.80309510, -15.81408882, 9.82168961, -104.53083801, 93.17485046, -8.35150433, -118.40010071, 0.39640051, -0.32798767, 0.64793658, 0.56166625, -0.07627250, -0.04615256, -0.01679837, 99.97500610, 112.98746490, 32.48999786, 0.00000000
1, 36.0950, 3872, -0.05402490, -0.94647908, 0.08059160, 21.16828537, -24.19070816, -0.13461185, -15.25869656, 9.47091484, -104.47237396, 93.29840851, -8.34392834, -118.52211761, 0.39540964, -0.32776487, 0.64887100, 0.56141603, -0.09132300, -0.04145639, -0.02588494, 99.97500610, 112.98746490, 32.48999786, 0.00000000
1, 36.1000, 3873, -0.03245786, -0.96160579, 0.09935597, 21.46074867, -24.66070747, 0.69171476, -15.25869656, 9.47091484, -104.47237396, 93.42379761, -8.34009457, -118.64672089, 0.39442074, -0.32751146, 0.64983124, 0.56114870, -0.11285432, -0.02624722, -0.04246617, 99.97500610, 112.98746490, 32.48999786, 0.00000000
1, 36.1050, 3874, -0.01179655, -0.97779822, 0.11658359, 21.61285210, -25.24140358, 1.72750318, -15.25869656, 9.47091484, -104.47237396, 93.55042267, -8.34097004, -118.77454376, 0.39343777, -0.32721666, 0.65081871, 0.56086636, -0.13355759, -0.00995156, -0.05748939, 99.97500610, 112.98746490, 32.48999786, 0.00000000
1, 36.1100, 3875, 0.01419993, -1.00117588, 0.13662788, 21.60211372, -26.98154831, 3.12330198, -15.22946453, 7.45396090, -104.18006134, 93.67837524, -8.34801579, -118.91159821, 0.39243895, -0.32683861, 0.65185446, 0.56058365, -0.15969384, 0.01354410, -0.07530838, 99.97500610, 112.98746490, 32.48999786, 0.00000000
1, 36.1150, 3876, 0.02661068, -1.02354753, 0.15193796, 21.25465965, -27.45891762, 4.02770329, -15.22946453, 7.45396090, -104.18006134, 93.80500793, -8.35912228, -119.05136108, 0.39145273, -0.32641649, 0.65290123, 0.56030077, -0.17231673, 0.03605813, -0.08843489, 99.97500610, 112.98746490, 32.48999786, 0.00000000
1, 36.1400, 3877, 0.00795511, -1.03866947, 0.19009161, 16.71609116, -30.62822723, 8.21619797, -16.07716942, 9.73399544, -103.21543121, 94.43621063, -8.38009739, -119.80786896, 0.38607660, -0.32411787, 0.65818614, 0.55918115, -0.15479435, 0.05201485, -0.11623024, 99.97500610, 112.98746490, 32.48999786, 0.00000000
1, 36.1450, 3878, 0.00285600, -1.03641522, 0.18523262, 16.12346458, -31.42109108, 9.11620045, -16.07716942, 10.11400127, -103.39082336, 94.54056549, -8.41330147, -119.96971893, 0.38516852, -0.32336104, 0.65923733, 0.55900717, -0.14948545, 0.04991933, -0.10905696, 99.97500610, 112.98746490, 32.48999786, 0.00000000
1, 36.1500, 3879, -0.01333271, -1.03936231, 0.19421808, 15.76669693, -31.13183022, 10.00394344, -16.07716942, 10.11400127, -103.39082336, 94.64311218, -8.45076847, -120.13055420, 0.38429448, -0.32257894, 0.66028595, 0.55882293, -0.13394865, 0.05308621, -0.11632048, 99.97500610, 112.98746490, 32.48999786, 0.00000000
1, 36.1550, 3880, -0.03526100, -1.04496503, 0.20244093, 14.86339569, -29.83035660, 10.60729694, -16.07716942, 10.11400127, -103.39082336, 94.74033356, -8.49148941, -120.28514862, 0.38348442, -0.32179537, 0.66129762, 0.55863488, -0.11272980, 0.05891650, -0.12291571, 99.97500610, 112.98746490, 32.48999786, 0.00000000
1, 36.1600, 3881, -0.06428839, -1.04227829, 0.19930956, 14.00277615, -29.15179062, 11.05505180, -16.63256264, 8.97398376, -103.62467194, 94.83290100, -8.53448677, -120.43657684, 0.38271624, -0.32100031, 0.66228175, 0.55845326, -0.08443086, 0.05647824, -0.11825611, 99.97500610, 112.98746490, 32.48999786, 0.00000000
1, 36.1650, 3882, -0.08277265, -1.03621507, 0.16741659, 12.41942501, -30.18239212, 12.80325127, -16.63256264, 8.97398376, -103.62467194, 94.91859436, -8.58554077, -120.59403992, 0.38198221, -0.32010242, 0.66326761, 0.55830115, -0.06670807, 0.05072098, -0.08490494, 99.97500610, 112.98746490, 32.48999786, 0.00000000
1, 36.1700, 3883, -0.09930611, -1.03142560, 0.13379106, 12.30940056, -29.62162018, 14.07989693, -16.89564514, 9.90938282, -103.80005646, 95.00359344, -8.64297581, -120.74932861, 0.38129616, -0.31917876, 0.66425788, 0.55812150, -0.05105351, 0.04625820, -0.04986167, 99.97500610, 112.98746490, 32.48999786, 0.00000000
1, 36.1750, 3884, -0.11374814, -1.02944374, 0.10891125, 12.39275551, -27.45190239, 15.14706612, -16.89564514, 9.90938282, -103.80005646, 95.08759308, -8.70642948, -120.89425659, 0.38069701, -0.31827784, 0.66522729, 0.55789047, -0.03761988, 0.04460683, -0.02358009, 99.97500610, 112.98746490, 32.48999786, 0.00000000
1, 36.1800, 3885, -0.12581187, -1.03368580, 0.10321762, 11.93429184, -24.68517685, 15.81473637, -16.89564514, 9.90938282, -103.80005646, 95.16743469, -8.77422428, -121.02566528, 0.38019979, -0.31741682, 0.66614753, 0.55762190, -0.02669538, 0.04915898, -0.01654521, 99.97500610, 112.98746490, 32.48999786, 0.00000000
1, 36.1850, 3886, -0.12175134, -1.03477645, 0.10974322, 11.13746834, -23.38108253, 16.34669304, -16.48640823, 9.76322746, -103.80005646, 95.24250793, -8.84508324, -121.15084839, 0.37976378, -0.31655830, 0.66703296, 0.55734855, -0.03198101, 0.05054428, -0.02176862, 99.97500610, 112.98746490, 32.48999786, 0.00000000
1, 36.2250, 3887, -0.18331727, -0.95037031, 0.17254615, 5.15403652, -30.82349586, 19.54037285, -17.15872574, 8.91552162, -103.68313599, 95.74253845, -9.46054554, -122.31512451, 0.37606561, -0.30809513, 0.67411125, 0.55608112, 0.01886718, -0.03144336, -0.07608023, 99.97500610, 112.98746490, 32.48999786, 0.00000000
1, 36.2300, 3888, -0.20713970, -0.93998909, 0.19475965, 4.73062706, -31.23165512, 18.97519875, -17.15872574, 8.91552162, -103.68313599, 95.79400635, -9.53946114, -122.48217773, 0.37554461, -0.30685681, 0.67499387, 0.55604726, 0.04126064, -0.04154309, -0.09746923, 99.97500610, 112.98746490, 32.48999786, 0.00000000
1, 36.2350, 3889, -0.23339206, -0.93302143, 0.20895581, 4.30878878, -31.74674416, 18.51261139, -17.30488205, 8.79859638, -103.94621277, 95.84400177, -9.61568260, -122.65171814, 0.37500179, -0.30561182, 0.67586684, 0.55603874, 0.06615487, -0.04822524, -0.11088413, 99.97500610, 112.98746490, 32.48999786, 0.00000000
1, 36.2400, 3890, -0.26302347, -0.92524064, 0.21831952, 4.12583828, -31.48715210, 17.78503227, -17.30488205, 8.79859638, -103.94621277, 95.97173309, -9.75585461, -122.83625793, 0.37452835, -0.30418673, 0.67730111, 0.55539370, 0.09391564, -0.05555154, -0.11881915, 99.97500610, 112.98746490, 32.48999786, 0.00000000
1, 36.2450, 3891, -0.30071157, -0.91956460, 0.21594411, 3.86192012, -30.45739174, 16.86652946, -17.80181122, 8.88629055, -104.56006622, 96.01889038, -9.82403564, -122.99877167, 0.37398648, -0.30301306, 0.67811662, 0.55540526, 0.12983428, -0.06076567, -0.11507513, 99.97500610, 112.98746490, 32.48999786, 0.00000000
1, 36.2500, 3892, -0.33829814, -0.91916990, 0.20842187, 3.85175586, -29.84145546, 15.86482334, -17.80181122, 8.88629055, -104.56006622, 96.06555939, -9.88741970, -123.15773773, 0.37343785, -0.30188313, 0.67890704, 0.55542421, 0.16633092, -0.06087254, -0.10686733, 99.97500610, 112.98746490, 32.48999786, 0.00000000
1, 36.2550, 3893, -0.36946592, -0.91811156, 0.19894770, 4.12054777, -28.73816109, 14.97634697, -17.80181122, 8.88629055, -104.56006622, 96.11271667, -9.94683361, -123.31073761, 0.37289596, -0.30081004, 0.67967278, 0.55543399, 0.19648406, -0.06164920, -0.09668181, 99.97500610, 112.98746490, 32.48999786, 0.00000000
1, 36.2600, 3894, -0.38732016, -0.92221439, 0.19005638, 4.16821671, -26.97706604, 14.17646313, -17.74334908, 7.89242887, -104.00467682, 96.15862274, -10.00307465, -123.45450592, 0.37238553, -0.29980350, 0.68039912, 0.55543143, 0.21338037, -0.05727589, -0.08706933, 99.97500610, 112.98746490, 32.48999786, 0.00000000
1, 36.2650, 3895, -0.38831308, -0.92520332, 0.19006123, 4.09600782, -24.13618279, 13.33373833, -17.74334908, 7.89242887, -104.00467682, 96.20176697, -10.05652523, -123.58354187, 0.37193912, -0.29888925, 0.68106544, 0.55540663, 0.21344312, -0.05404260, -0.08634881, 99.97500610, 112.98746490, 32.48999786, 0.00000000
1, 36.2700, 3896, -0.36908361, -0.93074822, 0.19395798, 3.94764447, -20.94117355, 12.22000694, -18.24028015, 8.59397793, -103.82929230, 96.24131775, -10.10604763, -123.69589996, 0.37156206, -0.29808277, 0.68166059, 0.55536222, 0.19332898, -0.04827418, -0.08953115, 99.97500610, 112.98746490, 32.48999786, 0.00000000
1, 36.2850, 3897, -0.30481333, -0.95246005, 0.16555510, 3.29737711, -14.91719341, 9.14706898, -18.06489372, 8.91552162, -103.94621277, 96.34136963, -10.23107243, -123.96238708, 0.37069511, -0.29614627, 0.68311417, 0.55519152, 0.12693532, -0.02593322, -0.05930382, 99.97500610, 112.98746490, 32.48999786, 0.00000000
1, 36.2900, 3898, -0.28514981, -0.96091020, 0.16422950, 2.89016199, -13.78594208, 8.30291176, -18.06489372, 8.91552162, -103.94621277, 96.44521332, -10.39627934, -124.05603027, 0.37087843, -0.29503310, 0.68422246, 0.55429626, 0.10555089, -0.01704226, -0.05683962, 99.97500610, 112.98746490, 32.48999786, 0.00000000
1, 36.2950, 3899, -0.27179462, -0.96495771, 0.16404457, 2.31016040, -13.01103592, 7.73287678, -18.35720444, 8.53551579, -103.82929230, 96.46953583, -10.42746258, -124.12613678, 0.37064764, -0.29452500, 0.68458879, 0.55426854, 0.09052281, -0.01256985, -0.05558569, 99.97500610, 112.98746490, 32.48999786, 0.00000000
1, 36.3000, 3900, -0.26171100, -0.97277093, 0.16725838, 2.15900540, -12.40637493, 7.15332699, -18.35720444, 8.53551579, -103.82929230, 96.49251556, -10.45608044, -124.19285583, 0.37042272, -0.29404628, 0.68493390, 0.55424678, 0.07992996, -0.00462569, -0.05840563, 99.97500610, 112.98746490, 32.48999786, 0.00000000
1, 36.3050, 3901, -0.23139161, -0.99756384, 0.17511114, 2.29068112, -11.59699726, 6.85547256, -18.35720444, 8.53551579, -103.82929230, 96.51541138, -10.48364544, -124.25534821, 0.37021291, -0.29359806, 0.68526495, 0.55421531, 0.04911394, 0.02028685, -0.06583881, 99.97500610, 112.98746490, 32.48999786, 0.00000000
1, 36.3100, 3902, -0.21162139, -1.01102877, 0.17016260, 1.15518141, -11.87893009, 6.58278990, -19.02952385, 8.56474686, -103.85852051, 96.53288269, -10.50968266, -124.31911469, 0.37000257, -0.29313260, 0.68556941, 0.55422568, 0.02890278, 0.03388067, -0.06054609, 99.97500610, 112.98746490, 32.48999786, 0.00000000
1, 36.3150, 3903, -0.20984527, -0.99978542, 0.15622553, 0.06519137, -12.93217754, 6.53650856, -19.02952385, 8.56474686, -103.85852051, 96.54589844, -10.53490162, -124.38819885, 0.36977351, -0.29262519, 0.68586367, 0.55428249, 0.02672656, 0.02276705, -0.04636019, 99.97500610, 112.98746490, 32.48999786, 0.00000000
1, 36.3200, 3904, -0.19636899, -1.00112939, 0.16228986, -0.08176781, -12.48676682, 6.79436064, -18.79567337, 5.67085648, -104.12159729, 96.55784607, -10.56164074, -124.45520020, 0.36956573, -0.29211843, 0.68615031, 0.55433363, 0.01278425, 0.02420846, -0.05219542, 99.97500610, 112.98746490, 32.48999786, 0.00000000
1, 36.3800, 3905, -0.17138903, -1.00610876, 0.12122668, -3.85417295, -9.35074806, 6.84702682, -18.64951706, 8.27243519, -104.32621765, 96.62423706, -10.85363197, -125.17845154, 0.36750197, -0.28641441, 0.68892199, 0.55524385, -0.01709414, 0.03033477, -0.00996482, 99.97500610, 112.98746490, 32.48999786, 0.00000000
1, 36.3850, 3906, -0.15495770, -1.00457716, 0.13025402, -3.82238030, -9.06862545, 6.71313763, -18.64951706, 8.27243519, -104.32621765, 96.61459351, -10.88188744, -125.22820282, 0.36744049, -0.28593132, 0.68905914, 0.55536324, -0.03403448, 0.02886227, -0.01912316, 99.97500610, 112.98746490, 32.48999786, 0.00000000
1, 36.3900, 3907, -0.14949718, -1.00156617, 0.13618802, -4.58082008, -8.16440773, 6.49897957, -18.64951706, 8.27243519, -104.32621765, 96.63121796, -10.83618355, -125.27717590, 0.36690986, -0.28593758, 0.68916547, 0.55557877, -0.03935806, 0.02581800, -0.02499128, 99.97500610, 112.98746490, 32.48999786, 0.00000000
1, 36.3950, 3908, -0.14036630, -0.99816167, 0.11551087, -4.53908205, -8.68538952, 6.45097828, -19.55568504, 8.62320995, -103.59543610, 96.61757660, -10.86333847, -125.32485199, 0.36686242, -0.28546014, 0.68927544, 0.55571932, -0.04827553, 0.02241838, -0.00426451, 99.97500610, 112.98746490, 32.48999786, 0.00000000
1, 36.4000, 3909, -0.12715879, -1.00216031, 0.11083217, -4.13344002, -9.77265644, 6.91062927, -19.55568504, 8.62320995, -103.59543610, 96.60708618, -10.89217186, -125.37827301, 0.36678824, -0.28494889, 0.68941820, 0.55585361, -0.06195507, 0.02649515, 0.00024177, 99.97500610, 112.98746490, 32.48999786, 0.00000000
1, 36.4050, 3910, -0.11891255, -1.01144397, 0.11863964, -4.23216820, -10.30908298, 7.45993567, -18.59105492, 8.21397209, -104.47237396, 96.59670258, -10.92343807, -125.43474579, 0.36671239, -0.28440645, 0.68957376, 0.55598843, -0.07074726, 0.03584672, -0.00774494, 99.97500610, 112.98746490, 32.48999786, 0.00000000
1, 36.4100, 3911, -0.12353631, -1.01730406, 0.12503868, -5.25511312, -10.98297215, 7.59710407, -18.59105492, 8.21397209, -104.47237396, 96.58190155, -10.95503426, -125.49470520, 0.36663225, -0.28382695, 0.68971682, 0.55615991, -0.06668352, 0.04177433, -0.01440433, 99.97500610, 112.98746490, 32.48999786, 0.00000000
1, 36.4150, 3912, -0.12964854, -1.01264942, 0.11852968, -6.06468487, -11.74937725, 7.30872393, -18.59105492, 8.21397209, -104.47237396, 96.56378937, -10.98478699, -125.55837250, 0.36653200, -0.28322434, 0.68984866, 0.55636966, -0.06107399, 0.03719512, -0.00821844, 99.97500610, 112.98746490, 32.48999786, 0.00000000
1, 36.4200, 3913, -0.12637222, -1.01394284, 0.12553982, -5.72138214, -13.69415474, 7.18789530, -19.17568016, 8.76936531, -103.97544098, 96.54928589, -11.01285744, -125.63182068, 0.36636585, -0.28258348, 0.69001818, 0.55659473, -0.06485357, 0.03854038, -0.01549883, 99.97500610, 112.98746490, 32.48999786, 0.00000000
1, 36.4250, 3914, -0.12724562, -1.02100551, 0.14775744, -5.77711630, -14.88746357, 7.54573584, -19.17568016, 8.76936531, -103.97544098, 96.53573608, -11.04205894, -125.71150208, 0.36617309, -0.28190172, 0.69020939, 0.55683011, -0.06453006, 0.04563612, -0.03796921, 99.97500610, 112.98746490, 32.48999786, 0.00000000
1, 36.4700, 3915, -0.09664754, -0.96887076, 0.18118815, -12.25225258, -19.29855728, 13.44684124, -19.58491707, 9.00321579, -104.38468170, 96.28609467, -11.33675003, -126.54898071, 0.36432347, -0.27445105, 0.69163191, 0.55999142, -0.10013660, -0.00605048, -0.07547641, 99.97500610, 112.98746490, 32.48999786, 0.00000000
1, 36.4750, 3916, -0.09939517, -0.96224868, 0.17276314, -13.38513088, -19.63281822, 13.90897274, -19.58491707, 9.00321579, -104.38468170, 96.24044800, -11.39550495, -126.65615845, 0.36423278, -0.27333775, 0.69178420, 0.56040663, -0.09836471, -0.01254306, -0.06782567, 99.97500610, 112.98746490, 32.48999786, 0.00000000
1, 36.4800, 3917, -0.11235535, -0.95839727, 0.15648067, -13.81938553, -21.81176376, 14.56360722, -19.73107338, 8.74013424, -104.09236908, 96.19503784, -11.45644569, -126.77473450, 0.36409703, -0.27214405, 0.69196743, 0.56084943, -0.08639691, -0.01624564, -0.05237202, 99.97500610, 112.98746490, 32.48999786, 0.00000000
1, 36.4850, 3918, -0.13199599, -0.95971489, 0.14971577, -13.97143745, -23.71804619, 15.57167339, -19.73107338, 8.74013424, -104.09236908, 96.15103149, -11.52148724, -126.90349579, 0.36392969, -0.27087030, 0.69218808, 0.56130224, -0.06783341, -0.01477775, -0.04643414, 99.97500610, 112.98746490, 32.48999786, 0.00000000
1, 36.4900, 3919, -0.14225292, -0.96490932, 0.13907689, -14.35508060, -24.09630966, 16.68921089, -19.73107338, 8.74013424, -104.09236908, 96.12579346, -11.56014538, -127.03799438, 0.36354348, -0.26976562, 0.69245923, 0.56174988, -0.05845887, -0.00944503, -0.03643904, 99.97500610, 112.98746490, 32.48999786, 0.00000000
1, 36.4950, 3920, -0.14574842, -0.97515392, 0.14137614, -15.28493404, -23.40191650, 17.90937233, -20.52031517, 9.09090900, -105.20315552, 96.07540894, -11.63713551, -127.16637421, 0.36345708, -0.26840734, 0.69266742, 0.56219965, -0.05598017, 0.00093186, -0.03944011, 99.97500610, 112.98746490, 32.48999786, 0.00000000
1, 36.5000, 3921, -0.14317624, -0.97423780, 0.14721744, -16.44031334, -21.79438591, 18.73354340, -20.52031517, 9.09090900, -105.20315552, 96.01784515, -11.71919727, -127.28699493, 0.36345237, -0.26704475, 0.69282997, 0.56265110, -0.05994852, 0.00018957, -0.04624721, 99.97500610, 112.98746490, 32.48999786, 0.00000000
1, 36.5050, 3922, -0.13587816, -0.96866524, 0.15113072, -17.38409805, -20.10783005, 19.24143600, -20.28646660, 8.44782257, -105.02777100, 95.95406342, -11.80479717, -127.39926147, 0.36352137, -0.26569265, 0.69294709, 0.56310207, -0.06871268, -0.00520124, -0.05123882, 99.97500610, 112.98746490, 32.48999786, 0.00000000
1, 36.5100, 3923, -0.13289116, -0.96764147, 0.12331939, -17.73029900, -20.78404045, 19.72045517, -20.28646660, 8.44782257, -105.02777100, 95.88945770, -11.89255238, -127.51513672, 0.36358491, -0.26430348, 0.69307071, 0.56356263, -0.07311965, -0.00598335, -0.02454770, 99.97500610, 112.98746490, 32.48999786, 0.00000000
1, 36.5150, 3924, -0.14923269, -0.97271907, 0.10043217, -17.47245598, -21.35628128, 20.43963051, -20.28646660, 8.44782257, -105.02777100, 95.82698822, -11.98372841, -127.63424683, 0.36364517, -0.26288199, 0.69321638, 0.56400919, -0.05826060, -0.00065514, -0.00281214, 99.97500610, 112.98746490, 32.48999786, 0.00000000
1, 36.5700, 3925, -0.25497845, -0.99530268, 0.11290810, -23.64422035, -13.51322269, 22.35259056, -20.43262100, 8.24320412, -105.84624481, 94.93862152, -13.10260677, -128.76475525, 0.36617473, -0.24699108, 0.69348311, 0.56920362, 0.02844815, 0.02469928, -0.03089018, 99.97500610, 112.98746490, 32.48999786, 0.00000000
1, 36.5750, 3926, -0.25622240, -1.00132680, 0.11510128, -23.79693985, -12.64426899, 22.37524605, -20.43262100, 8.24320412, -105.84624481, 94.83683014, -13.20910454, -128.83908081, 0.36660638, -0.24561885, 0.69333613, 0.56969845, 0.02787779, 0.03099248, -0.03484842, 99.97500610, 112.98746490, 32.48999786, 0.00000000
1, 36.5800, 3927, -0.24931116, -1.00210476, 0.13231501, -24.67096710, -11.04065323, 22.00397110, -21.25109673, 7.04472351, -105.99240112, 94.72885895, -13.31455612, -128.90486145, 0.36708584, -0.24428318, 0.69313616, 0.57020706, 0.01912666, 0.03201266, -0.05387565, 99.97500610, 112.98746490, 32.48999786, 0.00000000
1, 36.5850, 3928, -0.24027544, -0.99432778, 0.12648608, -25.89779663, -9.71450615, 21.45530701, -21.25109673, 7.04472351, -105.99240112, 94.61318207, -13.41792679, -128.96347046, 0.36760390, -0.24297684, 0.69287688, 0.57074630, 0.00834094, 0.02450319, -0.04997889, 99.97500610, 112.98746490, 32.48999786, 0.00000000
1, 36.5900, 3929, -0.23693043, -0.98528671, 0.11626649, -26.18366623, -9.70619678, 21.00346565, -21.25109673, 7.04472351, -105.99240112, 94.51687622, -13.51875019, -129.02661133, 0.36804226, -0.24171835, 0.69271737, 0.57119167, 0.00329605, 0.01574507, -0.04157437, 99.97500610, 112.98746490, 32.48999786, 0.00000000
1, 36.5950, 3930, -0.24331269, -0.98104048, 0.10404014, -25.89581871, -10.04507923, 20.71130753, -20.95878410, 9.00321579, -106.37240601, 94.40163422, -13.61849594, -129.08625793, 0.36852998, -0.24042511, 0.69245243, 0.57174391, 0.00801641, 0.01178570, -0.03116871, 99.97500610, 112.98746490, 32.48999786, 0.00000000
1, 36.6000, 3931, -0.24019927, -0.98618722, 0.09475528, -25.50023270, -10.39135265, 20.76812363, -20.95878410, 9.00321579, -106.37240601, 94.28887939, -13.71852207, -129.14752197, 0.36900374, -0.23912732, 0.69220209, 0.57228547, 0.00323250, 0.01721082, -0.02383638, 99.97500610, 112.98746490, 32.48999786, 0.00000000
1, 36.6050, 3932, -0.22637579, -0.99385536, 0.09370741, -25.04765129, -9.58579826, 20.74650955, -21.63110161, 8.76936531, -106.37240601, 94.17744446, -13.81883049, -129.20448303, 0.36949566, -0.23785713, 0.69194824, 0.57280427, -0.01228966, 0.02515497, -0.02468378, 99.97500610, 112.98746490, 32.48999786, 0.00000000
1, 36.6100, 3933, -0.22104731, -1.00032377, 0.09702427, -25.33413887, -9.44659233, 20.64831924, -21.63110161, 8.76936531, -106.37240601, 94.06446838, -13.91881752, -129.26049805, 0.36999148, -0.23658825, 0.69168246, 0.57333040, -0.01932179, 0.03189667, -0.02993090, 99.97500610, 112.98746490, 32.48999786, 0.00000000
1, 36.6150, 3934, -0.23310915, -0.99568379, 0.09102056, -26.44808006, -11.53691578, 20.26215553, -21.63110161, 8.76936531, -106.37240601, 93.94852448, -14.01629162, -129.32695007, 0.37042537, -0.23525992, 0.69141704, 0.57391661, -0.00890861, 0.02754138, -0.02592222, 99.97500610, 112.98746490, 32.48999786, 0.00000000
1, 36.6400, 3935, -0.31618160, -0.98225617, 0.04083734, -27.96679497, -15.63160324, 19.06221771, -22.15726280, 9.61707115, -107.39550018, 93.34683228, -14.50434017, -129.72474670, 0.37227744, -0.22813202, 0.69008350, 0.57719159, 0.06625964, 0.01557904, 0.01385076, 99.97500610, 112.98746490, 32.48999786, 0.00000000
1, 36.6450, 3936, -0.32578334, -0.98244882, 0.03958951, -27.51704025, -14.61469364, 18.94052315, -22.24495697, 9.38322163, -107.51242065, 93.22980499, -14.59517193, -129.80560303, 0.37259063, -0.22674514, 0.68981719, 0.57785392, 0.07407504, 0.01611819, 0.01301303, 99.97500610, 112.98746490, 32.48999786, 0.00000000
1, 36.6500, 3937, -0.32419094, -0.98457575, 0.04762139, -27.42333412, -13.59761524, 18.68315506, -22.24495697, 9.38322163, -107.51242065, 93.11196899, -14.68514061, -129.88098145, 0.37292597, -0.22539264, 0.68953240, 0.57850623, 0.07093754, 0.01851780, 0.00297337, 99.97500610, 112.98746490, 32.48999786, 0.00000000
1, 36.6550, 3938, -0.32088247, -0.98414218, 0.05363293, -27.84998894, -13.72813988, 18.15969086, -22.53726959, 8.53551579, -107.48319244, 92.99220276, -14.77261448, -129.95671082, 0.37324753, -0.22404510, 0.68923211, 0.57917982, 0.06612606, 0.01835672, -0.00505375, 99.97500610, 112.98746490, 32.48999786, 0.00000000
1, 36.6600, 3939, -0.31229275, -0.97963703, 0.04719398, -29.02136230, -14.00788498, 17.78236198, -22.53726959, 8.53551579, -107.48319244, 92.86699677, -14.85832310, -130.03364563, 0.37356174, -0.22268194, 0.68890142, 0.57989597, 0.05610085, 0.01413692, -0.00069423, 99.97500610, 112.98746490, 32.48999786, 0.00000000
1, 36.6650, 3940, -0.30415455, -0.97378385, 0.04995588, -29.26591301, -14.42280483, 17.56526947, -22.53726959, 8.53551579, -107.48319244, 92.74118805, -14.94299698, -130.11251831, 0.37385926, -0.22131026, 0.68856740, 0.58062547, 0.04652471, 0.00855391, -0.00556680, 99.97500610, 112.98746490, 32.48999786, 0.00000000
1, 36.6700, 3941, -0.28539431, -0.96892405, 0.07040098, -29.79411888, -14.94134617, 17.20911407, -22.88804436, 9.50014591, -107.83396912, 92.61343384, -15.02596188, -130.19380188, 0.37413657, -0.21992683, 0.68822312, 0.58138031, 0.02630618, 0.00393509, -0.02811767, 99.97500610, 112.98746490, 32.48999786, 0.00000000
1, 36.6750, 3942, -0.29162437, -0.96721911, 0.08971183, -29.57750130, -15.28002644, 16.88281250, -22.88804436, 9.50014591, -107.83396912, 92.48729706, -15.10739517, -130.27661133, 0.37439221, -0.21854755, 0.68788499, 0.58213550, 0.03110711, 0.00247333, -0.04958854, 99.97500610, 112.98746490, 32.48999786, 0.00000000
1, 36.6800, 3943, -0.31292969, -0.97167313, 0.10336176, -30.22193527, -15.09416866, 16.15935135, -23.09266281, 9.61707115, -108.21397400, 92.35768890, -15.18542671, -130.35815430, 0.37464023, -0.21718344, 0.68751860, 0.58291870, 0.05104874, 0.00717135, -0.06547444, 99.97500610, 112.98746490, 32.48999786, 0.00000000
1, 36.6850, 3944, -0.31479603, -0.96850204, 0.09231417, -31.32438469, -15.26134682, 15.46835804, -23.09266281, 9.61707115, -108.21397400, 92.22283936, -15.26018333, -130.44026184, 0.37487519, -0.21581712, 0.68711859, 0.58374619, 0.05167223, 0.00427190, -0.05669345, 99.97500610, 112.98746490, 32.48999786, 0.00000000
1, 36.7300, 3945, -0.32220808, -0.95887947, 0.12521063, -31.76560211, -6.05337048, 11.87276268, -23.76498032, 9.29552746, -108.85705566, 90.98022461, -15.89561081, -130.99214172, 0.37768850, -0.20473160, 0.68286997, 0.59086812, 0.04825317, -0.00300748, -0.11049829, 99.97500610, 112.98746490, 32.48999786, 0.00000000
1, 36.7350, 3946, -0.30510882, -0.96709192, 0.13282786, -31.60820198, -4.44140530, 11.52360535, -23.76498032, 9.29552746, -108.85705566, 90.82891846, -15.95330429, -131.01609802, 0.37813765, -0.20375098, 0.68223172, 0.59165651, 0.03015945, 0.00542882, -0.12062297, 99.97500610, 112.98746490, 32.48999786, 0.00000000
1, 36.7400, 3947, -0.29015625, -0.97251976, 0.13261032, -32.23046875, -3.14134693, 10.82641983, -23.64805603, 10.08477020, -109.41245270, 90.75325012, -16.01358986, -131.05621338, 0.37838107, -0.20290798, 0.68201625, 0.59203881, 0.01423075, 0.01110881, -0.12230236, 99.97500610, 112.98746490, 32.48999786, 0.00000000
1, 36.7450, 3948, -0.28605452, -0.96950424, 0.11321773, -33.51596832, -2.82779121, 10.35952663, -23.64805603, 10.08477020, -109.41245270, 90.59001160, -16.06566620, -131.07145691, 0.37886348, -0.20197132, 0.68128926, 0.59288716, 0.00924848, 0.00836770, -0.10493425, 99.97500610, 112.98746490, 32.48999786, 0.00000000
1, 36.7500, 3949, -0.28604898, -0.96624815, 0.08971267, -34.26121521, -2.97284341, 10.33050442, -23.64805603, 10.08477020, -109.41245270, 90.42323303, -16.11763382, -131.08731079, 0.37934637, -0.20101887, 0.68054342, 0.59375787, 0.00842881, 0.00537509, -0.08420964, 99.97500610, 112.98746490, 32.48999786, 0.00000000
1, 36.7550, 3950, -0.28688434, -0.96227610, 0.09094826, -34.16268539, -2.27738428, 10.41592979, -23.29728127, 9.26629639, -109.44168091, 90.25592041, -16.17009544, -131.09942627, 0.37985033, -0.20008309, 0.67978781, 0.59461671, 0.00838369, 0.00163589, -0.08824836, 99.97500610, 112.98746490, 32.48999786, 0.00000000
1, 36.7600, 3951, -0.29198653, -0.96495402, 0.10609860, -33.81690216, -1.47194648, 10.36062336, -23.29728127, 9.26629639, -109.44168091, 90.08912659, -16.22230911, -131.10714722, 0.38037282, -0.19917519, 0.67902565, 0.59545785, 0.01257205, 0.00453298, -0.10621287, 99.97500610, 112.98746490, 32.48999786, 0.00000000
1, 36.7650, 3952, -0.30325839, -0.96873760, 0.10186936, -34.43183517, -0.63941586, 10.28313732, -23.70651817, 9.38322163, -109.82168579, 89.91799164, -16.27414703, -131.11039734, 0.38092226, -0.19828050, 0.67823124, 0.59630990, 0.02298479, 0.00857429, -0.10486333, 99.97500610, 112.98746490, 32.48999786, 0.00000000
1, 36.7700, 3953, -0.30622244, -0.97119093, 0.07692461, -34.51269531, 0.19286047, 10.40916157, -23.70651817, 9.38322163, -109.82168579, 89.74520874, -16.32661819, -131.10914612, 0.38149947, -0.19740197, 0.67742044, 0.59715348, 0.02513354, 0.01133126, -0.08282216, 99.97500610, 112.98746490, 32.48999786, 0.00000000
1, 36.7750, 3954, -0.29442963, -0.98499763, 0.06762188, -34.09547043, 1.02790213, 10.59901428, -23.70651817, 9.38322163, -109.82168579, 89.57324219, -16.37999344, -131.10336304, 0.38210166, -0.19654614, 0.67660654, 0.59797293, 0.01247584, 0.02542851, -0.07639457, 99.97500610, 112.98746490, 32.48999786, 0.00000000
1, 36.8300, 3955, -0.21213682, -1.04346645, 0.01437619, -40.53059387, 7.09484434, 12.40288734, -24.37883568, 10.78631973, -110.34784698, 87.47511292, -16.97024155, -130.77812195, 0.39034516, -0.18784288, 0.66606849, 0.60720545, -0.07952163, 0.08779649, -0.05785602, 99.97500610, 112.98746490, 32.48999786, 0.00000000
1, 36.8350, 3956, -0.20258665, -1.03769767, 0.00887028, -41.66828156, 7.17662573, 12.94510269, -24.37883568, 10.78631973, -110.34784698, 87.25503540, -17.03369522, -130.73742676, 0.39124018, -0.18694520, 0.66494852, 0.60813332, -0.09010141, 0.08251855, -0.05593027, 99.97500610, 112.98746490, 32.48999786, 0.00000000
1, 36.8400, 3957, -0.19629097, -1.02760196, -0.00340353, -43.54755402, 6.86385489, 13.69766521, -24.40806770, 10.66939449, -110.64015961, 87.04946899, -17.05009079, -130.70394897, 0.39183497, -0.18633750, 0.66383159, 0.60915625, -0.09705202, 0.07282875, -0.04721521, 99.97500610, 112.98746490, 32.48999786, 0.00000000
1, 36.8450, 3958, -0.19633085, -1.01879883, -0.00055624, -44.39319611, 6.38455582, 14.50320530, -24.40806770, 10.66939449, -110.64015961, 86.81665802, -17.12128448, -130.66639709, 0.39276850, -0.18532613, 0.66266042, 0.61013794, -0.09776741, 0.06444382, -0.05370362, 99.97500610, 112.98746490, 32.48999786, 0.00000000
1, 36.8500, 3959, -0.19156449, -1.01317954, 0.01758094, -45.09921646, 6.11621046, 15.27694511, -24.40806770, 10.66939449, -110.64015961, 86.58053589, -17.19628525, -130.62968445, 0.39371899, -0.18427230, 0.66147852, 0.61112624, -0.10381389, 0.05939730, -0.07571886, 99.97500610, 112.98746490, 32.48999786, 0.00000000
1, 36.8550, 3960, -0.18631850, -1.00931084, 0.03051844, -45.84790802, 6.47077131, 16.20628357, -24.17421722, 11.25401878, -111.07862854, 86.33986664, -17.27566147, -130.59046936, 0.39470875, -0.18318747, 0.66027504, 0.61211461, -0.11039581, 0.05615287, -0.09259680, 99.97500610, 112.98746490, 32.48999786, 0.00000000
1, 36.8600, 3961, -0.18271174, -1.00961924, 0.04453281, -46.70956802, 7.34651470, 17.14948273, -24.17421722, 11.25401878, -111.07862854, 86.09329224, -17.35931396, -130.54595947, 0.39575413, -0.18208323, 0.65903795, 0.61310142, -0.11541349, 0.05713109, -0.11064708, 99.97500610, 112.98746490, 32.48999786, 0.00000000
1, 36.8650, 3962, -0.17830899, -1.01017582, 0.05908636, -47.52802277, 7.59518003, 18.11223793, -24.49576187, 10.72785759, -111.07862854, 85.84195709, -17.44749641, -130.49940491, 0.39683697, -0.18094297, 0.65777922, 0.61409014, -0.12130298, 0.05840529, -0.12931730, 99.97500610, 112.98746490, 32.48999786, 0.00000000
1, 36.8700, 3963, -0.18067427, -1.00659454, 0.06809477, -48.41384125, 7.52993536, 19.06836700, -24.49576187, 10.72785759, -111.07862854, 85.58598328, -17.54028320, -130.45236206, 0.39794862, -0.17975722, 0.65650195, 0.61508489, -0.12048499, 0.05560018, -0.14252138, 99.97500610, 112.98746490, 32.48999786, 0.00000000
1, 36.8750, 3964, -0.17203246, -1.00644028, 0.06065829, -48.60128021, 8.51779079, 19.93555260, -24.49576187, 10.72785759, -111.07862854, 85.32719421, -17.63678741, -130.39932251, 0.39911115, -0.17856909, 0.65520585, 0.61605901, -0.13069913, 0.05629607, -0.13930812, 99.97500610, 112.98746490, 32.48999786, 0.00000000
1, 36.9000, 3965, -0.07369214, -1.07349908, 0.06423024, -48.26876450, 18.08540344, 27.83579636, -24.96346092, 12.27711201, -111.60478973, 84.04612732, -18.14971542, -129.99333191, 0.40575245, -0.17321803, 0.64862311, 0.62020051, -0.23742798, 0.12797800, -0.16362226, 99.97500610, 112.98746490, 32.48999786, 0.00000000
1, 36.9050, 3966, -0.04201540, -1.10104525, 0.05865986, -48.60932922, 20.13438225, 29.43126678, -24.99269104, 10.64016342, -112.07249451, 83.76527405, -18.28576279, -129.87120056, 0.40748787, -0.17206886, 0.64717323, 0.62089682, -0.27132195, 0.15674748, -0.16254073, 99.97500610, 112.98746490, 32.48999786, 0.00000000
1, 36.9100, 3967, -0.01568690, -1.11608291, 0.03901871, -49.80256653, 22.10614014, 31.03575134, -24.99269104, 10.64016342, -112.07249451, 83.47436523, -18.42810249, -129.73696899, 0.40932858, -0.17090553, 0.64566332, 0.62157899, -0.29993230, 0.17310956, -0.14752352, 99.97500610, 112.98746490, 32.48999786, 0.00000000
1, 36.9150, 3968, 0.00457702, -1.12712109, 0.01971975, -50.19666672, 22.75546455, 32.87895584, -25.46039200, 9.88015175, -112.30634308, 83.17947388, -18.57855606, -129.59732056, 0.41123730, -0.16969970, 0.64414001, 0.62222952, -0.32260197, 0.18555333, -0.13293907, 99.97500610, 112.98746490, 32.48999786, 0.00000000
1, 36.9200, 3969, 0.03059093, -1.13800025, 0.01856809, -50.30312729, 23.28788376, 35.34665298, -25.46039200, 9.88015175, -112.30634308, 82.88200378, -18.74025154, -129.45233154, 0.41322565, -0.16843593, 0.64261746, 0.62282968, -0.35123852, 0.19790156, -0.13650563, 99.97500610, 112.98746490, 32.48999786, 0.00000000
1, 36.9250, 3970, 0.06216474, -1.14581335, 0.00889359, -50.41240311, 24.15753937, 38.27810669, -25.46039200, 9.88015175, -112.30634308, 82.58118439, -18.91520882, -129.29977417, 0.41531542, -0.16711050, 0.64109248, 0.62336808, -0.38562375, 0.20730844, -0.13156429, 99.97500610, 112.98746490, 32.48999786, 0.00000000
1, 36.9300, 3971, 0.09647677, -1.16084206, 0.00459509, -50.44416428, 24.53634071, 41.37213135, -25.48962212, 12.04326248, -112.62788391, 82.27806091, -19.10447121, -129.14192200, 0.41749635, -0.16570708, 0.63957667, 0.62384272, -0.42298806, 0.22403914, -0.13201985, 99.97500610, 112.98746490, 32.48999786, 0.00000000
1, 36.9350, 3972, 0.13495241, -1.17960572, 0.00810589, -50.28491592, 23.89892387, 44.79002380, -25.48962212, 12.04326248, -112.62788391, 81.97510529, -19.31031227, -128.98361206, 0.41974768, -0.16419248, 0.63809556, 0.62424910, -0.46479541, 0.24461913, -0.14026113, 99.97500610, 112.98746490, 32.48999786, 0.00000000
1, 36.9650, 3973, 0.24876346, -1.26689577, 0.02531932, -53.95567322, 3.18595314, 67.79296112, -26.16194153, 12.94942951, -113.79713440, 80.18349457, -20.89110374, -128.28314209, 0.43320054, -0.15142038, 0.63041973, 0.62608314, -0.60405469, 0.34555429, -0.18496069, 99.97500610, 112.98746490, 32.48999786, 0.00000000
1, 36.9700, 3974, 0.23740666, -1.29100597, 0.04419661, -54.01408005, -0.25234136, 70.27056885, -26.16194153, 12.94942951, -113.79713440, 79.89109039, -21.23794556, -128.21858215, 0.43547267, -0.14846119, 0.62941200, 0.62622952, -0.59833598, 0.37256682, -0.20824908, 99.97500610, 112.98746490, 32.48999786, 0.00000000
1, 36.9750, 3975, 0.23942493, -1.31409073, 0.05685399, -55.13831711, -3.73994970, 72.97086334, -26.42502213, 10.75708866, -114.26483154, 79.59776306, -21.60089684, -128.16780090, 0.43772358, -0.14530890, 0.62844777, 0.62636805, -0.60622078, 0.39871526, -0.22522222, 99.97500610, 112.98746490, 32.48999786, 0.00000000
1, 36.9800, 3976, 0.22500992, -1.33005965, 0.06964573, -58.09612274, -8.53362083, 75.73348999, -26.42502213, 10.75708866, -114.26483154, 79.29698181, -21.98164749, -128.13748169, 0.43993044, -0.14189078, 0.62750149, 0.62655419, -0.59793693, 0.41792980, -0.24239343, 99.97500610, 112.98746490, 32.48999786, 0.00000000
1, 36.9850, 3977, 0.19153707, -1.33823442, 0.07123437, -61.19900131, -13.08573055, 78.53876495, -26.42502213, 10.75708866, -114.26483154, 78.98768616, -22.38036537, -128.12614441, 0.44210094, -0.13820907, 0.62656385, 0.62678772, -0.57084489, 0.42957285, -0.24847558, 99.97500610, 112.98746490, 32.48999786, 0.00000000
1, 36.9900, 3978, 0.13950107, -1.31050396, 0.07535688, -63.61072540, -16.11804581, 80.67041779, -27.03887749, 13.30020428, -114.55714417, 78.70912170, -22.72764969, -128.14013672, 0.44385350, -0.13482648, 0.62572199, 0.62712681, -0.52489984, 0.40521991, -0.25688273, 99.97500610, 112.98746490, 32.48999786, 0.00000000
1, 36.9950, 3979, 0.11148185, -1.29147887, 0.06331231, -65.71192932, -18.66246605, 81.44272614, -27.03887749, 13.30020428, -114.55714417, 78.38571167, -23.14610100, -128.15072632, 0.44596201, -0.13082048, 0.62476188, 0.62743652, -0.50303441, 0.38973185, -0.24913834, 99.97500610, 112.98746490, 32.48999786, 0.00000000
1, 37.0000, 3980, 0.08050382, -1.27179182, 0.07728997, -65.77620697, -21.92816162, 82.52241516, -27.74042702, 13.85559750, -114.84945679, 78.06748199, -23.57325172, -128.17497253, 0.44800204, -0.12669151, 0.62385607, 0.62773168, -0.47889853, 0.37392795, -0.26760101, 99.97500610, 112.98746490, 32.48999786, 0.00000000
1, 37.0050, 3981, 0.06735517, -1.27433848, 0.09842256, -65.25153351, -23.96265793, 83.30850983, -27.74042702, 13.85559750, -114.84945679, 77.75508118, -24.00649643, -128.20672607, 0.44999540, -0.12249286, 0.62299502, 0.62799442, -0.47270641, 0.38044488, -0.29304355, 99.97500610, 112.98746490, 32.48999786, 0.00000000
1, 37.0100, 3982, 0.05105498, -1.27951455, 0.13603646, -66.04904175, -25.42296028, 84.37046814, -27.74042702, 13.85559750, -114.84945679, 77.44056702, -24.44664955, -128.24252319, 0.45197219, -0.11820684, 0.62213218, 0.62825143, -0.46348703, 0.38967875, -0.33490568, 99.97500610, 112.98746490, 32.48999786, 0.00000000
1, 37.0650, 3983, -0.37499592, -1.00957048, 0.10251225, -73.92356110, -113.13126373, 68.39432526, -31.48202324, 15.43408298, -116.63256073, 74.35576630, -29.27417374, -130.51907349, 0.46131635, -0.06183533, 0.61527550, 0.63623875, -0.11238974, 0.16831845, -0.34022391, 99.97500610, 112.98746490, 32.48999786, 0.00000000
1, 37.0700, 3984, -0.44213483, -1.02781343, 0.12071773, -69.48310852, -124.00667572, 70.32191467, -31.48202324, 15.43408298, -116.63256073, 74.29295349, -29.78192329, -131.09472656, 0.46012920, -0.05510146, 0.61602128, 0.63699514, -0.05292313, 0.19098197, -0.35857815, 99.97500610, 112.98746490, 32.48999786, 0.00000000
1, 37.0750, 3985, -0.51131433, -1.05636907, 0.12985678, -66.28255463, -132.25572205, 72.67841339, -32.68050385, 16.45717621, -117.15872192, 74.27307892, -30.31254387, -131.71510315, 0.45875531, -0.04813658, 0.61699665, 0.63760626, 0.00829122, 0.22404505, -0.36713648, 99.97500610, 112.98746490, 32.48999786, 0.00000000
1, 37.0800, 3986, -0.56299448, -1.08475566, 0.16178204, -64.08751678, -136.75314331, 75.10208130, -32.68050385, 16.45717621, -117.15872192, 74.28179932, -30.86098480, -132.36015320, 0.45729911, -0.04102293, 0.61809552, 0.63808519, 0.05170041, 0.25700426, -0.39789426, 99.97500610, 112.98746490, 32.48999786, 0.00000000
1, 37.0850, 3987, -0.62019575, -1.11647880, 0.17634676, -63.63248825, -138.54815674, 77.50715637, -32.68050385, 16.45717621, -117.15872192, 74.30348206, -31.42327690, -133.01539612, 0.45583540, -0.03380148, 0.61921346, 0.63847190, 0.10050037, 0.29346281, -0.41100770, 99.97500610, 112.98746490, 32.48999786, 0.00000000
1, 37.0900, 3988, -0.65715069, -1.14897680, 0.18177821, -65.83527374, -138.33268738, 79.36305237, -34.43437576, 17.18795586, -117.24641418, 74.35658264, -31.99399948, -133.69004822, 0.45429027, -0.02653178, 0.62044376, 0.63872212, 0.12898496, 0.33080649, -0.41465381, 99.97500610, 112.98746490, 32.48999786, 0.00000000
1, 37.0950, 3989, -0.69061816, -1.17863047, 0.17692761, -68.23701477, -136.56556702, 80.34709930, -34.43437576, 17.18795586, -117.24641418, 74.36260986, -32.56666183, -134.33831787, 0.45291272, -0.01919435, 0.62132788, 0.63910353, 0.15399835, 0.36548054, -0.40811270, 99.97500610, 112.98746490, 32.48999786, 0.00000000
1, 37.1000, 3990, -0.71260691, -1.20840895, 0.15010734, -71.08426666, -133.42547607, 80.56335449, -35.77901077, 17.86027527, -117.56796265, 74.35214996, -33.13616180, -134.97235107, 0.45160338, -0.01188129, 0.62203592, 0.63951910, 0.16767725, 0.40050673, -0.38003069, 99.97500610, 112.98746490, 32.48999786, 0.00000000
1, 37.1050, 3991, -0.73540986, -1.25139225, 0.13092525, -73.29534149, -129.65000916, 82.11862183, -35.77901077, 17.86027527, -117.56796265, 74.32464600, -33.70820618, -135.58598328, 0.45041597, -0.00458726, 0.62257391, 0.63992679, 0.18219954, 0.44887531, -0.35982293, 99.97500610, 112.98746490, 32.48999786, 0.00000000
1, 37.1100, 3992, -0.70794219, -1.14696062, 0.08831500, -81.38675690, -125.32399750, 81.83400726, -35.77901077, 17.86027527, -117.56796265, 74.24996948, -34.27350998, -136.17846680, 0.44931483, 0.00273776, 0.62276679, 0.64052337, 0.14659160, 0.35007447, -0.31631824, 99.97500610, 112.98746490, 32.48999786, 0.00000000
1, 37.1500, 3993, 0.21607833, -0.62834799, 0.21125939, -100.60752869, -185.38865662, 57.93319702, -40.71908569, 18.21105003, -118.79566956, 73.82062531, -38.27367783, -141.75825500, 0.43345588, 0.06180896, 0.62193465, 0.64922500, -0.83414400, -0.12723623, -0.43142703, 99.97500610, 112.98746490, 32.48999786, 0.00000000
1, 37.1550, 3994, 0.27574259, -0.56503570, 0.25496021, -97.77306366, -208.22608948, 56.96719742, -40.71908569, 18.21105003, -118.79566956, 74.06617737, -38.83813477, -142.93528748, 0.42915225, 0.07110982, 0.62291729, 0.65018916, -0.90156269, -0.18560836, -0.47037160, 99.97500610, 112.98746490, 32.48999786, 0.00000000
1, 37.1600, 3995, 0.36054942, -0.51501572, 0.29886162, -94.44910431, -233.88848877, 53.40387726, -40.71908569, 18.21105003, -118.79566956, 74.45031738, -39.41539764, -144.29119873, 0.42401108, 0.08097263, 0.62441278, 0.65097380, -0.99427015, -0.23092020, -0.50771785, 99.97500610, 112.98746490, 32.48999786, 0.00000000
1, 37.1650, 3996, 0.42851058, -0.48409146, 0.38016382, -88.84563446, -262.76895142, 49.76988983, -42.38526535, 21.22186470, -118.18181610, 75.00392914, -40.00473404, -145.85185242, 0.41794181, 0.09144302, 0.62652761, 0.65147990, -1.07032549, -0.25750822, -0.58046788, 99.97500610, 112.98746490, 32.48999786, 0.00000000
1, 37.1700, 3997, 0.45856604, -0.46424136, 0.41374671, -82.81382751, -286.49621582, 43.44910049, -42.38526535, 21.22186470, -118.18181610, 75.71795654, -40.58016205, -147.59533691, 0.41100016, 0.10229099, 0.62916952, 0.65173715, -1.10820889, -0.27342784, -0.60345423, 99.97500610, 112.98746490, 32.48999786, 0.00000000
1, 37.1750, 3998, 0.45501670, -0.43894327, 0.46820199, -77.86986542, -338.08068848, 36.37301636, -44.37298965, 21.45571518, -117.86027527, 76.71138000, -41.16330719, -149.70751953, 0.40238243, 0.11430500, 0.63278115, 0.65162164, -1.11248612, -0.29531235, -0.64454097, 99.97500610, 112.98746490, 32.48999786, 0.00000000
1, 37.1800, 3999, 0.37836099, -0.45284361, 0.51070184, -74.70613098, -365.45840454, 31.64918518, -44.37298965, 21.45571518, -117.86027527, 77.88064575, -41.72345734, -152.03759766, 0.39279091, 0.12688430, 0.63682878, 0.65120262, -1.04336202, -0.27843744, -0.67141199, 99.97500610, 112.98746490, 32.48999786, 0.00000000
1, 37.1850, 4000, 0.24969240, -0.47067824, 0.53021175, -72.06039429, -391.23266602, 26.68975067, -44.37298965, 21.45571518, -117.86027527, 79.22150421, -42.24668884, -154.57984924, 0.38224599, 0.13997783, 0.64123893, 0.65046668, -0.92167526, -0.25799817, -0.67347848, 99.97500610, 112.98746490, 32.48999786, 0.00000000
1, 37.1900, 4001, 0.06831145, -0.49021921, 0.53710496, -68.69669342, -414.31527710, 23.04720688, -46.85764313, 22.53726959, -116.83718109, 80.79097748, -42.70355988, -157.36024475, 0.37059322, 0.15342066, 0.64626515, 0.64920270, -0.74649608, -0.23639414, -0.66085118, 99.97500610, 112.98746490, 32.48999786, 0.00000000
1, 37.1950, 4002, -0.14241737, -0.52122402, 0.54763418, -63.74851608, -433.00820923, 19.94480133, -46.85764313, 22.53726959, -116.83718109, 82.44982147, -43.12221909, -160.26393127, 0.35848111, 0.16727355, 0.65120441, 0.64764476, -0.54122132, -0.20367813, -0.65026480, 99.97500610, 112.98746490, 32.48999786, 0.00000000
1, 37.2100, 4003, -0.58087850, -0.64155805, 0.66843247, -51.04315186, -450.97570801, 8.20820522, -48.96229172, 23.06343079, -115.25869751, 88.00205994, -43.88190079, -169.50938416, 0.31947562, 0.20874430, 0.66622919, 0.64070266, -0.11352695, -0.08002828, -0.70206308, 99.97500610, 112.98746490, 32.48999786, 0.00000000
1, 37.2150, 4004, -0.64413273, -0.68052042, 0.71257865, -50.19433594, -445.35946655, 5.24667358, -50.80385971, 22.65419388, -113.76790619, 89.89472961, -43.95326996, -172.59941101, 0.30618304, 0.22202994, 0.67085111, 0.63789773, -0.05155648, -0.04064593, -0.72253680, 99.97500610, 112.98746490, 32.48999786, 0.00000000
1, 37.2200, 4005, -0.72946960, -0.72088599, 0.71552324, -50.45835114, -435.67288208, 3.55305004, -50.80385971, 22.65419388, -113.76790619, 91.74274445, -43.94408035, -175.62524414, 0.29300907, 0.23491660, 0.67510188, 0.63497823, 0.03363726, -0.00001190, -0.70238090, 99.97500610, 112.98746490, 32.48999786, 0.00000000
1, 37.2250, 4006, -0.77908957, -0.78003383, 0.70680088, -50.36170578, -426.30633545, 2.26783180, -53.78544235, 24.37883568, -111.34171295, 93.54113770, -43.86125565, -178.58146667, 0.27997077, 0.24742036, 0.67900658, 0.63194114, 0.08409992, 0.05922682, -0.67113578, 99.97500610, 112.98746490, 32.48999786, 0.00000000
1, 37.2300, 4007, -0.82061952, -0.82613981, 0.71981418, -52.40303802, -393.22305298, 0.38335335, -53.78544235, 24.37883568, -111.34171295, 95.15908813, -43.71780777, 178.70227051, 0.26774561, 0.25889900, 0.68225116, 0.62913990, 0.12721834, 0.10519643, -0.66322625, 99.97500610, 112.98746490, 32.48999786, 0.00000000
1, 37.2350, 4008, -0.78718436, -0.84290707, 0.70679742, -56.90505219, -368.88940430, -3.57117224, -53.78544235, 24.37883568, -111.34171295, 96.62152863, -43.51433563, 176.17001343, 0.25600839, 0.26957077, 0.68494022, 0.62661648, 0.09619416, 0.12154682, -0.63104367, 99.97500610, 112.98746490, 32.48999786, 0.00000000
1, 37.2400, 4009, -0.73779786, -0.84749818, 0.67525935, -63.29183960, -342.14935303, -9.79284096, -55.10084534, 24.75884247, -108.88629150, 97.94195557, -43.24728775, 173.81655884, 0.24467579, 0.27937582, 0.68721950, 0.62434947, 0.05005854, 0.12526895, -0.58207726, 99.97500610, 112.98746490, 32.48999786, 0.00000000
1, 37.2450, 4010, -0.70468390, -0.84528565, 0.63935375, -70.21376801, -312.41015625, -16.35683823, -55.10084534, 24.75884247, -108.88629150, 99.02554321, -42.93915176, 171.71653748, 0.23399988, 0.28813878, 0.68876570, 0.62275362, 0.02085341, 0.12165713, -0.53104037, 99.97500610, 112.98746490, 32.48999786, 0.00000000
1, 37.2500, 4011, -0.66637921, -0.80257404, 0.58528012, -78.23831177, -280.12997437, -24.70399857, -56.79625702, 24.32037354, -107.57088470, 99.89389038, -42.59013748, 169.86128235, 0.22392289, 0.29580384, 0.68974596, 0.62177908, -0.01298181, 0.07695721, -0.46450040, 99.97500610, 112.98746490, 32.48999786, 0.00000000
1, 37.2550, 4012, -0.62413764, -0.73484886, 0.50210559, -85.23585510, -245.13064575, -35.69844437, -56.79625702, 24.32037354, -107.57088470, 100.54050446, -42.19987869, 168.26972961, 0.21447575, 0.30221319, 0.69023550, 0.62148398, -0.05012818, 0.00653289, -0.37143388, 99.97500610, 112.98746490, 32.48999786, 0.00000000
1, 37.2850, 4013, -0.42172760, -0.61386538, 0.38149107, -92.24942780, -113.75003815, -108.08521271, -58.46243668, 22.56650162, -105.64162445, 101.36511230, -38.97344971, 162.80795288, 0.16590048, 0.31800392, 0.68954653, 0.62918693, -0.21040887, -0.14709425, -0.23027647, 99.97500610, 112.98746490, 32.48999786, 0.00000000
1, 37.2900, 4014, -0.45035136, -0.65710175, 0.35284674, -91.79743958, -97.70537567, -119.06542969, -58.46243668, 22.56650162, -105.64162445, 101.22613525, -38.28562546, 162.32313538, 0.15832803, 0.31780019, 0.68949896, 0.63128954, -0.17251834, -0.11143519, -0.20219675, 99.97500610, 112.98746490, 32.48999786, 0.00000000
1, 37.2950, 4015, -0.46848649, -0.69218445, 0.35045019, -90.04000854, -85.68980408, -125.67163849, -58.46243668, 22.56650162, -105.64162445, 101.00878906, -37.58800507, 161.94195557, 0.15103467, 0.31701097, 0.68932116, 0.63366312, -0.14478841, -0.08423477, -0.20101440, 99.97500610, 112.98746490, 32.48999786, 0.00000000
1, 37.3000, 4016, -0.50601214, -0.72393727, 0.34271637, -88.03591156, -73.24449921, -131.21917725, -57.90704346, 23.53113174, -105.05699921, 100.74728394, -36.87601852, 161.64402771, 0.14397994, 0.31567857, 0.68915302, 0.63614857, -0.09741890, -0.06050617, -0.19541220, 99.97500610, 112.98746490, 32.48999786, 0.00000000
1, 37.3050, 4017, -0.54583782, -0.76509607, 0.33583650, -85.90067291, -59.76536179, -136.25300598, -57.90704346, 23.53113174, -105.05699921, 100.44191742, -36.15272141, 161.43266296, 0.13721082, 0.31378868, 0.68898970, 0.63875121, -0.04749356, -0.02748213, -0.19135433, 99.97500610, 112.98746490, 32.48999786, 0.00000000
1, 37.3100, 4018, -0.57375675, -0.79267430, 0.35020453, -84.97392273, -46.30198288, -141.06153870, -57.81935120, 21.39725113, -105.34931183, 100.08995819, -35.41863251, 161.30508423, 0.13071640, 0.31135550, 0.68879884, 0.64150381, -0.00927929, -0.00816572, -0.20921698, 99.97500610, 112.98746490, 32.48999786, 0.00000000
1, 37.3150, 4019, -0.58345163, -0.81559384, 0.37572125, -84.81364441, -34.13684082, -145.75102234, -57.81935120, 21.39725113, -105.34931183, 99.69525909, -34.67247772, 161.25088501, 0.12445022, 0.30842221, 0.68856829, 0.64440799, 0.01094531, 0.00639417, -0.23889318, 99.97500610, 112.98746490, 32.48999786, 0.00000000
1, 37.3200, 4020, -0.57244074, -0.83549380, 0.36423504, -85.78583527, -22.52959442, -150.82495117, -57.81935120, 21.39725113, -105.34931183, 99.25658417, -33.91110992, 161.26495361, 0.11836901, 0.30499750, 0.68827599, 0.64748865, 0.01085715, 0.01791142, -0.23223406, 99.97500610, 112.98746490, 32.48999786, 0.00000000
1, 37.3250, 4021, -0.54705626, -0.84390914, 0.32219133, -87.32284546, -11.43286610, -156.60491943, -57.58549881, 22.65419388, -105.37854004, 98.77513885, -33.12974167, 161.34268188, 0.11242934, 0.30107519, 0.68791848, 0.65075463, -0.00315547, 0.01788832, -0.19569729, 99.97500610, 112.98746490, 32.48999786, 0.00000000
1, 37.3300, 4022, -0.51191586, -0.84026921, 0.26140136, -88.65528107, 0.20790951, -163.21578979, -57.58549881, 22.65419388, -105.37854004, 98.25256348, -32.32366943, 161.48573303, 0.10662572, 0.29661128, 0.68750912, 0.65420485, -0.02642999, 0.00572090, -0.14109488, 99.97500610, 112.98746490, 32.48999786, 0.00000000
1, 37.3750, 4023, -0.20180009, -0.77498388, 0.05525602, -52.89808273, 23.71564865, -224.66227722, -53.58082199, 18.24028015, -106.95703125, 93.70511627, -23.38273621, 163.87628174, 0.05246484, 0.23740907, 0.68796360, 0.68380594, -0.19967844, -0.13902105, 0.00351452, 99.97500610, 112.98746490, 32.48999786, 0.00000000
1, 37.3800, 4024, -0.19052161, -0.79266381, 0.04259799, -47.62754440, 16.52793121, -228.09045410, -53.58082199, 18.24028015, -106.95703125, 93.40047455, -22.24995422, 164.04032898, 0.04564499, 0.23018146, 0.68881440, 0.68590653, -0.19282255, -0.12934725, 0.01159174, 99.97500610, 112.98746490, 32.48999786, 0.00000000
1, 37.3850, 4025, -0.18919618, -0.80810320, 0.02600790, -43.10591888, 9.47613525, -231.64602661, -52.96696854, 17.27565002, -107.95088959, 93.13775635, -21.09668732, 164.16020203, 0.03854726, 0.22302513, 0.68977791, 0.68773574, -0.17552215, -0.12161835, 0.02418922, 99.97500610, 112.98746490, 32.48999786, 0.00000000
1, 37.3900, 4026, -0.20376654, -0.83442938, -0.00204415, -38.71128845, 4.09588242, -235.23030090, -52.96696854, 17.27565002, -107.95088959, 92.90505981, -19.91237640, 164.24832153, 0.03114880, 0.21581565, 0.69083202, 0.68935078, -0.14172836, -0.10271947, 0.04866897, 99.97500610, 112.98746490, 32.48999786, 0.00000000
1, 37.3950, 4027, -0.21337484, -0.86754727, -0.00649529, -32.77083206, 0.67446464, -237.14007568, -52.96696854, 17.27565002, -107.95088959, 92.71733856, -18.72859764, 164.31129456, 0.02371056, 0.20869593, 0.69202238, 0.69064385, -0.11260750, -0.07670633, 0.05001418, 99.97500610, 112.98746490, 32.48999786, 0.00000000
1, 37.4000, 4028, -0.23678598, -0.91101289, -0.01626926, -24.24776268, -4.50524139, -238.87927246, -51.47617722, 15.98947620, -107.24934387, 92.58304596, -17.53470612, 164.34361267, 0.01613863, 0.20164731, 0.69341534, 0.69155854, -0.06942696, -0.03990778, 0.05761036, 99.97500610, 112.98746490, 32.48999786, 0.00000000
1, 37.4050, 4029, -0.24938107, -0.94354331, -0.02118490, -17.39972496, -6.36620522, -240.16754150, -51.47617722, 15.98947620, -107.24934387, 92.48718262, -16.33382797, 164.36376953, 0.00852936, 0.19458847, 0.69495130, 0.69217432, -0.03683035, -0.01364289, 0.06095342, 99.97500610, 112.98746490, 32.48999786, 0.00000000
1, 37.4100, 4030, -0.22845481, -0.97378647, -0.03290860, -10.90783882, -8.16322327, -241.34457397, -50.04384613, 13.91405964, -107.39550018, 92.42711639, -15.12660122, 164.37304688, 0.00088385, 0.18752389, 0.69661695, 0.69250196, -0.03750870, 0.01076564, 0.07178091, 99.97500610, 112.98746490, 32.48999786, 0.00000000
1, 37.4150, 4031, -0.20705742, -1.00568807, -0.05110580, -5.22982264, -10.50361347, -243.40049744, -50.04384613, 13.91405964, -107.39550018, 92.39877319, -13.90855980, 164.36965942, -0.00684898, 0.18044603, 0.69839281, 0.69256037, -0.03835800, 0.03725112, 0.08960316, 99.97500610, 112.98746490, 32.48999786, 0.00000000
1, 37.4200, 4032, -0.19871101, -1.04984295, -0.08572184, 0.17373623, -13.77636433, -245.89579773, -50.04384613, 13.91405964, -107.39550018, 92.40114594, -12.67731380, 164.34973145, -0.01471411, 0.17337188, 0.70027077, 0.69234866, -0.02579218, 0.07642521, 0.12428595, 99.97500610, 112.98746490, 32.48999786, 0.00000000
1, 37.4450, 4033, -0.17804118, -1.31224132, -0.00053510, 12.42703629, -44.67232513, -259.02139282, -47.17918777, 12.39403629, -107.33703613, 92.73248291, -6.27099514, 163.84857178, -0.05759851, 0.13889329, 0.71021277, 0.68774194, 0.06315217, 0.31999177, 0.04496893, 99.97500610, 112.98746490, 32.48999786, 0.00000000
1, 37.4500, 4034, -0.14466146, -1.34528208, 0.03490527, 8.09060383, -47.84490585, -259.00674438, -45.77608871, 10.78631973, -107.48319244, 92.78729248, -4.96615362, 163.66899109, -0.06681565, 0.13232702, 0.71183717, 0.68652248, 0.05233207, 0.35066900, 0.01071690, 99.97500610, 112.98746490, 32.48999786, 0.00000000
1, 37.4550, 4035, -0.07984193, -1.35850418, 0.12299763, 3.27509189, -58.34825897, -258.49475098, -45.77608871, 10.78631973, -107.48319244, 92.81777191, -3.66130590, 163.43803406, -0.07636167, 0.12606032, 0.71318877, 0.68530256, 0.00999238, 0.36193827, -0.07649407, 99.97500610, 112.98746490, 32.48999786, 0.00000000
1, 37.4600, 4036, -0.01227934, -1.39859319, 0.16073705, 0.41980425, -66.06668091, -257.20523071, -43.78836441, 7.71704149, -106.37240601, 92.83078766, -2.36100578, 163.16900635, -0.08611409, 0.12003870, 0.71432680, 0.68404126, -0.03497864, 0.40065914, -0.11376719, 99.97500610, 112.98746490, 32.48999786, 0.00000000
1, 37.4650, 4037, 0.05100714, -1.49232137, 0.14378949, -1.81135404, -72.10964203, -254.37651062, -43.78836441, 7.71704149, -106.37240601, 92.82747650, -1.07340169, 162.86944580, -0.09597002, 0.11426161, 0.71526510, 0.68273717, -0.07570058, 0.49361390, -0.09676209, 99.97500610, 112.98746490, 32.48999786, 0.00000000
1, 37.4700, 4038, 0.04641448, -1.65151286, 0.10760628, -4.90234804, -79.93537140, -248.66996765, -43.78836441, 7.71704149, -106.37240601, 92.80241394, 0.18744555, 162.52926636, -0.10590193, 0.10886809, 0.71595621, 0.68142444, -0.04887481, 0.65255451, -0.06116688, 99.97500610, 112.98746490, 32.48999786, 0.00000000
1, 37.4750, 4039, -0.10040408, -1.81159115, 0.05358993, -11.38095760, -94.10783386, -235.11476135, -42.18064880, 7.89242887, -106.63548279, 92.73673248, 1.38355708, 162.11415100, -0.11588890, 0.10427615, 0.71623510, 0.68022323, 0.11928996, 0.81285191, -0.00873028, 99.97500610, 112.98746490, 32.48999786, 0.00000000
1, 37.4800, 4040, -0.44613582, -1.88382721, 0.00458108, -17.70522499, -112.84450531, -211.22473145, -42.18064880, 7.89242887, -106.63548279, 92.62805939, 2.46385765, 161.59793091, -0.12576497, 0.10094354, 0.71604127, 0.67917496, 0.48454121, 0.88564110, 0.03754802, 99.97500610, 112.98746490, 32.48999786, 0.00000000
1, 37.5050, 4041, -1.82321489, -1.42814851, 0.67383999, -18.02756310, -114.93250275, -90.13003540, -40.36831284, 7.71704149, -106.34317017, 92.15994263, 5.98648691, 158.52259827, -0.16602719, 0.09844552, 0.71347749, 0.67356771, 1.92377758, 0.43301708, -0.64257360, 99.97500610, 112.98746490, 32.48999786, 0.00000000
1, 37.5100, 4042, -1.76576114, -1.13661873, 0.65834469, -41.49782181, -89.55897522, -67.10855103, -39.19906235, 7.39549828, -106.19701385, 91.90452576, 6.33648968, 158.08389282, -0.17096029, 0.09869598, 0.71188092, 0.67398620, 1.87304974, 0.14207841, -0.63042772, 99.97500610, 112.98746490, 32.48999786, 0.00000000
1, 37.5150, 4043, -1.68588829, -0.93336475, 0.52311897, -37.20083618, -76.84899902, -52.24354172, -39.19906235, 7.39549828, -106.19701385, 91.67514801, 6.60849524, 157.70510864, -0.17503913, 0.09906319, 0.71042633, 0.67442000, 1.79856873, -0.06052272, -0.49887133, 99.97500610, 112.98746490, 32.48999786, 0.00000000
1, 37.5200, 4044, -1.59776342, -0.80651498, 0.44308996, -23.02698708, -57.39604950, -37.58890533, -39.19906235, 7.39549828, -106.19701385, 91.52640533, 6.80361986, 157.42121887, -0.17802088, 0.09941655, 0.70946538, 0.67459905, 1.71436048, -0.18689327, -0.42138302, 99.97500610, 112.98746490, 32.48999786, 0.00000000
1, 37.5250, 4045, -1.49594545, -0.76554954, 0.44508412, -8.72213936, -31.14762878, -23.01932716, -39.60830307, 7.22011089, -106.05085754, 91.46410370, 6.92237711, 157.26722717, -0.17969948, 0.09955585, 0.70906317, 0.67455626, 1.61492014, -0.22761510, -0.42450619, 99.97500610, 112.98746490, 32.48999786, 0.00000000
1, 37.5300, 4046, -1.39980257, -0.75840724, 0.47036117, 0.93681329, -3.43753171, -10.07332611, -39.60830307, 7.22011089, -106.05085754, 91.46673584, 6.97315407, 157.25112915, -0.18009876, 0.09935313, 0.70910668, 0.67443395, 1.51987863, -0.23466292, -0.44974506, 99.97500610, 112.98746490, 32.48999786, 0.00000000
1, 37.5350, 4047, -1.35940588, -0.73692083, 0.45698556, 8.14529705, 20.69844818, 1.41658938, -39.90061188, 7.60011673, -105.78778076, 91.52009583, 6.96364355, 157.35519409, -0.17938276, 0.09885012, 0.70950294, 0.67428195, 1.47960544, -0.25609797, -0.43552321, 99.97500610, 112.98746490, 32.48999786, 0.00000000
1, 37.5400, 4048, -1.38860488, -0.71588516, 0.43441486, 15.99229050, 39.02974701, 12.61981201, -39.90061188, 7.60011673, -105.78778076, 91.65010071, 6.80313826, 157.55235291, -0.17713928, 0.09879874, 0.71030623, 0.67403674, 1.50713515, -0.27725595, -0.41117948, 99.97500610, 112.98746490, 32.48999786, 0.00000000
1, 37.5450, 4049, -1.44448841, -0.71356988, 0.43968692, 24.27580452, 53.76171494, 24.46778107, -39.90061188, 7.60011673, -105.78778076, 91.80310822, 6.67349529, 157.81941223, -0.17465098, 0.09815782, 0.71133024, 0.67369980, 1.56023192, -0.27983212, -0.41391790, 99.97500610, 112.98746490, 32.48999786, 0.00000000
1, 37.5500, 4050, -1.53407025, -0.74299097, 0.44802567, 34.50894928, 66.70445251, 39.01740265, -39.63753128, 7.48319197, -105.81700897, 92.01384735, 6.46837759, 158.14875793, -0.17128816, 0.09766322, 0.71268535, 0.67320281, 1.64658546, -0.25068611, -0.41911915, 99.97500610, 112.98746490, 32.48999786, 0.00000000
1, 37.5850, 4051, -0.54619551, -1.71708584, -0.00466525, 58.28917313, 119.42187500, 176.99020386, -41.09909439, 7.36626720, -105.32008362, 94.72421265, 1.69785130, 161.31466675, -0.12070523, 0.10950884, 0.72744030, 0.66653496, 0.57984281, 0.72096491, 0.08162397, 99.97500610, 112.98746490, 32.48999786, 0.00000000
1, 37.5900, 4052, 0.23336320, -1.59918249, -0.31810841, 29.24018669, 118.77005005, 164.62051392, -41.09909439, 7.36626720, -105.32008362, 94.86567688, 0.84262401, 161.83888245, -0.11210514, 0.11131968, 0.72802001, 0.66710371, -0.21429887, 0.60344470, 0.40047553, 99.97500610, 112.98746490, 32.48999786, 0.00000000
1, 37.5950, 4053, 0.90058738, -1.39409864, -0.74195671, 10.67456341, 99.26005554, 143.46569824, -42.00526047, 7.89242887, -105.43700409, 94.92440796, 0.08638401, 162.27339172, -0.10471744, 0.11302602, 0.72811091, 0.66791761, -0.89408529, 0.39900476, 0.82757270, 99.97500610, 112.98746490, 32.48999786, 0.00000000
1, 37.6000, 4054, 1.35713089, -1.09611595, -1.09262276, 1.70755637, 61.25894165, 116.80554199, -42.00526047, 7.89242887, -105.43700409, 94.93353271, -0.52135062, 162.52935791, -0.09935255, 0.11495002, 0.72786295, 0.66867864, -1.36103237, 0.10163312, 1.18017101, 99.97500610, 112.98746490, 32.48999786, 0.00000000
1, 37.6050, 4055, 1.57569516, -0.83137310, -1.14532375, 5.82239819, 18.53737068, 92.70558929, -42.00526047, 7.89242887, -105.43700409, 94.96319580, -0.99097615, 162.58251953, -0.09602412, 0.11737265, 0.72765017, 0.66897553, -1.58821964, -0.16289812, 1.23418868, 99.97500610, 112.98746490, 32.48999786, 0.00000000
1, 37.6100, 4056, 1.52408755, -0.67382300, -0.88021767, 17.28730965, -9.23305511, 78.22737885, -42.32680511, 8.38935947, -105.29084778, 95.05228424, -1.37649679, 162.50306702, -0.09394027, 0.12019347, 0.72771764, 0.66869718, -1.54429615, -0.32063854, 0.97049117, 99.97500610, 112.98746490, 32.48999786, 0.00000000
1, 37.6150, 4057, 1.07867944, -0.57975161, -0.59405184, 24.47982407, -28.09425354, 75.68827057, -42.32680511, 8.38935947, -105.29084778, 95.18037415, -1.74087453, 162.32997131, -0.09249044, 0.12351264, 0.72792119, 0.66807258, -1.10597777, -0.41483039, 0.68544507, 99.97500610, 112.98746490, 32.48999786, 0.00000000
1, 37.6200, 4058, 0.73627585, -0.61183786, -0.49806511, 33.15697098, -51.18262482, 77.13062286, -43.40835953, 7.92166042, -104.67699432, 95.35697937, -2.10144567, 162.04025269, -0.09168267, 0.12758380, 0.72826582, 0.66704243, -0.77016515, -0.38245100, 0.59124947, 99.97500610, 112.98746490, 32.48999786, 0.00000000
1, 37.6250, 4059, 0.24838327, -0.82683158, 0.06671644, 42.87636948, -93.39250183, 75.96575928, -43.40835953, 7.92166042, -104.67699432, 95.59220886, -2.43522835, 161.53938293, -0.09219319, 0.13288383, 0.72871220, 0.66544795, -0.28961259, -0.16777642, 0.02890915, 99.97500610, 112.98746490, 32.48999786, 0.00000000
1, 37.6300, 4060, 0.08367164, -0.99650037, 0.90359426, 22.37079430, -126.58126831, 78.52031708, -43.40835953, 7.92166042, -104.67699432, 95.73542023, -2.76412868, 160.87063599, -0.09379797, 0.13914438, 0.72838718, 0.66429883, -0.13269798, 0.00106943, -0.80563855, 99.97500610, 112.98746490, 32.48999786, 0.00000000
1, 37.6650, 4061, -1.41951883, -1.09306037, 0.68746668, 62.38823318, -184.90783691, 108.30783844, -46.41917419, 9.44168377, -102.45542145, 97.62101746, -5.93899250, 153.59815979, -0.11223509, 0.20483775, 0.72387522, 0.64919144, 1.31609392, 0.10567750, -0.56258672, 99.97500610, 112.98746490, 32.48999786, 0.00000000
1, 37.6700, 4062, -1.54631233, -1.15497220, 0.20706759, 61.92656708, -141.32212830, 93.08837891, -47.41303635, 9.90938282, -100.87693787, 98.01354980, -6.30458927, 152.83116150, -0.11349522, 0.21207753, 0.72408909, 0.64640319, 1.43750834, 0.16998595, -0.07589528, 99.97500610, 112.98746490, 32.48999786, 0.00000000
1, 37.6750, 4063, -1.61012709, -1.19873083, 0.06651302, 64.61413574, -81.68624878, 77.86088562, -47.41303635, 9.90938282, -100.87693787, 98.38933563, -6.63196993, 152.36912537, -0.11327319, 0.21715589, 0.72477883, 0.64397842, 1.49577618, 0.21556687, 0.07092702, 99.97500610, 112.98746490, 32.48999786, 0.00000000
1, 37.6800, 4064, -1.49247527, -1.21290994, 0.05381653, 58.12305832, 15.41583347, 58.42046738, -47.41303635, 9.90938282, -100.87693787, 98.67659760, -6.93160295, 152.40283203, -0.11059269, 0.21884924, 0.72593522, 0.64256704, 1.37294745, 0.23116770, 0.08915564, 99.97500610, 112.98746490, 32.48999786, 0.00000000
1, 37.6850, 4065, -1.23530841, -1.14612353, 0.22857189, 42.28404999, 67.57147980, 50.75168610, -47.58842468, 8.97398376, -100.64308929, 98.85182190, -7.23293972, 152.70089722, -0.10662681, 0.21875639, 0.72696149, 0.64210862, 1.11013269, 0.16525882, -0.08148488, 99.97500610, 112.98746490, 32.48999786, 0.00000000
1, 37.6900, 4066, -0.98206919, -1.06918228, 0.31302944, 31.91081047, 91.84808350, 45.60866165, -47.58842468, 8.97398376, -100.64308929, 98.96984100, -7.58880997, 153.12139893, -0.10172538, 0.21811721, 0.72780430, 0.64216644, 0.85101002, 0.08923631, -0.16314653, 99.97500610, 112.98746490, 32.48999786, 0.00000000
1, 37.6950, 4067, -0.77786130, -1.00752115, 0.30616605, 27.53132820, 91.59906769, 42.78419495, -47.88073730, 10.46477604, -100.76000977, 99.05111694, -7.87080002, 153.54460144, -0.09735756, 0.21702087, 0.72857291, 0.64234340, 0.64135802, 0.02855683, -0.15422487, 99.97500610, 112.98746490, 32.48999786, 0.00000000
1, 37.7000, 4068, -0.59968406, -0.96198261, 0.29858330, 25.27210617, 84.11094666, 41.93342590, -47.88073730, 10.46477604, -100.76000977, 99.12417603, -8.14332294, 153.93103027, -0.09327065, 0.21609405, 0.72924000, 0.64250529, 0.45845896, -0.01611291, -0.14495358, 99.97500610, 112.98746490, 32.48999786, 0.00000000
1, 37.7050, 4069, -0.41797134, -0.91564178, 0.34853140, 23.59000778, 82.04035950, 41.97558975, -47.88073730, 10.46477604, -100.76000977, 99.18850708, -8.41490364, 154.30702209, -0.08926245, 0.21521617, 0.72983819, 0.64269000, 0.27193373, -0.06168433, -0.19334328, 99.97500610, 112.98746490, 32.48999786, 0.00000000
1, 37.7100, 4070, -0.22903787, -0.86270428, 0.41255796, 22.80730629, 81.94147491, 41.45741653, -47.90996552, 9.23706532, -101.49079132, 99.24717712, -8.68425083, 154.68289185, -0.08527778, 0.21431792, 0.73040634, 0.64288586, 0.07817361, -0.11387508, -0.25590977, 99.97500610, 112.98746490, 32.48999786, 0.00000000
1, 37.7150, 4071, -0.06684355, -0.83892965, 0.45969373, 23.77696609, 75.01263428, 40.22835541, -47.90996552, 9.23706532, -101.49079132, 99.31412506, -8.94238853, 155.02511597, -0.08153787, 0.21357533, 0.73097557, 0.64297122, -0.08864602, -0.13686529, -0.30162978, 99.97500610, 112.98746490, 32.48999786, 0.00000000
1, 37.7450, 4072, 0.04486670, -1.09990335, 0.33230051, 14.77071857, -7.49843073, 36.69380951, -49.40076065, 7.98012257, -100.87693787, 100.10205078, -10.11399841, 155.41740417, -0.07013518, 0.21786606, 0.73407918, 0.63933027, -0.22057241, 0.12997276, -0.16161959, 99.97500610, 112.98746490, 32.48999786, 0.00000000
1, 37.7500, 4073, -0.01021560, -1.06233966, 0.35776749, 7.84445667, -11.81424046, 34.05019760, -49.40076065, 7.98012257, -100.87693787, 100.15747833, -10.27125931, 155.32815552, -0.06948649, 0.21930873, 0.73393971, 0.63906801, -0.16833147, 0.09304616, -0.18618977, 99.97500610, 112.98746490, 32.48999786, 0.00000000
1, 37.7550, 4074, -0.08593401, -1.01855350, 0.36854288, 3.35677958, -17.62364578, 32.11108398, -49.40076065, 7.98012257, -100.87693787, 100.19564056, -10.41386700, 155.21141052, -0.06912024, 0.22083785, 0.73367393, 0.63888633, -0.09514453, 0.04981549, -0.19646469, 99.97500610, 112.98746490, 32.48999786, 0.00000000
1, 37.7600, 4075, -0.17766473, -0.98419881, 0.35075510, 2.57539368, -23.68214417, 31.73125839, -49.37152863, 10.11400127, -100.70154572, 100.23563385, -10.54920959, 155.06451416, -0.06896553, 0.22252104, 0.73336947, 0.63866842, -0.00571530, 0.01603292, -0.17827347, 99.97500610, 112.98746490, 32.48999786, 0.00000000
1, 37.7650, 4076, -0.26419404, -0.97671270, 0.33041349, 4.26027584, -27.64579010, 32.03596115, -49.37152863, 10.11400127, -100.70154572, 100.28815460, -10.68242168, 154.89732361, -0.06891251, 0.22432895, 0.73309487, 0.63835698, 0.07857455, 0.00915011, -0.15738744, 99.97500610, 112.98746490, 32.48999786, 0.00000000
1, 37.7700, 4077, -0.32294962, -0.99002504, 0.31752616, 6.99296379, -27.00986481, 32.64727402, -49.22537231, 8.33089733, -100.90616608, 100.35425568, -10.81899834, 154.73255920, -0.06879530, 0.22614579, 0.73288971, 0.63796395, 0.13503873, 0.02310971, -0.14368209, 99.97500610, 112.98746490, 32.48999786, 0.00000000
1, 37.7750, 4078, -0.35265815, -1.00838649, 0.32710144, 8.83026886, -22.99506760, 32.92989349, -49.22537231, 8.33089733, -100.90616608, 100.42623901, -10.96033859, 154.58741760, -0.06852376, 0.22786430, 0.73274267, 0.63755047, 0.16232166, 0.04212797, -0.15224484, 99.97500610, 112.98746490, 32.48999786, 0.00000000
1, 37.7800, 4079, -0.41535023, -1.02510583, 0.36178464, 8.81523705, -15.98200989, 32.43125153, -49.22537231, 8.33089733, -100.90616608, 100.49171448, -11.10536671, 154.47761536, -0.06804224, 0.22937076, 0.73261899, 0.63720387, 0.22245374, 0.05947430, -0.18605196, 99.97500610, 112.98746490, 32.48999786, 0.00000000
1, 37.8050, 4080, -0.44817916, -1.01331377, 0.23468091, 8.16208172, 38.03549194, 19.35570526, -49.83922958, 8.85705948, -100.05846405, 100.58039856, -11.90308857, 154.85008240, -0.06049743, 0.23124149, 0.73236638, 0.63757896, 0.24188779, 0.05094443, -0.05780428, 99.97500610, 112.98746490, 32.48999786, 0.00000000
1, 37.8100, 4081, -0.33602968, -1.03485453, 0.21991292, 11.47933769, 40.22090912, 19.47072601, -49.19614029, 10.31861973, -100.23384857, 100.59985352, -12.03530312, 155.03413391, -0.05855568, 0.23077077, 0.73259634, 0.63766664, 0.12752941, 0.07302643, -0.04261048, 99.97500610, 112.98746490, 32.48999786, 0.00000000
1, 37.8150, 4082, -0.25547317, -1.05835271, 0.23139194, 12.72654724, 40.02313995, 19.45013428, -49.19614029, 10.31861973, -100.23384857, 100.62535095, -12.16728783, 155.21723938, -0.05660811, 0.23030700, 0.73285776, 0.63770974, 0.04468868, 0.09705764, -0.05360106, 99.97500610, 112.98746490, 32.48999786, 0.00000000
1, 37.8200, 4083, -0.20013280, -1.07613158, 0.24410005, 11.59586239, 39.32517242, 19.09736443, -49.57614517, 11.04940033, -101.11078644, 100.64542389, -12.29700089, 155.39718628, -0.05470371, 0.22984794, 0.73308647, 0.63777870, -0.01290844, 0.11535767, -0.06592096, 99.97500610, 112.98746490, 32.48999786, 0.00000000
1, 37.8250, 4084, -0.15495259, -1.08463359, 0.24353971, 9.44170189, 37.86307144, 18.28373909, -49.57614517, 11.04940033, -101.11078644, 100.65574646, -12.42144108, 155.57057190, -0.05288997, 0.22939782, 0.73325717, 0.63789761, -0.06023280, 0.12436165, -0.06513516, 99.97500610, 112.98746490, 32.48999786, 0.00000000
1, 37.8300, 4085, -0.11216601, -1.08010578, 0.22629711, 7.38044500, 34.65447617, 17.70771790, -49.57614517, 11.04940033, -101.11078644, 100.65876770, -12.54014778, 155.72843933, -0.05121513, 0.22901334, 0.73336631, 0.63804686, -0.10502514, 0.12032104, -0.04778578, 99.97500610, 112.98746490, 32.48999786, 0.00000000
1, 37.8350, 4086, -0.08140813, -1.07285559, 0.20440990, 5.48447323, 29.65856552, 17.64782524, -50.21923447, 11.31248188, -100.99385834, 100.65744781, -12.65401459, 155.86123657, -0.04972026, 0.22876169, 0.73341000, 0.63820517, -0.13768864, 0.11353538, -0.02589541, 99.97500610, 112.98746490, 32.48999786, 0.00000000
1, 37.8400, 4087, -0.07990544, -1.05187297, 0.19716643, 2.49264979, 24.12819862, 17.69429970, -50.21923447, 11.31248188, -100.99385834, 100.64797974, -12.66242027, 155.96591187, -0.04910016, 0.22813185, 0.73355013, 0.63831753, -0.14019385, 0.09276914, -0.01876684, 99.97500610, 112.98746490, 32.48999786, 0.00000000
1, 37.8450, 4088, -0.09672230, -1.02512169, 0.19702268, -0.12997176, 20.25568199, 17.00444412, -49.86845779, 11.63402462, -100.87693787, 100.62859344, -12.76453972, 156.05203247, -0.04797908, 0.22810975, 0.73342180, 0.63855815, -0.12430592, 0.06617042, -0.01894578, 99.97500610, 112.98746490, 32.48999786, 0.00000000
1, 37.8500, 4089, -0.12970015, -0.94658029, 0.19959794, -3.21420026, 15.80669785, 14.02832985, -49.86845779, 11.63402462, -100.87693787, 100.59793854, -12.84797287, 156.11859131, -0.04711373, 0.22811022, 0.73322654, 0.63884652, -0.09282982, -0.01212981, -0.02200674, 99.97500610, 112.98746490, 32.48999786, 0.00000000
1, 37.8550, 4090, -0.16802432, -0.95816636, 0.16256119, -1.68302190, 15.42679977, 12.98326969, -49.86845779, 11.63402462, -100.87693787, 100.57504272, -12.92587185, 156.18424988, -0.04627461, 0.22809090, 0.73308301, 0.63907951, -0.05574109, -0.00026942, 0.01440838, 99.97500610, 112.98746490, 32.48999786, 0.00000000
1, 37.8900, 4091, -0.29991534, -0.98496747, 0.18196489, -0.89907324, 18.82094002, 15.54289627, -49.66384125, 11.89710617, -101.05232239, 100.49811554, -13.61042786, 156.60688782, -0.03951167, 0.22896412, 0.73220110, 0.64023113, 0.06491502, 0.02885068, -0.00711724, 99.97500610, 112.98746490, 32.48999786, 0.00000000
1, 37.8950, 4092, -0.28144398, -0.95796490, 0.18189199, -1.51547110, 19.75956345, 15.39785480, -50.19000244, 11.66325665, -101.46156311, 100.47048187, -13.70399189, 156.69261169, -0.03846496, 0.22889975, 0.73203993, 0.64050210, 0.04448123, 0.00223593, -0.00747162, 99.97500610, 112.98746490, 32.48999786, 0.00000000
1, 37.9000, 4093, -0.27028167, -0.95446157, 0.18757395, -0.74899960, 21.12073898, 15.56075001, -50.19000244, 11.66325665, -101.46156311, 100.44493103, -13.79952431, 156.78515625, -0.03736261, 0.22880328, 0.73190004, 0.64076167, 0.03169543, -0.00097253, -0.01363781, 99.97500610, 112.98746490, 32.48999786, 0.00000000
1, 37.9050, 4094, -0.25968918, -0.95696282, 0.20723200, 0.78278679, 23.82079124, 15.36024284, -50.57000732, 11.45863724, -101.72463989, 100.42353058, -13.89645576, 156.89163208, -0.03616458, 0.22862704, 0.73180825, 0.64099813, 0.01941121, 0.00182672, -0.03371175, 99.97500610, 112.98746490, 32.48999786, 0.00000000
1, 37.9100, 4095, -0.26527759, -0.95539224, 0.23224822, 1.08222282, 25.37274742, 14.65732670, -50.57000732, 11.45863724, -101.72463989, 100.40139771, -13.99127388, 157.00669861, -0.03493371, 0.22838499, 0.73173320, 0.64123827, 0.02331964, 0.00054320, -0.05917289, 99.97500610, 112.98746490, 32.48999786, 0.00000000
1, 37.9150, 4096, -0.27060708, -0.95501399, 0.24660937, 1.30582225, 27.30780029, 13.92945576, -50.57000732, 11.45863724, -101.72463989, 100.37760162, -14.08418369, 157.13237000, -0.03365933, 0.22806524, 0.73167330, 0.64148849, 0.02703550, 0.00045631, -0.07401273, 99.97500610, 112.98746490, 32.48999786, 0.00000000
1, 37.9200, 4097, -0.28625789, -0.96288133, 0.25324801, 2.63145518, 29.41336632, 13.75245571, -50.68693161, 11.25401878, -101.95848846, 100.35758209, -14.17804623, 157.26893616, -0.03230962, 0.22768237, 0.73165411, 0.64171582, 0.04108754, 0.00863961, -0.08112578, 99.97500610, 112.98746490, 32.48999786, 0.00000000
1, 37.9250, 4098, -0.29971048, -0.96845555, 0.25658378, 3.46266890, 31.36108971, 14.17387199, -50.68693161, 11.25401878, -101.95848846, 100.33914948, -14.27566338, 157.41511536, -0.03087771, 0.22725895, 0.73165518, 0.64193517, 0.05289826, 0.01455860, -0.08488754, 99.97500610, 112.98746490, 32.48999786, 0.00000000
1, 37.9300, 4099, -0.31259766, -0.96590102, 0.26080757, 3.75594068, 33.68611908, 14.64618397, -50.04384613, 10.66939449, -101.98772430, 100.31909180, -14.37761116, 157.57276917, -0.02935548, 0.22678508, 0.73166120, 0.64216715, 0.06406747, 0.01236656, -0.08954009, 99.97500610, 112.98746490, 32.48999786, 0.00000000
1, 37.9350, 4100, -0.31060439, -0.95765507, 0.26740342, 3.72076917, 36.61005783, 14.71632385, -50.04384613, 10.66939449, -101.98772430, 100.29488373, -14.48243904, 157.74531555, -0.02773833, 0.22623070, 0.73166740, 0.64242750, 0.06029938, 0.00448447, -0.09658070, 99.97500610, 112.98746490, 32.48999786, 0.00000000
1, 38.0100, 4101, -0.36517775, -0.92960882, 0.12502076, 1.52122617, 44.79480743, 13.95794964, -50.51154709, 12.36480522, -102.77696228, 99.70828247, -16.21669579, 161.00964355, 0.00104313, 0.21453071, 0.73139423, 0.64733148, 0.08603640, -0.01714864, 0.03471083, 99.97500610, 112.98746490, 32.48999786, 0.00000000
1, 38.0150, 4102, -0.38257203, -0.94540298, 0.12701295, 2.41508532, 47.40869904, 14.21918774, -50.51154709, 12.36480522, -102.77696228, 99.65576935, -16.32625008, 161.24081421, 0.00297903, 0.21364146, 0.73132730, 0.64769512, 0.10160670, -0.00098332, 0.03169429, 99.97500610, 112.98746490, 32.48999786, 0.00000000
1, 38.0200, 4103, -0.36661613, -0.95303893, 0.13786493, 2.35408306, 49.46793747, 14.02368164, -50.07307816, 12.36480522, -103.21543121, 99.59942627, -16.43634224, 161.48295593, 0.00497442, 0.21268672, 0.73125660, 0.64807677, 0.08377884, 0.00701295, 0.01986266, 99.97500610, 112.98746490, 32.48999786, 0.00000000
1, 38.0250, 4104, -0.33685091, -0.96650350, 0.14946714, 2.43418121, 51.63204193, 13.86393166, -50.07307816, 12.36480522, -103.21543121, 99.53975677, -16.54718399, 161.73661804, 0.00703496, 0.21166438, 0.73118538, 0.64847261, 0.05213445, 0.02083428, 0.00725287, 99.97500610, 112.98746490, 32.48999786, 0.00000000
1, 38.0300, 4105, -0.31038940, -0.97877169, 0.13832413, 2.41135883, 53.48191452, 13.69800282, -50.45308304, 12.51096153, -103.18620300, 99.47665405, -16.65845871, 162.00021362, 0.00914939, 0.21058312, 0.73111033, 0.64888275, 0.02383833, 0.03349491, 0.01732264, 99.97500610, 112.98746490, 32.48999786, 0.00000000
1, 38.0350, 4106, -0.28618234, -0.98386812, 0.12131669, 2.18269539, 54.67185593, 13.37875366, -50.45308304, 12.51096153, -103.18620300, 99.41001129, -16.76884651, 162.27050781, 0.01129059, 0.20945683, 0.73102701, 0.64930731, -0.00217356, 0.03898465, 0.03320565, 99.97500610, 112.98746490, 32.48999786, 0.00000000
1, 38.0400, 4107, -0.27746162, -0.99055147, 0.12249199, 2.05695081, 56.14455032, 12.92472649, -50.45308304, 12.51096153, -103.18620300, 99.32473755, -16.86628914, 162.55351257, 0.01338573, 0.20818403, 0.73088253, 0.64983928, -0.01263106, 0.04597326, 0.03069237, 99.97500610, 112.98746490, 32.48999786, 0.00000000
1, 38.0450, 4108, -0.25981709, -0.99312127, 0.14303663, 1.26012063, 57.25981140, 12.61092949, -50.21923447, 9.17860222, -103.56620789, 99.24827576, -16.97425079, 162.83840942, 0.01557892, 0.20695746, 0.73076957, 0.65030897, -0.03203301, 0.04879853, 0.00874643, 99.97500610, 112.98746490, 32.48999786, 0.00000000
1, 38.0500, 4109, -0.23403916, -0.99309361, 0.15789573, 0.64404047, 58.25887299, 12.85289860, -50.21923447, 9.17860222, -103.56620789, 99.16668701, -17.08383751, 163.12857056, 0.01780523, 0.20570938, 0.73063147, 0.65080285, -0.05967050, 0.04908099, -0.00746512, 99.97500610, 112.98746490, 32.48999786, 0.00000000
1, 38.0550, 4110, -0.20489131, -0.98631084, 0.16157870, 0.45701909, 59.11750412, 13.29637146, -50.16077042, 12.18941784, -104.18006134, 99.08232880, -17.19588470, 163.42314148, 0.02006972, 0.20444967, 0.73047847, 0.65130544, -0.09068143, 0.04263388, -0.01253344, 99.97500610, 112.98746490, 32.48999786, 0.00000000
1, 38.0750, 4111, -0.07746446, -1.00790405, 0.16285704, 2.15865231, 61.00149155, 19.62900734, -49.45922089, 12.18941784, -103.71236420, 98.75590515, -17.71540451, 164.63737488, 0.02984003, 0.19959562, 0.72983879, 0.65315121, -0.22662646, 0.06601676, -0.01933694, 99.97500610, 112.98746490, 32.48999786, 0.00000000
1, 38.0800, 4112, -0.02791085, -1.04266882, 0.18648592, 2.97299099, 59.02306747, 22.55092049, -49.86845779, 12.13095570, -104.15083313, 98.68283844, -17.87110710, 164.92605591, 0.03238676, 0.19862261, 0.72964996, 0.65353733, -0.27876920, 0.10135338, -0.04426026, 99.97500610, 112.98746490, 32.48999786, 0.00000000
1, 38.0850, 4113, 0.01214113, -1.06244195, 0.21919045, 2.80839205, 58.50725937, 25.13458443, -49.86845779, 12.13095570, -104.15083313, 98.60951233, -18.03884697, 165.21051025, 0.03498931, 0.19774511, 0.72942936, 0.65391546, -0.32165325, 0.12177103, -0.07821982, 99.97500610, 112.98746490, 32.48999786, 0.00000000
1, 38.0900, 4114, 0.03070172, -1.06669998, 0.15113068, 0.32008985, 55.83239746, 26.85511398, -49.86845779, 12.13095570, -104.15083313, 98.51252747, -18.09299278, 165.48475647, 0.03674507, 0.19632483, 0.72925270, 0.65444404, -0.34189999, 0.12652341, -0.01163425, 99.97500610, 112.98746490, 32.48999786, 0.00000000
1, 38.0950, 4115, 0.00869723, -1.03647625, 0.01579103, -1.04129469, 54.20027924, 29.07687950, -50.01461411, 12.16018677, -104.38468170, 98.42657471, -18.27630424, 165.74465942, 0.03929058, 0.19569899, 0.72888720, 0.65489066, -0.32157570, 0.09694606, 0.12205879, 99.97500610, 112.98746490, 32.48999786, 0.00000000
1, 38.1000, 4116, 0.01463915, -1.01696074, -0.02606071, 0.36120093, 50.56361008, 31.63631058, -50.01461411, 12.16018677, -104.38468170, 98.35327148, -18.46930504, 165.98420715, 0.04180560, 0.19525473, 0.72854108, 0.65525252, -0.33056080, 0.07834512, 0.16255096, 99.97500610, 112.98746490, 32.48999786, 0.00000000
1, 38.1050, 4117, 0.05227000, -1.00792134, 0.00060104, 1.44437683, 47.13856125, 35.43167877, -49.98538208, 12.21864891, -105.02777100, 98.29107666, -18.67834854, 166.20355225, 0.04432952, 0.19502559, 0.72819525, 0.65553921, -0.37164906, 0.07023014, 0.13476844, 99.97500610, 112.98746490, 32.48999786, 0.00000000
1, 38.1100, 4118, 0.12642179, -1.02273738, 0.04902456, 1.97896814, 42.19248199, 40.00396729, -49.98538208, 12.21864891, -105.02777100, 98.24008179, -18.90630150, 166.39411926, 0.04683189, 0.19508094, 0.72783089, 0.65575343, -0.44960582, 0.08607581, 0.08544775, 99.97500610, 112.98746490, 32.48999786, 0.00000000
1, 38.1700, 4119, 0.17736118, -1.19003701, 0.08186983, -0.18964480, 21.14320183, 90.81121063, -51.76848984, 14.46945286, -105.11546326, 97.87679291, -23.07186890, 167.54861450, 0.08010244, 0.21070445, 0.72016966, 0.65615773, -0.56757063, 0.27778703, 0.04288454, 99.97500610, 112.98746490, 32.48999786, 0.00000000
1, 38.1750, 4120, 0.18290886, -1.16736388, 0.10629527, -0.05830808, 20.19280624, 95.65914154, -51.76848984, 14.46945286, -105.11546326, 97.86248779, -23.55942154, 167.58708191, 0.08348056, 0.21312410, 0.71921802, 0.65599889, -0.58088809, 0.25831157, 0.01780627, 99.97500610, 112.98746490, 32.48999786, 0.00000000
1, 38.1800, 4121, 0.18527569, -1.16930532, 0.11208065, 1.61370587, 21.05327606, 99.61926270, -52.09003067, 14.61560917, -105.34931183, 97.85545349, -24.06715393, 167.62754822, 0.08701329, 0.21563281, 0.71826094, 0.65576863, -0.59129745, 0.26371133, 0.01138745, 99.97500610, 112.98746490, 32.48999786, 0.00000000
1, 38.1850, 4122, 0.18615188, -1.19199145, 0.12778701, 4.36839151, 23.78072357, 104.55650330, -52.09003067, 14.61560917, -105.34931183, 97.85723114, -24.60114479, 167.67936707, 0.09079675, 0.21820273, 0.71731126, 0.65544504, -0.60063219, 0.29012257, -0.00485672, 99.97500610, 112.98746490, 32.48999786, 0.00000000
1, 38.1900, 4123, 0.20249087, -1.21814871, 0.13073844, 4.72342539, 24.60718155, 108.00679779, -52.09003067, 14.61560917, -105.02777100, 97.85415649, -25.05223465, 167.73564148, 0.09405383, 0.22029617, 0.71649659, 0.65517646, -0.62486029, 0.31986564, -0.00831500, 99.97500610, 112.98746490, 32.48999786, 0.00000000
1, 38.1950, 4124, 0.22148342, -1.23391187, 0.12252738, 4.70088005, 24.34607506, 111.64628601, -52.79158020, 15.25869656, -105.02777100, 97.85762787, -25.62172508, 167.78569031, 0.09805751, 0.22306050, 0.71545672, 0.65479046, -0.65195739, 0.33943635, -0.00059883, 99.97500610, 112.98746490, 32.48999786, 0.00000000
1, 38.2000, 4125, 0.26173052, -1.25980675, 0.13251247, 5.59888363, 24.44045830, 115.31759644, -52.79158020, 15.25869656, -105.02777100, 97.86608887, -26.20947266, 167.83366394, 0.10217549, 0.22592691, 0.71438813, 0.65434456, -0.70139670, 0.36971390, -0.01102375, 99.97500610, 112.98746490, 32.48999786, 0.00000000
1, 38.2050, 4126, 0.31436038, -1.29238319, 0.15745021, 5.88792801, 24.97363472, 119.35760498, -53.34697342, 14.00175381, -105.20315552, 97.87557983, -26.81758690, 167.88169861, 0.10642573, 0.22889622, 0.71326637, 0.65385872, -0.76351619, 0.40689826, -0.03637668, 99.97500610, 112.98746490, 32.48999786, 0.00000000
1, 38.2100, 4127, 0.37714794, -1.33079553, 0.18187441, 6.37341785, 23.94366074, 123.28778076, -53.34697342, 14.00175381, -105.20315552, 97.89101410, -27.44447708, 167.92111206, 0.11075810, 0.23200808, 0.71210337, 0.65330982, -0.83604395, 0.45018035, -0.06117288, 99.97500610, 112.98746490, 32.48999786, 0.00000000
1, 38.2150, 4128, 0.43205011, -1.37239826, 0.21148559, 6.36616135, 22.55366135, 127.53109741, -54.04852295, 16.51563835, -105.20315552, 97.91121674, -28.09144592, 167.94950867, 0.11516505, 0.23528400, 0.71088207, 0.65270603, -0.90094769, 0.49691838, -0.09113284, 99.97500610, 112.98746490, 32.48999786, 0.00000000
1, 38.2200, 4129, 0.48301432, -1.40551794, 0.23064718, 5.71940136, 21.09000969, 131.71070862, -54.04852295, 16.51563835, -105.20315552, 97.93346405, -28.75816536, 167.96629333, 0.11963566, 0.23872679, 0.70958352, 0.65206444, -0.96213120, 0.53546906, -0.11064015, 99.97500610, 112.98746490, 32.48999786, 0.00000000
1, 38.2300, 4130, 0.51850414, -1.48027301, 0.24071307, 4.92226410, 21.13788795, 139.64379883, -54.31160355, 16.45717621, -106.10932159, 97.97570801, -30.15045929, 167.98811340, 0.12887804, 0.24597245, 0.70674467, 0.65069205, -1.01869226, 0.62198567, -0.12173327, 99.97500610, 112.98746490, 32.48999786, 0.00000000
1, 38.2350, 4131, 0.52257276, -1.51157105, 0.24226673, 6.00286818, 23.77688599, 143.30331421, -54.31160355, 16.45717621, -106.10932159, 97.99603271, -30.87643814, 168.01062012, 0.13375120, 0.24966741, 0.70523822, 0.64993525, -1.03358757, 0.65959567, -0.12389797, 99.97500610, 112.98746490, 32.48999786, 0.00000000
1, 38.2400, 4132, 0.52714932, -1.53695798, 0.25080007, 7.72338295, 29.79146194, 148.78775024, -55.48085403, 17.53873062, -106.25547791, 98.01087189, -31.57875443, 168.06257629, 0.13862167, 0.25305194, 0.70379454, 0.64917022, -1.04901648, 0.69145942, -0.13312717, 99.97500610, 112.98746490, 32.48999786, 0.00000000
1, 38.2450, 4133, 0.52437717, -1.56564069, 0.25182062, 9.32127571, 36.59278488, 151.90896606, -55.48085403, 17.53873062, -106.25547791, 98.01151276, -32.35614014, 168.15290833, 0.14415734, 0.25660610, 0.70215350, 0.64834601, -1.05729699, 0.72693348, -0.13508885, 99.97500610, 112.98746490, 32.48999786, 0.00000000
1, 38.2500, 4134, 0.51652324, -1.60721922, 0.25843421, 12.23966694, 45.85527420, 154.54624939, -55.48085403, 17.53873062, -106.25547791, 97.99687958, -33.15292740, 168.29652405, 0.15007667, 0.25994754, 0.70047367, 0.64748824, -1.06111348, 0.77584875, -0.14297268, 99.97500610, 112.98746490, 32.48999786, 0.00000000
1, 38.2550, 4135, 0.50010556, -1.65560973, 0.24926864, 13.85057735, 57.27452850, 156.83094788, -56.21163177, 18.67874908, -105.99240112, 97.95114899, -33.96875763, 168.50794983, 0.15641953, 0.26301137, 0.69870293, 0.64666241, -1.05649233, 0.83188462, -0.13554518, 99.97500610, 112.98746490, 32.48999786, 0.00000000
1, 38.2600, 4136, 0.45628762, -1.69040155, 0.23882252, 14.87950897, 69.86219025, 159.57154846, -56.21163177, 18.67874908, -105.99240112, 97.86485291, -34.80651093, 168.79588318, 0.16322608, 0.26578102, 0.69680530, 0.64589483, -1.02466702, 0.87462723, -0.12746823, 99.97500610, 112.98746490, 32.48999786, 0.00000000
1, 38.2650, 4137, 0.39639977, -1.69831574, 0.22100389, 14.11249352, 83.64588928, 161.17172241, -56.12393951, 19.29260445, -106.66471863, 97.72084808, -35.66097641, 169.17115784, 0.17047755, 0.26819959, 0.69472718, 0.64526004, -0.97689474, 0.89076251, -0.11279301, 99.97500610, 112.98746490, 32.48999786, 0.00000000
1, 38.2700, 4138, 0.41945228, -1.74841726, 0.13088183, 18.16241074, 98.41543579, 159.68452454, -56.12393951, 19.29260445, -106.66471863, 97.53422546, -36.51678467, 169.64537048, 0.17817011, 0.27010825, 0.69262552, 0.64464474, -1.01184344, 0.94936132, -0.02637001, 99.97500610, 112.98746490, 32.48999786, 0.00000000
1, 38.2750, 4139, 0.54704869, -1.75173497, 0.10846600, 24.22726822, 110.78134155, 156.01129150, -56.12393951, 19.29260445, -106.66471863, 97.31902313, -37.36085510, 170.20819092, 0.18619078, 0.27149171, 0.69059414, 0.64397597, -1.15122819, 0.96110177, -0.00765448, 99.97500610, 112.98746490, 32.48999786, 0.00000000
1, 38.3250, 4140, -0.75062561, -1.42437935, 0.29891482, 11.72712135, 85.09409332, 166.77484131, -57.90704346, 22.71265602, -108.18473816, 94.36383820, -45.26189041, 176.09382629, 0.26070735, 0.28445661, 0.66772962, 0.63659519, 0.04221231, 0.71946549, -0.24844469, 99.97500610, 112.98746490, 32.48999786, 0.00000000
1, 38.3300, 4141, -0.80448580, -1.47474897, 0.12029088, 6.97782183, 71.57709503, 165.14608765, -57.99473953, 23.99883080, -108.47705078, 94.09618378, -46.11119461, 176.51957703, 0.26746783, 0.28717542, 0.66504908, 0.63537472, 0.08604530, 0.78048700, -0.07423198, 99.97500610, 112.98746490, 32.48999786, 0.00000000
1, 38.3350, 4142, -0.70716721, -1.52162361, 0.04462765, 16.86594772, 64.31739044, 159.09861755, -57.99473953, 23.99883080, -108.47705078, 93.90118408, -46.92651367, 176.90722656, 0.27395719, 0.28978753, 0.66276324, 0.63381034, -0.02100935, 0.83766735, -0.00169123, 99.97500610, 112.98746490, 32.48999786, 0.00000000
1, 38.3400, 4143, -0.56253171, -1.59547031, 0.14097570, 18.41322899, 70.63968658, 154.53262329, -58.66705704, 25.05115509, -109.32476044, 93.67067719, -47.69255447, 177.35092163, 0.28033850, 0.29191709, 0.66055357, 0.63234782, -0.17521599, 0.92121041, -0.10100382, 99.97500610, 112.98746490, 32.48999786, 0.00000000
1, 38.3450, 4144, -0.54900062, -1.68056619, 0.31389123, 10.12870979, 73.70027924, 142.96855164, -58.66705704, 25.05115509, -109.32476044, 93.36116791, -48.42798996, 177.83747864, 0.28653663, 0.29385799, 0.65810305, 0.63122481, -0.19777456, 1.01529646, -0.27805370, 99.97500610, 112.98746490, 32.48999786, 0.00000000
1, 38.3500, 4145, -0.52173924, -1.60043705, 0.56311107, -18.22242165, 62.11292267, 129.31280518, -58.66705704, 25.05115509, -109.32476044, 92.95745850, -49.09048843, 178.25534058, 0.29165086, 0.29607153, 0.65516049, 0.63090909, -0.23355266, 0.94345033, -0.53192842, 99.97500610, 112.98746490, 32.48999786, 0.00000000
1, 38.3550, 4146, -0.40529534, -1.44557071, 0.41186300, -29.77128792, 52.55732727, 116.85864258, -58.57936096, 25.78193474, -109.90938568, 92.53549957, -49.68671417, 178.61698914, 0.29598960, 0.29833016, 0.65215743, 0.63093579, -0.35661322, 0.79669261, -0.38535675, 99.97500610, 112.98746490, 32.48999786, 0.00000000
1, 38.3600, 4147, -0.34326118, -1.33522320, 0.25553906, -28.28007507, 41.63542557, 106.51935577, -58.57936096, 25.78193474, -109.90938568, 92.17293549, -50.22744751, 178.90765381, 0.29974338, 0.30056807, 0.64945120, 0.63089299, -0.42449015, 0.69379002, -0.23329341, 99.97500610, 112.98746490, 32.48999786, 0.00000000
1, 38.3650, 4148, -0.36484286, -1.17546546, 0.20847599, -28.37920761, 27.12592888, 97.06121826, -58.43320465, 25.25577354, -109.58783722, 91.88790131, -50.71742249, 179.09483337, 0.30281705, 0.30293313, 0.64703989, 0.63077164, -0.40839612, 0.54074204, -0.18965608, 99.97500610, 112.98746490, 32.48999786, 0.00000000
1, 38.3700, 4149, -0.41254035, -0.95521677, 0.19635034, -29.50886154, 15.21345043, 86.41620636, -58.43320465, 25.25577354, -109.58783722, 91.66341400, -51.15192413, 179.19534302, 0.30524072, 0.30533621, 0.64488268, 0.63065392, -0.36560997, 0.32649028, -0.18011335, 99.97500610, 112.98746490, 32.48999786, 0.00000000
1, 38.4000, 4150, -0.63268936, -0.58186352, 0.19882026, -18.08027077, -9.15417480, 21.22894096, -59.69014740, 24.61268616, -110.40631104, 90.98654175, -52.54238510, 179.44180298, 0.31259662, 0.31338561, 0.63798511, 0.63011742, -0.16138369, -0.02684486, -0.19082189, 99.97500610, 112.98746490, 32.48999786, 0.00000000
1, 38.4050, 4151, -0.55688763, -0.58377182, 0.24706872, -19.73164368, -18.48900604, 13.31598282, -59.36860657, 27.00964546, -110.02630615, 91.01024628, -52.60775757, 179.28796387, 0.31218126, 0.31453466, 0.63751179, 0.63022983, -0.23810902, -0.02396552, -0.23887220, 99.97500610, 112.98746490, 32.48999786, 0.00000000
1, 38.4100, 4152, -0.42044973, -0.56637967, 0.30035910, -22.85163498, -33.45040894, 2.72879648, -59.36860657, 27.00964546, -110.02630615, 91.11517334, -52.61885834, 179.01214600, 0.31101507, 0.31584418, 0.63729918, 0.63036650, -0.37491751, -0.04111520, -0.29082727, 99.97500610, 112.98746490, 32.48999786, 0.00000000
1, 38.4150, 4153, -0.35026789, -0.50348997, 0.26984578, -27.15882301, -44.15880966, -6.97075558, -59.83630371, 27.79888916, -109.64630127, 91.26718140, -52.58012009, 178.64978027, 0.30922353, 0.31723702, 0.63724375, 0.63060451, -0.44474691, -0.10428593, -0.25853994, 99.97500610, 112.98746490, 32.48999786, 0.00000000
1, 38.4200, 4154, -0.33485684, -0.41727570, 0.21154577, -29.56928825, -53.02503204, -17.28148079, -59.83630371, 27.79888916, -109.64630127, 91.46252441, -52.48822403, 178.21714783, 0.30686626, 0.31861910, 0.63737941, 0.63092190, -0.45917988, -0.19144636, -0.19807258, 99.97500610, 112.98746490, 32.48999786, 0.00000000
1, 38.4250, 4155, -0.34524173, -0.33546305, 0.16776195, -29.73189735, -59.63238144, -28.02266121, -59.83630371, 27.79888916, -109.64630127, 91.69606781, -52.34079742, 177.73440552, 0.30402404, 0.31988493, 0.63774216, 0.63129079, -0.44726723, -0.27496791, -0.15174931, 99.97500610, 112.98746490, 32.48999786, 0.00000000
1, 38.4300, 4156, -0.35776362, -0.26636893, 0.14578421, -28.32671165, -66.50177002, -38.89520264, -59.77784348, 27.12657166, -109.73399353, 91.97543335, -52.13666916, 177.20129395, 0.30070665, 0.32101625, 0.63837856, 0.63166201, -0.43266165, -0.34655997, -0.12676069, 99.97500610, 112.98746490, 32.48999786, 0.00000000
1, 38.4350, 4157, -0.35929587, -0.21590453, 0.15432112, -26.25271034, -75.79705811, -50.04438782, -59.77784348, 27.12657166, -109.73399353, 92.31694794, -51.87339020, 176.60058594, 0.29684713, 0.32206228, 0.63934004, 0.63198256, -0.42848659, -0.40032768, -0.13161135, 99.97500610, 112.98746490, 32.48999786, 0.00000000
1, 38.4800, 4158, -0.44558522, -0.13660139, 0.16218993, -9.31806660, -153.45353699, -158.73968506, -61.59017944, 26.51271439, -106.66471863, 97.79473877, -46.44092941, 168.19862366, 0.23341106, 0.32901546, 0.66217691, 0.63149816, -0.28218329, -0.54382157, -0.07236217, 99.97500610, 112.98746490, 32.48999786, 0.00000000
1, 38.4850, 4159, -0.41012940, -0.19392435, 0.23905748, -6.53229189, -150.87977600, -169.26451111, -61.59017944, 26.51271439, -106.66471863, 98.41083527, -45.49782562, 167.29347229, 0.22427613, 0.32835218, 0.66591865, 0.63121897, -0.30660093, -0.49717474, -0.14011927, 99.97500610, 112.98746490, 32.48999786, 0.00000000
1, 38.4900, 4160, -0.39516640, -0.26829323, 0.29348266, -8.16096020, -150.29115295, -177.01130676, -61.15171051, 24.90499878, -105.43700409, 99.02276611, -44.51625824, 166.39930725, 0.21489374, 0.32755539, 0.66979110, 0.63079953, -0.30973041, -0.43373126, -0.18551099, 99.97500610, 112.98746490, 32.48999786, 0.00000000
1, 38.4950, 4161, -0.38323063, -0.32205769, 0.31224263, -13.29881287, -150.36064148, -183.25697327, -61.15171051, 24.90499878, -105.43700409, 99.52962494, -43.49187851, 165.57080078, 0.20524672, 0.32646573, 0.67340457, 0.63073003, -0.30905649, -0.39109224, -0.19565000, 99.97500610, 112.98746490, 32.48999786, 0.00000000
1, 38.5000, 4162, -0.37107262, -0.34848839, 0.29497394, -18.86697769, -150.12234497, -189.41969299, -61.15171051, 24.90499878, -105.08622742, 99.97414398, -42.43248367, 164.77674866, 0.19533509, 0.32520336, 0.67687595, 0.63081372, -0.30780917, -0.37603572, -0.17052904, 99.97500610, 112.98746490, 32.48999786, 0.00000000
1, 38.5050, 4163, -0.35846630, -0.36219242, 0.27941370, -23.84136009, -149.06889343, -195.95614624, -61.06401443, 23.70651817, -105.08622742, 100.35703278, -41.33771896, 164.02114868, 0.18518163, 0.32372493, 0.68021661, 0.63104308, -0.30632731, -0.37392813, -0.14765900, 99.97500610, 112.98746490, 32.48999786, 0.00000000
1, 38.5100, 4164, -0.33365279, -0.37967664, 0.28676116, -29.49241829, -145.24372864, -203.57461548, -61.06401443, 23.70651817, -105.08622742, 100.66435242, -40.20565414, 163.32101440, 0.17482981, 0.32192290, 0.68339723, 0.63148111, -0.31638265, -0.36833072, -0.14840245, 99.97500610, 112.98746490, 32.48999786, 0.00000000
1, 38.5150, 4165, -0.30360934, -0.37140143, 0.26981702, -36.64147568, -135.57391357, -212.89247131, -61.09324646, 22.04033852, -103.91698456, 100.86707306, -39.03442383, 162.71217346, 0.16438760, 0.31959122, 0.68635541, 0.63226146, -0.33090025, -0.38870394, -0.12579547, 99.97500610, 112.98746490, 32.48999786, 0.00000000
1, 38.5200, 4166, -0.25393420, -0.33387324, 0.21639302, -45.85186005, -118.50473022, -227.96659851, -61.09324646, 22.04033852, -103.91698456, 100.92734528, -37.80428696, 162.24188232, 0.15388958, 0.31636497, 0.68905818, 0.63358516, -0.36382908, -0.43901134, -0.06855841, 99.97500610, 112.98746490, 32.48999786, 0.00000000
1, 38.5250, 4167, -0.23742990, -0.30355331, 0.17721102, -47.27063751, -106.42890167, -238.24645996, -59.92399979, 18.21105003, -102.98158264, 100.91486359, -36.53485870, 161.86665344, 0.14342910, 0.31246385, 0.69169146, 0.63510424, -0.36278933, -0.48239267, -0.02669781, 99.97500610, 112.98746490, 32.48999786, 0.00000000
1, 38.5650, 4168, -0.46078616, -0.65223742, 0.14194526, -40.19209290, -57.52856445, -295.42776489, -55.71470261, 15.78485775, -102.98158264, 99.63795471, -25.14971352, 160.95744324, 0.05987874, 0.26188228, 0.71217453, 0.64856738, 0.02951745, -0.23750567, 0.00764337, 99.97500610, 112.98746490, 32.48999786, 0.00000000
1, 38.5700, 4169, -0.44242004, -0.70475423, 0.16216664, -39.75202942, -53.44438171, -298.56076050, -55.71470261, 15.78485775, -102.98158264, 99.44393158, -23.63380623, 160.93696594, 0.04929153, 0.25421956, 0.71451545, 0.64993119, 0.03508132, -0.19644032, -0.01378381, 99.97500610, 112.98746490, 32.48999786, 0.00000000
1, 38.5750, 4170, -0.40219235, -0.75823474, 0.17913805, -43.16881943, -42.31005096, -302.21279907, -54.57468414, 13.91405964, -102.42619324, 99.21019745, -22.10893440, 160.97340393, 0.03890077, 0.24608868, 0.71664780, 0.65141618, 0.01921211, -0.15391175, -0.03254723, 99.97500610, 112.98746490, 32.48999786, 0.00000000
1, 38.5800, 4171, -0.36712226, -0.79345345, 0.17559139, -46.83052063, -37.47397232, -306.22213745, -54.57468414, 13.91405964, -102.42619324, 98.95116425, -20.56794930, 161.03140259, 0.02850054, 0.23765638, 0.71857947, 0.65295541, 0.00906715, -0.12913868, -0.03144052, 99.97500610, 112.98746490, 32.48999786, 0.00000000
1, 38.5850, 4172, -0.34755427, -0.82076716, 0.17753732, -49.84750366, -33.23539734, -311.23541260, -54.57468414, 13.91405964, -102.42619324, 98.67235565, -19.00519943, 161.10742188, 0.01805332, 0.22890550, 0.72033626, 0.65451670, 0.01499720, -0.11178029, -0.03637887, 99.97500610, 112.98746490, 32.48999786, 0.00000000
1, 38.5900, 4173, -0.34553206, -0.84131968, 0.18611409, -51.01627731, -29.16085052, -317.46783447, -52.61619186, 12.10172462, -102.28003693, 98.38998413, -17.42016602, 161.19895935, 0.00758068, 0.21984057, 0.72199643, 0.65599841, 0.03909532, -0.10064468, -0.04830385, 99.97500610, 112.98746490, 32.48999786, 0.00000000
1, 38.5950, 4174, -0.35408723, -0.86033547, 0.19682156, -50.08873367, -25.08407784, -324.49801636, -52.61619186, 12.10172462, -102.28003693, 98.10397339, -15.79694080, 161.30937195, -0.00299828, 0.21035124, 0.72358483, 0.65739518, 0.07452901, -0.09047665, -0.06257237, 99.97500610, 112.98746490, 32.48999786, 0.00000000
1, 38.6000, 4175, -0.38649076, -0.88533795, 0.20833954, -46.43449020, -20.19793510, -332.34991455, -50.16077042, 8.21397209, -102.80619812, 97.83362579, -14.13761806, 161.44134521, -0.01361522, 0.20042989, 0.72519791, 0.65858215, 0.13466913, -0.07370122, -0.07772583, 99.97500610, 112.98746490, 32.48999786, 0.00000000
1, 38.6050, 4176, -0.43822101, -0.96476340, 0.19776462, -40.55633163, -14.05852699, -340.83114624, -50.16077042, 8.21397209, -102.80619812, 97.58979034, -12.43970490, 161.60173035, -0.02422865, 0.19002296, 0.72689790, 0.65948755, 0.21504714, -0.00175224, -0.07068466, 99.97500610, 112.98746490, 32.48999786, 0.00000000
1, 38.6100, 4177, -0.48439282, -1.09027970, 0.20259938, -34.89981079, -7.09978199, -348.69409180, -50.16077042, 8.21397209, -102.80619812, 97.37233734, -10.70660114, 161.79450989, -0.03479619, 0.17912817, 0.72866613, 0.66011214, 0.29065430, 0.11705045, -0.07879063, 99.97500610, 112.98746490, 32.48999786, 0.00000000
1, 38.6300, 4178, -0.52706462, -1.36841929, 0.25317943, -28.06052399, 26.51916504, -378.61547852, -44.89915085, 6.51856184, -103.42005157, 96.61174774, -3.48285532, 162.87638855, -0.07654137, 0.13110378, 0.73503441, 0.66081589, 0.45751980, 0.37713045, -0.14116043, 99.97500610, 112.98746490, 32.48999786, 0.00000000
1, 38.6350, 4179, -0.50320172, -1.39856780, 0.25608775, -23.65910339, 37.10644531, -387.18218994, -44.89915085, 6.51856184, -103.42005157, 96.47099304, -1.58033943, 163.27842712, -0.08666475, 0.11753452, 0.73655552, 0.66042483, 0.46664441, 0.40525919, -0.14642501, 99.97500610, 112.98746490, 32.48999786, 0.00000000
1, 38.6400, 4180, -0.45926315, -1.40109384, 0.28614444, -22.34765625, 47.57152939, -394.66085815, -41.88833618, 5.40777540, -102.71850586, 96.35449219, 0.33895877, 163.73205566, -0.09653043, 0.10348584, 0.73798996, 0.65980560, 0.45612699, 0.40685615, -0.17844304, 99.97500610, 112.98746490, 32.48999786, 0.00000000
1, 38.6450, 4181, -0.42350081, -1.38782644, 0.35730153, -21.05814552, 57.39283752, -399.98150635, -41.88833618, 5.40777540, -102.71850586, 96.25585175, 2.29577827, 164.23376465, -0.10630363, 0.08886366, 0.73928583, 0.65898359, 0.45411149, 0.39376786, -0.25131431, 99.97500610, 112.98746490, 32.48999786, 0.00000000
1, 38.6500, 4182, -0.37823576, -1.39495933, 0.43901837, -19.90048981, 66.90998840, -402.81887817, -38.49751663, 4.35545158, -103.33235931, 96.18280029, 4.26240301, 164.78211975, -0.11581434, 0.07385325, 0.74043703, 0.65794063, 0.44289237, 0.40227348, -0.33450043, 99.97500610, 112.98746490, 32.48999786, 0.00000000
1, 38.6550, 4183, -0.34026775, -1.40540826, 0.51158166, -15.98859310, 75.16026306, -405.58139038, -38.49751663, 4.35545158, -103.33235931, 96.15193939, 6.23894072, 165.37272644, -0.12508889, 0.05851226, 0.74151289, 0.65657270, 0.43907279, 0.41536522, -0.40801924, 99.97500610, 112.98746490, 32.48999786, 0.00000000
1, 38.6600, 4184, -0.29391873, -1.50448322, 0.52659732, -10.04090595, 83.20201874, -406.16647339, -38.49751663, 4.35545158, -103.33235931, 96.17646790, 8.21426487, 166.00604248, -0.13406533, 0.04293472, 0.74256307, 0.65481538, 0.42694774, 0.51845336, -0.42335951, 99.97500610, 112.98746490, 32.48999786, 0.00000000
1, 38.6650, 4185, -0.21128367, -1.64562702, 0.53294545, -5.73776340, 92.65174103, -403.57739258, -34.98976898, 3.62467122, -103.80005646, 96.25225067, 10.17114544, 166.69055176, -0.14260951, 0.02718088, 0.74354428, 0.65273708, 0.37815946, 0.66486073, -0.42917198, 99.97500610, 112.98746490, 32.48999786, 0.00000000
1, 38.6700, 4186, -0.28755376, -1.70554888, 0.54652870, -7.93887377, 99.77910614, -396.50927734, -34.98976898, 3.62467122, -103.80005646, 96.34744263, 12.08801365, 167.41441345, -0.15067753, 0.01143028, 0.74425936, 0.65057176, 0.48745546, 0.73110759, -0.44217074, 99.97500610, 112.98746490, 32.48999786, 0.00000000
1, 38.6750, 4187, -0.38422412, -1.73958611, 0.41903165, -7.41686726, 102.51931000, -388.52877808, -31.80356598, 3.30312777, -103.50774384, 96.47286987, 13.96236420, 168.15663147, -0.15838282, -0.00413938, 0.74477088, 0.64823931, 0.61654615, 0.77267718, -0.31379470, 99.97500610, 112.98746490, 32.48999786, 0.00000000
1, 38.7050, 4188, -0.13137467, -1.48576105, 0.01409873, 3.56213856, 34.55342865, -276.08859253, -25.25577354, 2.92312193, -104.38468170, 97.48270416, 23.35501099, 171.95762634, -0.19706771, -0.08152249, 0.74372864, 0.63355041, 0.52243054, 0.57315433, 0.10231732, 99.97500610, 112.98746490, 32.48999786, 0.00000000
1, 38.7100, 4189, -0.28965992, -1.39942539, 0.16376135, 16.90967941, 17.64700699, -256.12084961, -25.25577354, 2.92312193, -104.38468170, 97.67712402, 24.61341667, 172.23590088, -0.20363663, -0.09016676, 0.74336791, 0.63071889, 0.70083237, 0.49586174, -0.04582681, 99.97500610, 112.98746490, 32.48999786, 0.00000000
1, 38.7150, 4190, -0.44713563, -1.36295533, 0.30739188, 24.71417999, 9.65590668, -233.69685364, -22.94650650, 3.42005253, -104.26775360, 97.89382172, 25.76522827, 172.46157837, -0.20985372, -0.09778493, 0.74315536, 0.62778956, 0.87662530, 0.46819395, -0.18761873, 99.97500610, 112.98746490, 32.48999786, 0.00000000
1, 38.7200, 4191, -0.71687138, -1.33459961, 0.37706083, 22.20690727, 7.88856697, -208.67980957, -22.94650650, 3.42005253, -104.26775360, 98.09241486, 26.79357147, 172.66516113, -0.21541055, -0.10455786, 0.74289691, 0.62511623, 1.16282189, 0.44820893, -0.25582987, 99.97500610, 112.98746490, 32.48999786, 0.00000000
1, 38.7250, 4192, -1.03337014, -1.22363329, 0.38455415, 14.30893421, 11.55805969, -179.88922119, -20.90032196, 3.39082146, -104.32621765, 98.25629425, 27.67612648, 172.87173462, -0.22000986, -0.11056429, 0.74253690, 0.62290460, 1.49360847, 0.34482315, -0.26231283, 99.97500610, 112.98746490, 32.48999786, 0.00000000
1, 38.7300, 4193, -1.22125685, -1.08995605, 0.28844011, 11.46990776, 11.61227608, -151.03889465, -20.90032196, 3.39082146, -104.32621765, 98.40001678, 28.41535378, 173.05941772, -0.22379676, -0.11565925, 0.74220240, 0.62102628, 1.69368219, 0.21787789, -0.16509913, 99.97500610, 112.98746490, 32.48999786, 0.00000000
1, 38.7350, 4194, -1.24322128, -0.92262411, 0.11687713, 8.24627495, 16.77343941, -110.07409668, -20.90032196, 3.39082146, -104.32621765, 98.52917480, 28.94775200, 173.24533081, -0.22628108, -0.11959571, 0.74201626, 0.61960125, 1.72526658, 0.05607003, 0.00797813, 99.97500610, 112.98746490, 32.48999786, 0.00000000
1, 38.7400, 4195, -1.11285448, -0.79807544, -0.03872272, 5.55728149, 27.69011497, -69.25933075, -19.46799088, 3.77082729, -103.80005646, 98.60048676, 29.02139091, 173.43179321, -0.22581261, -0.12107473, 0.74210793, 0.61937517, 1.59918213, -0.06587270, 0.16524945, 99.97500610, 112.98746490, 32.48999786, 0.00000000
1, 38.7450, 4196, -0.81404293, -0.58289886, -0.32356617, 13.06263351, 48.55305099, -15.33291054, -19.46799088, 3.77082729, -103.80005646, 98.80532837, 29.06102753, 173.71946716, -0.22472712, -0.12275752, 0.74285471, 0.61854279, 1.30064321, -0.28047401, 0.45351180, 99.97500610, 112.98746490, 32.48999786, 0.00000000
1, 38.7500, 4197, -0.60957372, -0.54644752, -0.31124786, 31.65879250, 61.08491898, 25.31949425, -19.32183456, 3.97544575, -104.00467682, 99.12030792, 28.88927841, 174.04216003, -0.22223647, -0.12328067, 0.74444139, 0.61743015, 1.09430838, -0.31726995, 0.44626606, 99.97500610, 112.98746490, 32.48999786, 0.00000000
1, 38.8200, 4198, 2.66857338, -1.63315654, -0.25816813, -14.57672596, -40.71018219, 123.24024200, -25.48962212, 2.39696002, -102.04618073, 100.50782776, 17.86179924, 171.43357849, -0.16620576, -0.04225355, 0.76485568, 0.62095594, -2.35904741, 0.69857097, 0.43632907, 99.97500610, 112.98746490, 32.48999786, 0.00000000
1, 38.8250, 4199, 2.86498356, -1.51856303, -0.65862560, -34.81167984, -20.02509499, 85.46852112, -26.60040855, -0.02923122, -102.71850586, 100.27904510, 17.45886803, 171.24983215, -0.16448602, -0.03910881, 0.76392496, 0.62276292, -2.56178832, 0.58168137, 0.83440644, 99.97500610, 112.98746490, 32.48999786, 0.00000000
1, 38.8300, 4200, 2.75552678, -1.21422815, -0.99551469, -51.14971161, -34.78543091, 67.51817322, -26.60040855, -0.02923122, -102.71850586, 99.95257568, 17.15599060, 171.00877380, -0.16371340, -0.03627479, 0.76240104, 0.62500149, -2.45689702, 0.27534670, 1.16688466, 99.97500610, 112.98746490, 32.48999786, 0.00000000
1, 38.8350, 4201, 2.24614978, -1.00352216, -0.87661380, -40.91746902, -122.46846008, 65.78868866, -27.44811440, 3.01081562, -102.98158264, 99.54694366, 16.93373489, 170.31956482, -0.16591263, -0.03102851, 0.76050597, 0.62700963, -1.95185447, 0.06211554, 1.04090559, 99.97500610, 112.98746490, 32.48999786, 0.00000000
1, 38.8400, 4202, 1.50491858, -0.95231020, -0.57458800, -24.95347786, -209.17321777, 70.38906097, -27.44811440, 3.01081562, -102.98158264, 99.07266998, 16.78458977, 169.17587280, -0.17110023, -0.02330363, 0.75824881, 0.62868148, -1.21422780, 0.00831231, 0.72978210, 99.97500610, 112.98746490, 32.48999786, 0.00000000
1, 38.8450, 4203, 0.60229141, -1.00250888, -0.32846668, -10.79586315, -256.98361206, 80.74161530, -27.44811440, 3.01081562, -102.98158264, 98.62065887, 16.58084488, 167.78601074, -0.17734720, -0.01364900, 0.75607073, 0.62985611, -0.31520459, 0.05600465, 0.47377217, 99.97500610, 112.98746490, 32.48999786, 0.00000000
1, 38.8500, 4204, -0.07259896, -1.08461225, -0.18626772, 9.93750381, -278.45629883, 102.04875183, -29.02659988, 0.46769950, -102.77696228, 98.24358368, 16.27801132, 166.27268982, -0.18370242, -0.00254056, 0.75419521, 0.63042581, 0.35463321, 0.13552004, 0.32344085, 99.97500610, 112.98746490, 32.48999786, 0.00000000
1, 38.8550, 4205, -0.81410378, -1.16309035, 0.08542983, 22.27694321, -300.18316650, 135.37442017, -29.02659988, 0.46769950, -102.77696228, 97.90183258, 15.81624603, 164.62834167, -0.18982069, 0.01036057, 0.75234842, 0.63073975, 1.08854771, 0.21073514, 0.04421627, 99.97500610, 112.98746490, 32.48999786, 0.00000000
1, 38.8600, 4206, -1.36254168, -1.16099107, 0.37934756, 25.04389191, -289.80868530, 165.83651733, -30.25431061, 2.19234133, -102.66004181, 97.59983826, 15.18776798, 163.02342224, -0.19471787, 0.02399524, 0.75049394, 0.63108492, 1.62638807, 0.20469958, -0.25591040, 99.97500610, 112.98746490, 32.48999786, 0.00000000
1, 38.8650, 4207, -1.70802164, -1.18594265, 0.54923153, 32.09288406, -252.78805542, 189.09762573, -30.25431061, 2.19234133, -102.66004181, 97.39889526, 14.41331959, 161.60107422, -0.19771564, 0.03742437, 0.74897313, 0.63130593, 1.95896769, 0.22555150, -0.43011492, 99.97500610, 112.98746490, 32.48999786, 0.00000000
1, 38.9050, 4208, -0.35872892, -0.62609029, 0.60045648, 27.33093643, -88.29918671, 124.09623718, -34.87284470, 3.15697169, -101.87079620, 97.73927307, 8.57557964, 157.16778564, -0.18503195, 0.10046269, 0.74598050, 0.63180971, 0.50874484, -0.35437739, -0.46951178, 99.97500610, 112.98746490, 32.48999786, 0.00000000
1, 38.9100, 4209, -0.43133682, -0.58282518, 0.63362664, 56.96176529, -101.56310272, 131.57003784, -36.36363602, 3.30312777, -100.81847382, 97.93954468, 7.99281883, 156.56983948, -0.18444595, 0.10799950, 0.74614275, 0.63054490, 0.57134783, -0.39877802, -0.49985898, 99.97500610, 112.98746490, 32.48999786, 0.00000000
1, 38.9150, 4210, -0.52222025, -0.62879264, 0.55598992, 71.33087921, -94.90174103, 134.94595337, -36.36363602, 3.30312777, -100.81847382, 98.22172546, 7.39137650, 156.00125122, -0.18347232, 0.11557044, 0.74669349, 0.62883240, 0.65209877, -0.35346037, -0.41784912, 99.97500610, 112.98746490, 32.48999786, 0.00000000
1, 38.9200, 4211, -0.66906625, -0.88348472, 0.38310286, 80.89764404, -76.78306580, 136.69320679, -36.36363602, 3.30312777, -100.81847382, 98.56838989, 6.77144432, 155.51914978, -0.18180287, 0.12276913, 0.74759799, 0.62687534, 0.78872144, -0.09898717, -0.23983029, 99.97500610, 112.98746490, 32.48999786, 0.00000000
1, 38.9250, 4212, -0.84502578, -1.17972171, 0.23828286, 73.06703949, -47.30477142, 134.90162659, -37.76673508, 3.53697753, -100.08769226, 98.89736938, 6.14098644, 155.18193054, -0.17925435, 0.12903365, 0.74849105, 0.62528354, 0.95413494, 0.19712308, -0.08991913, 99.97500610, 112.98746490, 32.48999786, 0.00000000
1, 38.9300, 4213, -0.99152964, -1.30217826, 0.19922508, 50.06444168, -17.31246948, 127.98754883, -37.76673508, 3.53697753, -100.08769226, 99.13033295, 5.52281141, 154.99624634, -0.17603712, 0.13406914, 0.74899751, 0.62453115, 1.08992577, 0.31922257, -0.04680599, 99.97500610, 112.98746490, 32.48999786, 0.00000000
1, 38.9350, 4214, -1.06453776, -1.21677685, 0.23900186, 30.66221809, 2.60256910, 118.43891907, -38.96521378, 3.59543991, -99.88307190, 99.27767181, 4.93639326, 154.91502380, -0.17253703, 0.13809711, 0.74915922, 0.62443626, 1.15249181, 0.23325402, -0.08361764, 99.97500610, 112.98746490, 32.48999786, 0.00000000
1, 38.9400, 4215, -1.04986036, -1.00007641, 0.31352803, 20.87954712, 9.36865330, 108.69979858, -38.96521378, 3.59543991, -99.88307190, 99.39646149, 4.29447794, 154.87550354, -0.16847409, 0.14210558, 0.74913883, 0.62467068, 1.12712467, 0.01590196, -0.15556556, 99.97500610, 112.98746490, 32.48999786, 0.00000000
1, 38.9450, 4216, -1.00008106, -0.79955339, 0.44526622, 20.08928871, 10.68295765, 98.57604218, -38.96521378, 3.59543991, -99.88307190, 99.49620056, 3.79971671, 154.84809875, -0.16530684, 0.14517796, 0.74915481, 0.62479138, 1.06733823, -0.18523768, -0.28490722, 99.97500610, 112.98746490, 32.48999786, 0.00000000
1, 38.9500, 4217, -0.92514116, -0.73343718, 0.55415285, 22.09744453, 18.84627914, 88.54488373, -40.01753998, 3.21543407, -99.29844666, 99.60900879, 3.34778094, 154.86837769, -0.16213174, 0.14771156, 0.74933338, 0.62481534, 0.98408353, -0.25172749, -0.39152539, 99.97500610, 112.98746490, 32.48999786, 0.00000000
1, 39.0000, 4218, 0.55985230, -0.96056938, 0.32886633, 9.78762627, -2.75455022, 56.53458786, -41.82987213, 3.50774622, -100.17538452, 100.56684875, -0.05364860, 156.70584106, -0.12864879, 0.15558454, 0.75331563, 0.62590611, -0.56041944, -0.02304818, -0.14585945, 99.97500610, 112.98746490, 32.48999786, 0.00000000
1, 39.0050, 4219, 0.50234324, -0.91920900, 0.34232798, 7.24791098, -21.89202309, 57.68812561, -41.82987213, 3.50774622, -100.17538452, 100.60435486, -0.31723413, 156.54570007, -0.12773870, 0.15811750, 0.75300086, 0.62583667, -0.50759512, -0.06429312, -0.15871292, 99.97500610, 112.98746490, 32.48999786, 0.00000000
1, 39.0100, 4220, 0.36020890, -0.90313232, 0.32677430, 5.56167412, -38.06283188, 58.90149307, -42.20988083, 4.38468266, -99.41537476, 100.63478088, -0.57194495, 156.30479431, -0.12733643, 0.16112216, 0.75253493, 0.62571269, -0.36990356, -0.08021207, -0.14294198, 99.97500610, 112.98746490, 32.48999786, 0.00000000
1, 39.0150, 4221, 0.09440202, -0.91122007, 0.28654769, 4.72535086, -51.11272049, 59.54750443, -42.20988083, 4.38468266, -99.41537476, 100.66287994, -0.81776881, 155.99900818, -0.12734878, 0.16449869, 0.75196111, 0.62552148, -0.10832655, -0.07191987, -0.10291110, 99.97500610, 112.98746490, 32.48999786, 0.00000000
1, 39.0200, 4222, -0.04147753, -0.93093932, 0.28332499, 4.07022715, -58.83692932, 58.95110703, -42.20988083, 4.38468266, -99.41537476, 100.68961334, -1.05342329, 155.65565491, -0.12763365, 0.16806129, 0.75132132, 0.62528509, 0.02337782, -0.05204409, -0.09960061, 99.97500610, 112.98746490, 32.48999786, 0.00000000
1, 39.0250, 4223, -0.24435642, -0.97069526, 0.26522583, 2.33529472, -63.00540543, 56.38512802, -42.67757797, 4.76468849, -99.18152618, 100.70932007, -1.27251005, 155.29405212, -0.12813614, 0.17164192, 0.75061923, 0.62505293, 0.22242725, -0.01211519, -0.08171462, 99.97500610, 112.98746490, 32.48999786, 0.00000000
1, 39.0300, 4224, -0.37632284, -0.99957967, 0.25579482, 0.94511402, -57.64110565, 52.95535660, -42.67757797, 4.76468849, -99.18152618, 100.72267914, -1.47961617, 154.96188354, -0.12856556, 0.17495403, 0.74992508, 0.62487954, 0.35075116, 0.01691531, -0.07242419, 99.97500610, 112.98746490, 32.48999786, 0.00000000
1, 39.0350, 4225, -0.48570886, -1.01957440, 0.27507687, 0.53359836, -47.94548798, 49.37100220, -42.76527405, 4.56007004, -98.85997772, 100.73370361, -1.67799091, 154.68061829, -0.12877792, 0.17787997, 0.74929357, 0.62476736, 0.45659554, 0.03700755, -0.09182948, 99.97500610, 112.98746490, 32.48999786, 0.00000000
1, 39.0600, 4226, -0.58083326, -1.06311774, 0.36540458, 3.55576444, 21.96501732, 32.84185791, -43.61297989, 4.88161373, -99.21075439, 100.81829834, -2.73997188, 154.36203003, -0.12339386, 0.18578614, 0.74781245, 0.62532717, 0.53290904, 0.08136532, -0.18115854, 99.97500610, 112.98746490, 32.48999786, 0.00000000
1, 39.0650, 4227, -0.49646717, -1.04732871, 0.38007888, 2.75628614, 34.59035492, 30.41889191, -43.61297989, 4.88161373, -99.21075439, 100.82543945, -2.92158055, 154.50382996, -0.12141208, 0.18584639, 0.74782854, 0.62567782, 0.44533879, 0.06573410, -0.19546734, 99.97500610, 112.98746490, 32.48999786, 0.00000000
1, 39.0700, 4228, -0.37110731, -1.02692175, 0.38292468, 1.80568671, 44.98719788, 27.90968323, -43.61297989, 4.88161373, -99.21075439, 100.82455444, -3.10054469, 154.69912720, -0.11916733, 0.18553451, 0.74789065, 0.62612760, 0.31683809, 0.04548473, -0.19798404, 99.97500610, 112.98746490, 32.48999786, 0.00000000
1, 39.0750, 4229, -0.26791874, -1.01546931, 0.36476961, 1.16983938, 52.81654358, 25.08990860, -44.19760132, 5.02776957, -99.03536987, 100.81756592, -3.27293897, 154.93560791, -0.11674905, 0.18491201, 0.74799430, 0.62664324, 0.21066567, 0.03420669, -0.17968380, 99.97500610, 112.98746490, 32.48999786, 0.00000000
1, 39.0800, 4230, -0.15670511, -1.00189388, 0.32075220, 0.00386456, 54.76009369, 23.50362206, -44.19760132, 5.02776957, -99.03536987, 100.80339050, -3.43932557, 155.18321228, -0.11431946, 0.18417759, 0.74808371, 0.62720048, 0.09663369, 0.02083058, -0.13560519, 99.97500610, 112.98746490, 32.48999786, 0.00000000
1, 39.0850, 4231, -0.09199829, -0.98391223, 0.28013420, -1.02903306, 54.73194885, 22.85010910, -44.10990906, 5.52470016, -99.18152618, 100.78328705, -3.60241199, 155.43136597, -0.11191621, 0.18341632, 0.74814492, 0.62778383, 0.02917211, 0.00302516, -0.09514946, 99.97500610, 112.98746490, 32.48999786, 0.00000000
1, 39.0900, 4232, -0.04292944, -0.96800673, 0.24055938, -1.62596560, 53.94181061, 22.17288017, -44.10990906, 5.52470016, -99.18152618, 100.78022766, -3.74760604, 155.67475891, -0.10962819, 0.18260655, 0.74831527, 0.62822038, -0.02246716, -0.01269027, -0.05567599, 99.97500610, 112.98746490, 32.48999786, 0.00000000
1, 39.0950, 4233, -0.00577468, -0.95979345, 0.22425878, -1.42251074, 51.69333267, 21.59091568, -44.10990906, 5.52470016, -99.18152618, 100.75773621, -3.90158558, 155.90927124, -0.10736019, 0.18188384, 0.74835151, 0.62877822, -0.06216576, -0.02075008, -0.03952002, 99.97500610, 112.98746490, 32.48999786, 0.00000000
1, 39.1000, 4234, 0.02099173, -0.95570409, 0.23014389, -0.99018538, 48.19029999, 21.11634064, -44.60683823, 5.61239386, -99.12306213, 100.73793793, -4.04990292, 156.12707520, -0.10521543, 0.18124287, 0.74838281, 0.62928849, -0.09155393, -0.02473900, -0.04571364, 99.97500610, 112.98746490, 32.48999786, 0.00000000
1, 39.1050, 4235, 0.03253867, -0.95352376, 0.22559302, -1.33354151, 44.12334824, 20.63820076, -44.60683823, 5.61239386, -99.12306213, 100.71727753, -4.19204712, 156.32536316, -0.10321869, 0.18069583, 0.74838591, 0.62977260, -0.10559246, -0.02680187, -0.04151022, 99.97500610, 112.98746490, 32.48999786, 0.00000000
1, 39.1600, 4236, -0.14600937, -1.00539792, 0.20656621, 1.35953069, 33.77434921, 23.23152542, -44.31452560, 4.47237635, -100.43846893, 100.60588837, -5.71084452, 157.74728394, -0.08549532, 0.17951661, 0.74789232, 0.63334149, 0.04661573, 0.02696443, -0.02539214, 99.97500610, 112.98746490, 32.48999786, 0.00000000
1, 39.1650, 4237, -0.15580003, -1.00623751, 0.22401603, 1.24935675, 36.94882584, 22.99312019, -44.31452560, 4.47237635, -100.43846893, 100.59614563, -5.85755444, 157.90881348, -0.08364429, 0.17924727, 0.74788547, 0.63367289, 0.05382051, 0.02799787, -0.04307075, 99.97500610, 112.98746490, 32.48999786, 0.00000000
1, 39.1700, 4238, -0.16315685, -1.00794876, 0.21878223, 0.79088479, 39.55818558, 22.95599747, -45.16223145, 5.70008755, -100.43846893, 100.58235931, -6.00643349, 158.08332825, -0.08171251, 0.17890216, 0.74787295, 0.63403720, 0.05861722, 0.02993801, -0.03812496, 99.97500610, 112.98746490, 32.48999786, 0.00000000
1, 39.1750, 4239, -0.16144013, -1.00213289, 0.20309773, 0.57967716, 42.30900574, 22.91909599, -45.16223145, 5.70008755, -100.43846893, 100.56559753, -6.15758371, 158.27154541, -0.07969344, 0.17847808, 0.74786156, 0.63442707, 0.05432561, 0.02436902, -0.02275122, 99.97500610, 112.98746490, 32.48999786, 0.00000000
1, 39.1800, 4240, -0.14756069, -0.99521959, 0.19249752, 0.69052333, 44.88946533, 22.83898354, -45.16223145, 5.70008755, -100.43846893, 100.54748535, -6.31063461, 158.47271729, -0.07759126, 0.17797947, 0.74785942, 0.63483018, 0.03782425, 0.01769924, -0.01246001, 99.97500610, 112.98746490, 32.48999786, 0.00000000
1, 39.1850, 4241, -0.11111332, -0.98195076, 0.20248099, 0.45945713, 46.38183975, 22.98265266, -44.75299454, 4.94007587, -100.46769714, 100.52687836, -6.46567440, 158.68122864, -0.07543784, 0.17744242, 0.74785113, 0.63524967, -0.00133010, 0.00464359, -0.02272947, 99.97500610, 112.98746490, 32.48999786, 0.00000000
1, 39.1900, 4242, -0.06966096, -0.96771693, 0.22965823, 0.00674766, 48.63060760, 23.46264267, -44.75299454, 4.94007587, -100.46769714, 100.52690125, -6.60179090, 158.89735413, -0.07333512, 0.17676742, 0.74799466, 0.63551509, -0.04539016, -0.00938591, -0.05002499, 99.97500610, 112.98746490, 32.48999786, 0.00000000
1, 39.1950, 4243, -0.03944428, -0.96712625, 0.23594864, 0.31205693, 49.94701385, 23.87570953, -44.92838287, 6.57702398, -100.84770203, 100.50251770, -6.76435995, 159.12292480, -0.07104087, 0.17615847, 0.74797922, 0.63596272, -0.07822526, -0.00972769, -0.05650508, 99.97500610, 112.98746490, 32.48999786, 0.00000000
1, 39.2000, 4244, -0.01718424, -0.97698092, 0.22863352, 1.02425790, 49.94584274, 24.18208122, -44.92838287, 6.57702398, -100.84770203, 100.48106384, -6.92834806, 159.34834290, -0.06873225, 0.17556074, 0.74797678, 0.63638437, -0.10330366, 0.00040177, -0.04959151, 99.97500610, 112.98746490, 32.48999786, 0.00000000
1, 39.2050, 4245, 0.00839844, -0.98760962, 0.22700226, 1.68532896, 48.33699799, 24.69615555, -44.92838287, 6.57702398, -100.84770203, 100.46329498, -7.09332275, 159.56546021, -0.06645638, 0.17502540, 0.74797976, 0.63677001, -0.13173756, 0.01131723, -0.04829695, 99.97500610, 112.98746490, 32.48999786, 0.00000000
1, 39.2250, 4246, 0.09319026, -1.00699162, 0.22378752, 0.77008474, 33.58591461, 28.00163269, -45.19146347, 6.60625553, -100.40923309, 100.40854645, -7.75679398, 160.26513672, -0.05823392, 0.17401919, 0.74781245, 0.63804603, -0.22799054, 0.03199328, -0.04611018, 99.97500610, 112.98746490, 32.48999786, 0.00000000
1, 39.2300, 4247, 0.05661457, -0.99933147, 0.20802282, -0.46420929, 30.02962875, 29.15940666, -45.19146347, 6.60625553, -100.40923309, 100.38985443, -7.92709875, 160.38792419, -0.05644499, 0.17413042, 0.74765575, 0.63835996, -0.19431046, 0.02469930, -0.03079630, 99.97500610, 112.98746490, 32.48999786, 0.00000000
1, 39.2350, 4248, 0.01266296, -0.98715568, 0.19820350, -1.32929599, 28.28855515, 30.28564072, -45.68839645, 6.69394922, -100.81847382, 100.36778259, -8.10135937, 160.50115967, -0.05468763, 0.17432432, 0.74745965, 0.63868970, -0.15332644, 0.01288590, -0.02150161, 99.97500610, 112.98746490, 32.48999786, 0.00000000
1, 39.2400, 4249, -0.04908953, -0.97786534, 0.19172677, -1.59431183, 27.02934647, 31.87140274, -45.68839645, 6.69394922, -100.81847382, 100.35154724, -8.23887157, 160.60552979, -0.05321509, 0.17438029, 0.74733371, 0.63894612, -0.09427346, 0.00392684, -0.01556630, 99.97500610, 112.98746490, 32.48999786, 0.00000000
1, 39.2450, 4250, -0.07923984, -0.97922552, 0.18463121, -1.61112463, 25.74671745, 33.06787109, -45.98070526, 6.51856184, -100.35077667, 100.32967377, -8.42448807, 160.70382690, -0.05146449, 0.17473419, 0.74709845, 0.63926774, -0.06691913, 0.00564351, -0.00894487, 99.97500610, 112.98746490, 32.48999786, 0.00000000
1, 39.2500, 4251, -0.11878257, -0.97971857, 0.17284559, -1.21583664, 25.74914360, 34.57014084, -45.98070526, 6.51856184, -100.35077667, 100.30963898, -8.61746120, 160.80091858, -0.04966862, 0.17513718, 0.74686038, 0.63957775, -0.03064749, 0.00657630, 0.00230654, 99.97500610, 112.98746490, 32.48999786, 0.00000000
1, 39.2550, 4252, -0.12943517, -0.98285508, 0.17221116, -0.20272364, 27.41414070, 35.22786713, -45.98070526, 6.51856184, -100.35077667, 100.29316711, -8.81509972, 160.90582275, -0.04779233, 0.17551643, 0.74664640, 0.63986647, -0.02338780, 0.01016908, 0.00252008, 99.97500610, 112.98746490, 32.48999786, 0.00000000
1, 39.2600, 4253, -0.11523154, -0.98979974, 0.18630216, 0.49754611, 28.45222855, 35.76947784, -45.86378098, 3.24466538, -101.02309418, 100.27909851, -9.01629066, 161.01551819, -0.04586158, 0.17588505, 0.74644721, 0.64013892, -0.04107953, 0.01757569, -0.01189004, 99.97500610, 112.98746490, 32.48999786, 0.00000000
1, 39.2650, 4254, -0.09749862, -0.99142802, 0.20322037, 0.70517135, 29.06650734, 36.37736511, -45.86378098, 3.24466538, -101.02309418, 100.26527405, -9.22098637, 161.12785339, -0.04389206, 0.17625591, 0.74624735, 0.64040792, -0.06236646, 0.01968619, -0.02909617, 99.97500610, 112.98746490, 32.48999786, 0.00000000
1, 39.2700, 4255, -0.10004260, -0.98795772, 0.20190030, 0.59158200, 29.81300163, 37.16775131, -46.09763336, 7.04472351, -101.60771942, 100.24999237, -9.43020725, 161.24331665, -0.04187678, 0.17663066, 0.74603665, 0.64068508, -0.06340539, 0.01674815, -0.02813641, 99.97500610, 112.98746490, 32.48999786, 0.00000000
1, 39.3100, 4256, -0.05332375, -1.07398403, 0.20557061, -2.06727195, 31.01373100, 45.74790192, -46.97456741, 7.10318613, -100.99385834, 100.13600922, -11.24922562, 162.20780945, -0.02453345, 0.18016466, 0.74420601, 0.64272565, -0.14118579, 0.10798056, -0.03467335, 99.97500610, 112.98746490, 32.48999786, 0.00000000
1, 39.3150, 4257, -0.12485009, -1.05227864, 0.13285489, -2.21935749, 31.94062614, 46.26266098, -46.97456741, 7.10318613, -100.99385834, 100.10193634, -11.50483990, 162.32714844, -0.02221419, 0.18076473, 0.74381566, 0.64309323, -0.07383795, 0.08714858, 0.03716218, 99.97500610, 112.98746490, 32.48999786, 0.00000000
1, 39.3200, 4258, -0.13803914, -1.04477608, 0.17034511, -0.30973622, 33.14517975, 47.56398773, -47.35457230, 7.10318613, -101.25694275, 100.07586670, -11.76781368, 162.45164490, -0.01980421, 0.18137361, 0.74346542, 0.64340556, -0.06520183, 0.08039916, -0.00098247, 99.97500610, 112.98746490, 32.48999786, 0.00000000
1, 39.3250, 4259, -0.08747854, -1.04503989, 0.22727460, 0.29935032, 33.17763519, 49.34467316, -47.35457230, 7.10318613, -101.25694275, 100.05252838, -12.03953266, 162.57496643, -0.01733817, 0.18203864, 0.74311334, 0.64369547, -0.12050556, 0.08144934, -0.05834945, 99.97500610, 112.98746490, 32.48999786, 0.00000000
1, 39.3300, 4260, -0.00868667, -1.04602873, 0.20524806, -0.75913650, 32.97552109, 51.59666824, -47.35457230, 7.10318613, -101.25694275, 100.02395630, -12.32211590, 162.69552612, -0.01482351, 0.18278028, 0.74270868, 0.64401519, -0.20401956, 0.08340292, -0.03676250, 99.97500610, 112.98746490, 32.48999786, 0.00000000
1, 39.3350, 4261, 0.04994518, -1.04697251, 0.13098642, -1.66354179, 31.83066368, 53.99949265, -47.44226837, 7.48319197, -101.28617096, 99.99192810, -12.61550426, 162.80847168, -0.01228518, 0.18363008, 0.74225330, 0.64435172, -0.26742142, 0.08544815, 0.03692805, 99.97500610, 112.98746490, 32.48999786, 0.00000000
1, 39.3400, 4262, 0.08873875, -1.04488611, 0.10016224, -1.46612370, 30.85798836, 56.88313293, -47.44226837, 7.48319197, -101.28617096, 99.93566895, -12.81530666, 162.91931152, -0.01042116, 0.18398659, 0.74180245, 0.64480197, -0.31038991, 0.08422243, 0.06694610, 99.97500610, 112.98746490, 32.48999786, 0.00000000
1, 39.3450, 4263, 0.13096966, -1.03529382, 0.13593170, -0.17243782, 30.35348511, 59.51859665, -47.93919754, 8.41859055, -101.40309906, 99.91280365, -13.13444138, 163.02062988, -0.00776255, 0.18505388, 0.74133503, 0.64507145, -0.35717881, 0.07547121, 0.03048590, 99.97500610, 112.98746490, 32.48999786, 0.00000000
1, 39.3500, 4264, 0.13016255, -1.00532007, 0.09594945, 0.31565532, 28.79910088, 62.06919861, -47.93919754, 8.41859055, -101.40309906, 99.89410400, -13.46477032, 163.11210632, -0.00507823, 0.18624589, 0.74085402, 0.64530778, -0.36183879, 0.04679465, 0.06996631, 99.97500610, 112.98746490, 32.48999786, 0.00000000
1, 39.3550, 4265, 0.11117161, -0.97692943, 0.01632857, 0.58734143, 27.61320114, 65.15712738, -47.93919754, 8.41859055, -101.40309906, 99.87831116, -13.80928135, 163.19508362, -0.00234273, 0.18756938, 0.74034870, 0.64552003, -0.34844643, 0.01986304, 0.14907107, 99.97500610, 112.98746490, 32.48999786, 0.00000000
1, 39.3650, 4266, 0.15920521, -1.01499259, -0.02145651, 6.08423901, 21.74105644, 72.37825012, -48.02689362, 8.06781673, -101.52001953, 99.90307617, -14.54405117, 163.30822754, 0.00322817, 0.19080168, 0.73947942, 0.64556527, -0.40867674, 0.06107127, 0.18664098, 99.97500610, 112.98746490, 32.48999786, 0.00000000
1, 39.3700, 4267, 0.18485793, -1.05290186, -0.02101613, 5.00510311, 17.83166504, 76.71538544, -48.69921112, 6.28471184, -101.87079620, 99.92316437, -14.93715382, 163.33143616, 0.00601056, 0.19276798, 0.73898065, 0.64553243, -0.44089204, 0.10072923, 0.18625233, 99.97500610, 112.98746490, 32.48999786, 0.00000000
1, 39.3750, 4268, 0.17422427, -1.08297396, -0.03846401, 2.44101882, 13.17882252, 81.01863861, -48.69921112, 6.28471184, -101.87079620, 99.93754578, -15.34751892, 163.32699585, 0.00874321, 0.19500260, 0.73836571, 0.64553368, -0.43705994, 0.13268754, 0.20356938, 99.97500610, 112.98746490, 32.48999786, 0.00000000
1, 39.3800, 4269, 0.13537988, -1.10071409, -0.02107083, 0.32480431, 9.71526718, 85.27443695, -48.69921112, 6.28471184, -101.87079620, 99.94722748, -15.77591228, 163.30097961, 0.01146659, 0.19747028, 0.73764652, 0.64556313, -0.40538770, 0.15237226, 0.18588996, 99.97500610, 112.98746490, 32.48999786, 0.00000000
1, 39.3850, 4270, 0.11395133, -1.10631776, 0.05372817, -0.56901258, 8.04555035, 89.24197388, -49.22537231, 9.09090900, -101.40309906, 99.95603180, -16.22242737, 163.26274109, 0.01424064, 0.20011009, 0.73685819, 0.64559531, -0.39156502, 0.15995884, 0.11080706, 99.97500610, 112.98746490, 32.48999786, 0.00000000
1, 39.3900, 4271, 0.10500754, -1.11733162, 0.12163603, -0.71706116, 6.39082432, 92.84984589, -49.22537231, 9.09090900, -101.40309906, 99.95244598, -16.58049202, 163.21620178, 0.01635698, 0.20232764, 0.73612875, 0.64568609, -0.38960105, 0.17283240, 0.04256547, 99.97500610, 112.98746490, 32.48999786, 0.00000000
1, 39.3950, 4272, 0.09140376, -1.13412821, 0.13629185, -0.66660237, 5.86355972, 95.99132538, -49.54691696, 6.37240553, -101.28617096, 99.96643066, -17.05838203, 163.16044617, 0.01925057, 0.20523949, 0.73525852, 0.64567882, -0.38308313, 0.19171034, 0.02757946, 99.97500610, 112.98746490, 32.48999786, 0.00000000
1, 39.4000, 4273, 0.06375228, -1.15559566, 0.13717285, 0.50793874, 6.40153694, 98.68820953, -49.54691696, 6.37240553, -101.28617096, 99.98674774, -17.54998779, 163.10476685, 0.02224767, 0.20821775, 0.73438370, 0.64562464, -0.36357376, 0.21570849, 0.02646136, 99.97500610, 112.98746490, 32.48999786, 0.00000000
1, 39.4050, 4274, 0.03552900, -1.19815814, 0.16989420, 1.73361194, 8.61013699, 101.45932770, -49.54691696, 6.37240553, -101.28617096, 100.01107788, -18.05710411, 163.05767822, 0.02540439, 0.21121697, 0.73350221, 0.64553589, -0.34380198, 0.26091242, -0.00647718, 99.97500610, 112.98746490, 32.48999786, 0.00000000
1, 39.4100, 4275, 0.02140115, -1.22601116, 0.18408979, 1.97640967, 9.88899422, 104.88677216, -50.27769470, 9.96784592, -101.57848358, 100.03608704, -18.58218193, 163.01371765, 0.02870042, 0.21428508, 0.73257989, 0.64543390, -0.33835483, 0.29161197, -0.02083884, 99.97500610, 112.98746490, 32.48999786, 0.00000000
1, 39.4400, 4276, 0.17284527, -1.29984307, 0.20660906, 2.90679860, 10.51329613, 122.87159729, -52.09003067, 11.40017509, -101.63694763, 100.21525574, -21.98354340, 162.76136780, 0.05028285, 0.23378110, 0.72634172, 0.64439571, -0.54583371, 0.38614836, -0.04385329, 99.97500610, 112.98746490, 32.48999786, 0.00000000
1, 39.4450, 4277, 0.19967088, -1.30911815, 0.20238842, 2.58438611, 8.48326302, 126.08715820, -52.64542389, 9.41245270, -101.63694763, 100.25817108, -22.61156845, 162.68649292, 0.05413168, 0.23752224, 0.72510719, 0.64410597, -0.58211309, 0.39934009, -0.03963139, 99.97500610, 112.98746490, 32.48999786, 0.00000000
1, 39.4500, 4278, 0.20402060, -1.31849849, 0.19769312, 2.29220033, 6.93670368, 129.48912048, -52.64542389, 9.41245270, -101.63694763, 100.30525208, -23.25490570, 162.59922791, 0.05802277, 0.24140766, 0.72381037, 0.64378130, -0.59674186, 0.41311198, -0.03497907, 99.97500610, 112.98746490, 32.48999786, 0.00000000
1, 39.4550, 4279, 0.19929762, -1.32948756, 0.18534185, 1.82816720, 4.90040207, 132.91665649, -53.40543747, 11.95556831, -101.81233215, 100.35708618, -23.91323280, 162.49665833, 0.06193943, 0.24545167, 0.72244596, 0.64341968, -0.60247147, 0.42873394, -0.02267467, 99.97500610, 112.98746490, 32.48999786, 0.00000000
1, 39.4600, 4280, 0.19158871, -1.34021735, 0.16122079, 1.28819406, 3.27950406, 136.42517090, -53.40543747, 11.95556831, -101.81233215, 100.41284943, -24.58729935, 162.38070679, 0.06589595, 0.24964476, 0.72100842, 0.64302570, -0.60537922, 0.44435474, 0.00140979, 99.97500610, 112.98746490, 32.48999786, 0.00000000
1, 39.4650, 4281, 0.19068734, -1.35685587, 0.14546475, 1.09201443, 2.51136541, 139.35372925, -53.40543747, 11.95556831, -101.81233215, 100.47249603, -25.27496910, 162.25630188, 0.06990623, 0.25394294, 0.71950978, 0.64259779, -0.61529982, 0.46611455, 0.01714570, 99.97500610, 112.98746490, 32.48999786, 0.00000000
1, 39.4700, 4282, 0.19048406, -1.37317109, 0.14641801, 1.39311981, 2.57094955, 145.73081970, -54.10698700, 12.97866154, -101.87079620, 100.53839874, -25.99392319, 162.12426758, 0.07409832, 0.25842845, 0.71792132, 0.64211625, -0.62628770, 0.48785073, 0.01619007, 99.97500610, 112.98746490, 32.48999786, 0.00000000
1, 39.4750, 4283, 0.18233477, -1.39898157, 0.15923716, 2.41955185, 3.68940115, 148.86405945, -54.10698700, 12.97866154, -101.87079620, 100.61045074, -26.72914696, 161.99340820, 0.07842182, 0.26296651, 0.71629316, 0.64157844, -0.62962282, 0.51937670, 0.00335965, 99.97500610, 112.98746490, 32.48999786, 0.00000000
1, 39.4800, 4284, 0.18133280, -1.42465746, 0.17950721, 3.09014750, 4.83782578, 152.07264709, -54.95469284, 13.03712368, -102.07541656, 100.68688202, -27.48104286, 161.86367798, 0.08287552, 0.26755884, 0.71461219, 0.64099413, -0.64030838, 0.55104363, -0.01688857, 99.97500610, 112.98746490, 32.48999786, 0.00000000
1, 39.4850, 4285, 0.19826077, -1.44059932, 0.19237837, 3.56104136, 7.57525349, 154.30514526, -54.95469284, 13.03712368, -102.07541656, 100.76213837, -28.24626541, 161.74481201, 0.08747878, 0.27213016, 0.71287668, 0.64039010, -0.66904724, 0.57325250, -0.02973581, 99.97500610, 112.98746490, 32.48999786, 0.00000000
1, 39.5300, 4286, 0.72511899, -1.90887225, 0.45332870, 25.93297386, 144.42471313, 161.20808411, -57.76088715, 16.63256264, -102.66004181, 100.53595734, -35.88154221, 163.56155396, 0.14752026, 0.29946944, 0.69598436, 0.63573712, -1.30910754, 1.10945582, -0.30503011, 99.97500610, 112.98746490, 32.48999786, 0.00000000
1, 39.5350, 4287, 0.64868295, -1.83865702, 0.41020125, 13.10084343, 156.12873840, 150.71409607, -57.76088715, 16.63256264, -102.66004181, 100.13700867, -36.76181793, 164.34866333, 0.15661082, 0.29960036, 0.69335413, 0.63637471, -1.24516666, 1.04741502, -0.26871672, 99.97500610, 112.98746490, 32.48999786, 0.00000000
1, 39.5400, 4288, 0.49420616, -1.74176240, 0.13228576, 3.30002475, 163.60562134, 137.45188904, -57.76088715, 16.63256264, -102.66004181, 99.62427521, -37.53966141, 165.21827698, 0.16517109, 0.29895452, 0.69058651, 0.63752258, -1.10133839, 0.95819974, 0.00083349, 99.97500610, 112.98746490, 32.48999786, 0.00000000
1, 39.5450, 4289, 0.28414282, -1.57370079, -0.18388665, -1.51023817, 162.62913513, 129.91856384, -58.14089203, 18.00643158, -103.44927979, 99.07437897, -38.31161499, 166.10324097, 0.17366207, 0.29832783, 0.68766022, 0.63872182, -0.90100479, 0.79743922, 0.30795982, 99.97500610, 112.98746490, 32.48999786, 0.00000000
1, 39.5500, 4290, 0.08621904, -1.41445017, -0.27630237, 8.38647079, 158.19715881, 126.53225708, -58.14089203, 18.00643158, -103.44927979, 98.56865692, -39.05682373, 166.98193359, 0.18203975, 0.29762304, 0.68503213, 0.63954127, -0.71311712, 0.64529604, 0.39183614, 99.97500610, 112.98746490, 32.48999786, 0.00000000
1, 39.5550, 4291, -0.04992243, -1.31449699, -0.01406267, 20.06570053, 156.73651123, 124.80647278, -58.60859299, 18.64951706, -104.53083801, 98.10643768, -39.78651047, 167.87017822, 0.19046228, 0.29679129, 0.68271095, 0.63995701, -0.58753335, 0.55198258, 0.12196441, 99.97500610, 112.98746490, 32.48999786, 0.00000000
1, 39.5600, 4292, -0.17088111, -1.27676523, 0.30551490, 21.77997017, 161.69876099, 123.29053497, -58.60859299, 18.64951706, -104.53083801, 97.61137390, -40.50631332, 168.80923462, 0.19899717, 0.29573855, 0.68036234, 0.64034837, -0.47702503, 0.52084625, -0.20535716, 99.97500610, 112.98746490, 32.48999786, 0.00000000
1, 39.5650, 4293, -0.25863969, -1.27911782, 0.47347790, 15.16353035, 170.56188965, 123.16537476, -58.60859299, 18.64951706, -104.53083801, 97.02372742, -41.22434998, 169.82554626, 0.20768987, 0.29446787, 0.67769772, 0.64099878, -0.39918834, 0.53005981, -0.38198119, 99.97500610, 112.98746490, 32.48999786, 0.00000000
1, 39.6400, 4294, -0.54583353, -0.49961647, 0.12271116, -16.26378059, 9.88562107, 67.75326538, -59.39783478, 23.38497543, -109.17860413, 88.83677673, -50.27861023, -179.73971558, 0.29879692, 0.30198696, 0.63428473, 0.64591581, -0.22275145, -0.14056997, -0.13790993, 99.97500610, 112.98746490, 32.48999786, 0.00000000
1, 39.6450, 4295, -0.52676845, -0.43990672, 0.13245666, -13.91099739, 1.96057880, 60.59408569, -60.12861633, 21.30955887, -109.12014008, 88.74781036, -50.58145905, -179.71353149, 0.30038017, 0.30378509, 0.63306904, 0.64553088, -0.24527508, -0.19613609, -0.14816648, 99.97500610, 112.98746490, 32.48999786, 0.00000000
1, 39.6500, 4296, -0.55466932, -0.44569734, 0.12605566, -20.49589157, -5.22917032, 52.97031021, -60.12861633, 21.30955887, -109.12014008, 88.67015076, -50.84712219, -179.74472046, 0.30146077, 0.30566081, 0.63185805, 0.64532804, -0.22040740, -0.18659958, -0.14260593, 99.97500610, 112.98746490, 32.48999786, 0.00000000
1, 39.6550, 4297, -0.57418245, -0.46885690, 0.09073231, -33.01849365, -7.31985617, 42.63433838, -60.09938431, 24.46652985, -108.85705566, 88.54389954, -51.06156540, -179.79405212, 0.30202410, 0.30747512, 0.63045520, 0.64557487, -0.20332092, -0.16026051, -0.10852280, 99.97500610, 112.98746490, 32.48999786, 0.00000000
1, 39.6600, 4298, -0.52366108, -0.48772588, 0.05453404, -42.44812012, -6.82555771, 30.18242455, -60.09938431, 24.46652985, -108.85705566, 88.36901093, -51.21392822, -179.84153748, 0.30212182, 0.30905718, 0.62894273, 0.64624858, -0.25559437, -0.13900322, -0.07398443, 99.97500610, 112.98746490, 32.48999786, 0.00000000
1, 39.6650, 4299, -0.41229823, -0.47101122, 0.06549288, -44.93135834, -10.07649517, 18.07859802, -60.09938431, 24.46652985, -108.85705566, 88.20381165, -51.30642319, -179.91746521, 0.30175343, 0.31043118, 0.62756258, 0.64710319, -0.36815381, -0.15422535, -0.08646564, 99.97500610, 112.98746490, 32.48999786, 0.00000000
1, 39.6700, 4300, -0.27945170, -0.42308205, 0.08185869, -43.40409088, -18.29496574, 6.85687923, -60.36246490, 22.53726959, -109.12014008, 88.09965515, -51.34435654, 179.93821716, 0.30086198, 0.31170973, 0.62648225, 0.64794993, -0.50160277, -0.20143700, -0.10373674, 99.97500610, 112.98746490, 32.48999786, 0.00000000
1, 39.6750, 4301, -0.16253966, -0.33890185, 0.05106617, -41.12462997, -32.90807724, -4.70209503, -60.36246490, 22.53726959, -109.12014008, 88.10051727, -51.32712173, 179.67370605, 0.29927349, 0.31305540, 0.62581158, 0.64868456, -0.61840236, -0.28560072, -0.07282604, 99.97500610, 112.98746490, 32.48999786, 0.00000000
1, 39.6800, 4302, -0.05580710, -0.22666390, -0.02736963, -38.05842972, -54.03305054, -17.51291275, -60.18708038, 24.37883568, -108.94475555, 88.25056458, -51.24914169, 179.23730469, 0.29678518, 0.31460869, 0.62567306, 0.64920974, -0.72425824, -0.39859810, 0.00723442, 99.97500610, 112.98746490, 32.48999786, 0.00000000
1, 39.6850, 4303, 0.01184069, -0.14070362, -0.09720649, -33.01044846, -77.58117676, -31.70364761, -60.18708038, 24.37883568, -108.94475555, 88.57275391, -51.10251236, 178.61138916, 0.29331723, 0.31637427, 0.62616861, 0.64945000, -0.79032087, -0.48628592, 0.08037787, 99.97500610, 112.98746490, 32.48999786, 0.00000000
1, 39.7200, 4304, 0.07595211, 0.04352190, 0.18839629, 8.87205505, -189.53407288, -130.49255371, -59.95322800, 23.26804924, -105.40777588, 94.85808563, -47.72472763, 169.92213440, 0.24242832, 0.33177006, 0.64684850, 0.64245170, -0.81850564, -0.71196032, -0.13435918, 99.97500610, 112.98746490, 32.48999786, 0.00000000
1, 39.7250, 4305, 0.00836898, -0.01986191, 0.21542872, 12.54089928, -183.56809998, -141.26322937, -59.95322800, 23.26804924, -105.40777588, 95.84049225, -46.93713760, 168.66908264, 0.23345295, 0.33279693, 0.65114260, 0.64090502, -0.74189144, -0.65747249, -0.14906049, 99.97500610, 112.98746490, 32.48999786, 0.00000000
1, 39.7300, 4306, -0.07237261, -0.10186151, 0.23502861, 15.49868011, -174.43077087, -150.89770508, -60.30400467, 22.50803757, -104.00467682, 96.74448395, -46.09268188, 167.52754211, 0.22448556, 0.33323058, 0.65549970, 0.63944030, -0.65125948, -0.58483303, -0.15687932, 99.97500610, 112.98746490, 32.48999786, 0.00000000
1, 39.7350, 4307, -0.18522520, -0.21467562, 0.25060087, 16.69599724, -163.56121826, -159.31175232, -60.30400467, 22.50803757, -104.00467682, 97.55612946, -45.20147705, 166.50659180, 0.21558769, 0.33307484, 0.65983981, 0.63811803, -0.52774799, -0.48176315, -0.16150555, 99.97500610, 112.98746490, 32.48999786, 0.00000000
1, 39.7400, 4308, -0.27622736, -0.30647188, 0.25886327, 14.87687302, -153.02120972, -166.67872620, -60.30400467, 22.50803757, -104.00467682, 98.30651093, -44.26591110, 165.57211304, 0.20666716, 0.33245593, 0.66422927, 0.63683701, -0.42536512, -0.40000647, -0.15935975, 99.97500610, 112.98746490, 32.48999786, 0.00000000
1, 39.7450, 4309, -0.36102000, -0.41349313, 0.26607478, 11.64261532, -145.54286194, -171.78727722, -59.69014740, 21.54340744, -102.25080109, 98.93038177, -43.30844498, 164.75161743, 0.19782609, 0.33141810, 0.66831255, 0.63591295, -0.32860276, -0.30324262, -0.15705669, 99.97500610, 112.98746490, 32.48999786, 0.00000000
1, 39.7500, 4310, -0.43430293, -0.48699039, 0.24985670, -1.03966296, -131.75765991, -183.32015991, -59.69014740, 21.54340744, -102.25080109, 99.39167023, -42.29945755, 164.06185913, 0.18886393, 0.32973933, 0.67202657, 0.63559633, -0.24259451, -0.24040830, -0.13290215, 99.97500610, 112.98746490, 32.48999786, 0.00000000
1, 39.7550, 4311, -0.47719556, -0.52629256, 0.22066912, -9.47353649, -124.10894012, -190.14607239, -58.95936966, 20.66647148, -101.69541168, 99.74901581, -41.25962448, 163.45101929, 0.17979667, 0.32768625, 0.67547584, 0.63563138, -0.18624866, -0.21213958, -0.09699847, 99.97500610, 112.98746490, 32.48999786, 0.00000000
1, 39.7600, 4312, -0.50246739, -0.55406046, 0.18733889, -17.76487541, -113.56533051, -197.08006287, -58.95936966, 20.66647148, -101.69541168, 99.99549103, -40.19232178, 162.93348694, 0.17071117, 0.32516974, 0.67864448, 0.63605356, -0.14692259, -0.19566490, -0.05814448, 99.97500610, 112.98746490, 32.48999786, 0.00000000
1, 39.7650, 4313, -0.50037616, -0.55504239, 0.14685559, -26.47336769, -100.96146393, -204.38027954, -58.19935608, 19.00029182, -100.46769714, 100.12610626, -39.09877396, 162.51750183, 0.16165513, 0.32212001, 0.68151307, 0.63690364, -0.13436145, -0.20623343, -0.01343607, 99.97500610, 112.98746490, 32.48999786, 0.00000000
1, 39.8050, 4314, -0.18494631, -0.54402661, 0.16128089, -53.63725662, -38.89866638, -264.98312378, -53.46389771, 15.14177132, -99.85384369, 98.80423737, -29.31323624, 161.71543884, 0.08964968, 0.27928025, 0.69909418, 0.65209883, -0.31017640, -0.31486282, -0.02853741, 99.97500610, 112.98746490, 32.48999786, 0.00000000
1, 39.8100, 4315, -0.15006806, -0.56460917, 0.15814620, -54.84496689, -35.14393616, -273.88668823, -53.46389771, 15.14177132, -99.85384369, 98.51023102, -27.93359184, 161.74966431, 0.08009351, 0.27214077, 0.70093602, 0.65437996, -0.32410878, -0.30640802, -0.02800693, 99.97500610, 112.98746490, 32.48999786, 0.00000000
1, 39.8150, 4316, -0.13494973, -0.59050453, 0.14999028, -54.73345184, -34.20589447, -281.05142212, -52.00233841, 13.65097904, -99.44460297, 98.21620941, -26.51904488, 161.78648376, 0.07034975, 0.26471335, 0.70275390, 0.65659332, -0.31746107, -0.29240179, -0.02269841, 99.97500610, 112.98746490, 32.48999786, 0.00000000
1, 39.8200, 4317, -0.13332197, -0.63909996, 0.15193842, -53.54155731, -34.34159470, -288.08029175, -52.00233841, 13.65097904, -99.44460297, 97.93051910, -25.06944084, 161.81956482, 0.06040223, 0.25702816, 0.70457333, 0.65868402, -0.29651999, -0.25542134, -0.02761908, 99.97500610, 112.98746490, 32.48999786, 0.00000000
1, 39.8250, 4318, -0.14051196, -0.68793476, 0.16223311, -52.90578461, -35.40323257, -294.45809937, -52.00233841, 13.65097904, -99.44460297, 97.65251160, -23.58738136, 161.84336853, 0.05023521, 0.24913242, 0.70636553, 0.66064912, -0.26598114, -0.21785727, -0.04093116, 99.97500610, 112.98746490, 32.48999786, 0.00000000
1, 39.8300, 4319, -0.15655097, -0.73565352, 0.16784088, -53.04851532, -36.72300720, -300.51672363, -49.83922958, 11.86787510, -99.23999023, 97.37849426, -22.07434845, 161.85630798, 0.03984217, 0.24104480, 0.70809740, 0.66250139, -0.22580945, -0.18099108, -0.04966175, 99.97500610, 112.98746490, 32.48999786, 0.00000000
1, 39.8350, 4320, -0.19908588, -0.78155601, 0.16482456, -52.90182114, -38.36270523, -306.20108032, -49.83922958, 11.86787510, -99.23999023, 97.11010742, -20.53205490, 161.85647583, 0.02922794, 0.23278502, 0.70976603, 0.66422069, -0.15837497, -0.14545865, -0.04990828, 99.97500610, 112.98746490, 32.48999786, 0.00000000
1, 39.8400, 4321, -0.24879782, -0.82266152, 0.13926855, -52.91307831, -38.74554443, -312.06378174, -47.38380432, 11.25401878, -99.56153107, 96.84680939, -18.95809746, 161.84970093, 0.01841106, 0.22430372, 0.71138024, 0.66579813, -0.08294798, -0.11417785, -0.02770108, 99.97500610, 112.98746490, 32.48999786, 0.00000000
1, 39.8450, 4322, -0.27760974, -0.87323356, 0.12451196, -51.54156876, -38.67353439, -317.51260376, -47.38380432, 11.25401878, -99.56153107, 96.58811188, -17.35949516, 161.84016418, 0.00746246, 0.21561302, 0.71292591, 0.66722709, -0.02773876, -0.07287624, -0.01632195, 99.97500610, 112.98746490, 32.48999786, 0.00000000
1, 39.8500, 4323, -0.29576737, -0.93079579, 0.15119296, -48.59472656, -39.42716599, -322.82589722, -47.38380432, 11.25401878, -99.56153107, 96.34612274, -15.73410606, 161.82257080, -0.00363863, 0.20673455, 0.71446276, 0.66842407, 0.01737220, -0.02400690, -0.04629130, 99.97500610, 112.98746490, 32.48999786, 0.00000000
1, 39.8850, 4324, -0.29077777, -1.54506981, 0.12935363, -8.91914272, -35.98616028, -366.64358521, -39.69599533, 8.21397209, -99.29844666, 95.45384979, -3.55131221, 161.60671997, -0.08482294, 0.13877970, 0.72675353, 0.66736394, 0.22044702, 0.55187571, -0.03761003, 99.97500610, 112.98746490, 32.48999786, 0.00000000
1, 39.8900, 4325, -0.29308194, -1.60869801, 0.15252119, -5.80084229, -30.73856735, -373.77893066, -37.35749817, 7.19087982, -99.56153107, 95.41947937, -1.68349898, 161.62774658, -0.09668190, 0.12784070, 0.72860110, 0.66592038, 0.25517866, 0.61366260, -0.06137584, 99.97500610, 112.98746490, 32.48999786, 0.00000000
1, 39.8950, 4326, -0.30457738, -1.72546673, 0.18718044, -3.67128873, -22.56516647, -378.34326172, -37.35749817, 7.19087982, -99.56153107, 95.39571381, 0.21044637, 161.69058228, -0.10842246, 0.11645181, 0.73038024, 0.66425014, 0.29949448, 0.72964275, -0.09663573, 99.97500610, 112.98746490, 32.48999786, 0.00000000
1, 39.9000, 4327, -0.29051173, -1.77827263, 0.25163350, -6.48118877, -14.62318707, -382.28936768, -37.35749817, 7.19087982, -99.56153107, 95.36073303, 2.12037301, 161.79388428, -0.12000862, 0.10466108, 0.73193365, 0.66250825, 0.31852949, 0.78269231, -0.16170117, 99.97500610, 112.98746490, 32.48999786, 0.00000000
1, 39.9050, 4328, -0.28816026, -1.78436899, 0.28777051, -12.42706108, -8.82961464, -384.91482544, -34.20052719, 6.98626137, -99.18152618, 95.30096436, 4.04074669, 161.92578125, -0.13147941, 0.09255897, 0.73315173, 0.66078335, 0.34954041, 0.79015410, -0.19893482, 99.97500610, 112.98746490, 32.48999786, 0.00000000
1, 39.9100, 4329, -0.31308758, -1.76749539, 0.31242457, -12.16197872, -1.24396050, -384.49203491, -34.20052719, 6.98626137, -99.18152618, 95.25012207, 5.95572329, 162.09381104, -0.14265788, 0.08022704, 0.73421270, 0.65889615, 0.40775314, 0.77577567, -0.22482157, 99.97500610, 112.98746490, 32.48999786, 0.00000000
1, 39.9150, 4330, -0.24419977, -1.75435781, 0.31215385, -4.92261314, 6.02587128, -384.37585449, -31.10201645, 6.51856184, -99.56153107, 95.24528503, 7.86701393, 162.29789734, -0.15353538, 0.06771120, 0.73531938, 0.65661830, 0.37201989, 0.76633668, -0.22496468, 99.97500610, 112.98746490, 32.48999786, 0.00000000
1, 39.9200, 4331, -0.12288573, -1.84643197, 0.30239794, 2.29988480, 14.40563869, -385.52993774, -31.10201645, 6.51856184, -99.56153107, 95.29013062, 9.78029728, 162.54635620, -0.16411360, 0.05494680, 0.73648500, 0.65393996, 0.28376022, 0.86330056, -0.21497396, 99.97500610, 112.98746490, 32.48999786, 0.00000000
1, 39.9250, 4332, -0.20246905, -1.94913280, 0.37060624, 1.59281933, 12.88691616, -377.60031128, -31.10201645, 6.51856184, -99.56153107, 95.33801270, 11.65458012, 162.78652954, -0.17446934, 0.04245929, 0.73739648, 0.65115601, 0.39560694, 0.97180670, -0.28321075, 99.97500610, 112.98746490, 32.48999786, 0.00000000
1, 39.9300, 4333, -0.69764030, -1.95612168, 0.51424676, -2.48074985, 1.32824790, -357.38854980, -28.26658821, 6.10932446, -98.91844177, 95.35887909, 13.43332672, 162.96096802, -0.18458380, 0.03090901, 0.73787785, 0.64846724, 0.92121458, 0.98516822, -0.42825136, 99.97500610, 112.98746490, 32.48999786, 0.00000000
1, 39.9900, 4334, -0.92354095, -0.55114388, -0.16038392, 9.96342850, 86.21105957, -72.16186523, -19.96492195, 8.36012840, -98.71382904, 95.80216217, 25.58307076, 166.06887817, -0.24235229, -0.05958667, 0.73623401, 0.62902653, 1.35609818, -0.34583890, 0.24765860, 99.97500610, 112.98746490, 32.48999786, 0.00000000
1, 39.9950, 4335, -0.91735935, -0.50418103, -0.36321706, 25.88805389, 86.44583130, -35.34387970, -19.96492195, 8.36012840, -98.71382904, 96.14638519, 25.71494102, 166.56590271, -0.24061838, -0.06282610, 0.73775697, 0.62759101, 1.35182202, -0.39131635, 0.45518100, 99.97500610, 112.98746490, 32.48999786, 0.00000000
1, 40.0000, 4336, -0.81635267, -0.51525366, -0.27277163, 39.22850037, 80.07862091, 2.78678370, -19.96492195, 8.36012840, -98.71382904, 96.53334808, 25.65805244, 167.00590515, -0.23807660, -0.06452423, 0.73967391, 0.62613004, 1.25043082, -0.37981969, 0.37090290, 99.97500610, 112.98746490, 32.48999786, 0.00000000
1, 40.0050, 4337, -0.75232524, -0.59927499, -0.07248326, 50.05451202, 66.93203735, 40.92807007, -19.99415398, 8.44782257, -98.15843201, 96.93176270, 25.41675377, 167.34811401, -0.23494226, -0.06451951, 0.74184895, 0.62473953, 1.18283176, -0.29686642, 0.17700976, 99.97500610, 112.98746490, 32.48999786, 0.00000000
1, 40.0100, 4338, -0.77950633, -0.72684991, 0.12687889, 55.78125381, 60.39701080, 77.50420380, -19.99415398, 8.44782257, -98.15843201, 97.33044434, 24.99585533, 167.62693787, -0.23103206, -0.06309336, 0.74420398, 0.62354141, 1.20357180, -0.17163509, -0.01603357, 99.97500610, 112.98746490, 32.48999786, 0.00000000
1, 40.0150, 4339, -0.81503916, -0.91639507, 0.27243519, 56.67624664, 61.14623642, 109.23288727, -20.49108505, 8.74013424, -97.16457367, 97.72219849, 24.41543579, 167.88293457, -0.22622836, -0.06064717, 0.74665827, 0.62261075, 1.23015165, 0.01453677, -0.15528409, 99.97500610, 112.98746490, 32.48999786, 0.00000000
1, 40.0200, 4340, -0.79735798, -1.20897102, 0.21014991, 52.71512222, 64.65186310, 133.16731262, -20.49108505, 8.74013424, -97.16457367, 98.09008789, 23.71248436, 168.13459778, -0.22063905, -0.05755328, 0.74907398, 0.62200832, 1.20187640, 0.30323482, -0.08686363, 99.97500610, 112.98746490, 32.48999786, 0.00000000
1, 40.0250, 4341, -0.71417904, -1.52886236, 0.01237269, 45.66812897, 70.61463928, 144.96635437, -20.49108505, 8.74013424, -97.16457367, 98.42657471, 22.94542313, 168.40319824, -0.21450487, -0.05430101, 0.75134856, 0.62170285, 1.10707283, 0.61901140, 0.11677219, 99.97500610, 112.98746490, 32.48999786, 0.00000000
1, 40.0300, 4342, -0.57623792, -1.63950706, -0.27881762, 22.16317177, 69.13092041, 166.57698059, -21.01724625, 7.13241720, -96.95995331, 98.63060760, 22.07111359, 168.64103699, -0.20776260, -0.05051471, 0.75298166, 0.62233573, 0.95625520, 0.72507799, 0.41282049, 99.97500610, 112.98746490, 32.48999786, 0.00000000
1, 40.0350, 4343, -0.27064711, -1.63653827, -0.33644271, 13.70561123, 58.74369812, 175.51556396, -21.01724625, 7.13241720, -96.95995331, 98.76441193, 21.15965080, 168.81219482, -0.20108531, -0.04622537, 0.75426280, 0.62331021, 0.63617492, 0.71676791, 0.47447237, 99.97500610, 112.98746490, 32.48999786, 0.00000000
1, 40.0800, 4344, 0.08198011, -1.03897417, -0.40206939, 8.59158421, -270.10617065, 128.27363586, -25.19731140, 7.77550411, -96.98918152, 97.81744385, 15.71404076, 168.35676575, -0.16853705, -0.01365699, 0.75185108, 0.63728225, 0.19189288, 0.08671856, 0.53280944, 99.97500610, 112.98746490, 32.48999786, 0.00000000
1, 40.0850, 4345, -0.45108846, -1.02685702, -0.13795182, 26.56031036, -310.50054932, 147.44738770, -25.19731140, 7.77550411, -96.98918152, 97.49993896, 15.18770409, 166.65951538, -0.17459801, 0.00002149, 0.75032187, 0.63759917, 0.71577245, 0.07107915, 0.26231503, 99.97500610, 112.98746490, 32.48999786, 0.00000000
1, 40.0900, 4346, -1.12881565, -1.09660721, 0.16456732, 45.22484207, -321.23977661, 175.10072327, -26.80502701, 7.92166042, -96.84302521, 97.27722931, 14.48906326, 164.89685059, -0.17997682, 0.01524229, 0.74905825, 0.63740712, 1.38184261, 0.13688473, -0.04585103, 99.97500610, 112.98746490, 32.48999786, 0.00000000
1, 40.0950, 4347, -1.49691224, -1.22328830, 0.24291077, 59.70310211, -275.43869019, 196.54869080, -26.80502701, 7.92166042, -96.84302521, 97.20417023, 13.68579674, 163.36207581, -0.18343201, 0.02979821, 0.74835443, 0.63673431, 1.73642838, 0.25983548, -0.12676206, 99.97500610, 112.98746490, 32.48999786, 0.00000000
1, 40.1000, 4348, -1.64288926, -1.34597206, 0.27467677, 70.25952148, -210.61326599, 207.56378174, -28.41274452, 7.65857935, -96.22917175, 97.28148651, 12.78776169, 162.15614319, -0.18441738, 0.04298691, 0.74829954, 0.63575965, 1.86742353, 0.37901938, -0.15795001, 99.97500610, 112.98746490, 32.48999786, 0.00000000
1, 40.1050, 4349, -1.53723288, -1.39568818, 0.43043351, 73.26713562, -142.03416443, 205.97032166, -28.41274452, 7.65857935, -96.22917175, 97.46768951, 11.85699940, 161.30162048, -0.18317802, 0.05423506, 0.74876922, 0.63470399, 1.74559808, 0.42535090, -0.31031567, 99.97500610, 112.98746490, 32.48999786, 0.00000000
1, 40.1100, 4350, -1.23314261, -1.32954991, 0.58764786, 64.22374725, -90.28368378, 197.29403687, -28.41274452, 7.65857935, -96.22917175, 97.67500305, 10.93842888, 160.71414185, -0.18049179, 0.06368648, 0.74933803, 0.63392377, 1.42533112, 0.35619774, -0.46272615, 99.97500610, 112.98746490, 32.48999786, 0.00000000
1, 40.1150, 4351, -0.89119649, -1.18126023, 0.72528535, 53.15290070, -73.70801544, 189.10203552, -30.25431061, 8.15550995, -95.99532318, 97.85211945, 10.05124855, 160.21441650, -0.17750522, 0.07231874, 0.74968642, 0.63342899, 1.06768823, 0.20522913, -0.59572232, 99.97500610, 112.98746490, 32.48999786, 0.00000000
1, 40.1200, 4352, -0.66417104, -1.05496216, 0.85490841, 47.65747452, -88.05580139, 184.06292725, -30.25431061, 8.15550995, -95.99532318, 97.99760437, 9.20012760, 159.64492798, -0.17512879, 0.08113536, 0.74972516, 0.63297653, 0.82554567, 0.07653590, -0.72162163, 99.97500610, 112.98746490, 32.48999786, 0.00000000
1, 40.1250, 4353, -0.60753089, -0.93842959, 1.03586614, 46.49740219, -116.84947968, 178.72943115, -31.86202812, 5.96316862, -95.11838531, 98.12376404, 8.39669895, 158.93420410, -0.17382932, 0.09055843, 0.74946481, 0.63236475, 0.75438374, -0.04218654, -0.89970195, 99.97500610, 112.98746490, 32.48999786, 0.00000000
1, 40.1500, 4354, -0.84927469, -0.79784167, 0.46782565, 63.22875214, -61.81517792, 127.81078339, -33.79129028, 8.06781673, -94.15375519, 99.29624939, 4.99756575, 155.78878784, -0.16814356, 0.13206668, 0.75034708, 0.62551224, 0.93770468, -0.18599802, -0.31144735, 99.97500610, 112.98746490, 32.48999786, 0.00000000
1, 40.1550, 4355, -1.02280390, -0.78191304, 0.52830529, 42.49689484, -32.39035797, 116.29747009, -33.79129028, 8.06781673, -94.15375519, 99.48911285, 4.45039082, 155.53417969, -0.16577615, 0.13706340, 0.75059634, 0.62476957, 1.10142970, -0.20223734, -0.36855292, 99.97500610, 112.98746490, 32.48999786, 0.00000000
1, 40.1600, 4356, -1.12066746, -0.67546368, 0.74340838, 31.49059868, -1.40845501, 104.34695435, -33.79129028, 8.06781673, -94.15375519, 99.64099121, 3.93729258, 155.44119263, -0.16278243, 0.14074026, 0.75082046, 0.62447000, 1.18966806, -0.30925897, -0.58087742, 99.97500610, 112.98746490, 32.48999786, 0.00000000
1, 40.1650, 4357, -1.11202288, -0.65841675, 0.86144358, 25.90644073, 22.34424019, 92.22519684, -35.19438553, 7.77550411, -94.03682709, 99.77377319, 3.46429873, 155.47445679, -0.15937340, 0.14332969, 0.75111949, 0.62440085, 1.17231929, -0.32664841, -0.69639093, 99.97500610, 112.98746490, 32.48999786, 0.00000000
1, 40.1700, 4358, -1.06988752, -0.72083282, 0.71221238, 18.02264595, 28.38589096, 84.33744812, -35.19438553, 7.77550411, -94.03682709, 99.86882782, 3.02491617, 155.54324341, -0.15602812, 0.14543936, 0.75128174, 0.62456256, 1.12276864, -0.26412818, -0.54528517, 99.97500610, 112.98746490, 32.48999786, 0.00000000
1, 40.1750, 4359, -1.01473176, -0.82049370, 0.41568094, 15.21664429, 24.61894226, 82.07510376, -36.39286804, 7.74627304, -94.59222412, 99.94845581, 2.59974718, 155.59466553, -0.15288311, 0.14755663, 0.75134480, 0.62476790, 1.06089675, -0.16411343, -0.24732471, 99.97500610, 112.98746490, 32.48999786, 0.00000000
1, 40.1800, 4360, -0.97700572, -0.95939469, 0.19910087, 20.09620476, 29.48181534, 80.02575684, -36.39286804, 7.74627304, -94.59222412, 100.05308533, 2.18046832, 155.67117310, -0.14960161, 0.14950384, 0.75157529, 0.62482208, 1.01637030, -0.02488258, -0.02917492, 99.97500610, 112.98746490, 32.48999786, 0.00000000
1, 40.1850, 4361, -0.84859335, -1.13149679, 0.13992958, 27.47979355, 52.97911835, 74.53295898, -36.39286804, 7.74627304, -94.59222412, 100.19809723, 1.76767826, 155.86727905, -0.14565064, 0.15067446, 0.75218409, 0.62474185, 0.88087988, 0.14747173, 0.03240167, 99.97500610, 112.98746490, 32.48999786, 0.00000000
1, 40.1900, 4362, -0.48086423, -1.33143985, 0.10007150, 33.43385315, 77.02320862, 68.96625519, -36.53902435, 8.94475269, -94.15375519, 100.36172485, 1.33357859, 156.18534851, -0.14086372, 0.15117303, 0.75302935, 0.62470073, 0.50588560, 0.34777713, 0.07568908, 99.97500610, 112.98746490, 32.48999786, 0.00000000
1, 40.1950, 4363, -0.18351661, -1.43219447, 0.02784514, 32.29041290, 82.56459808, 65.50251007, -36.53902435, 8.94475269, -94.15375519, 100.53088379, 0.93760163, 156.53273010, -0.13615212, 0.15126249, 0.75398272, 0.62457383, 0.20153302, 0.44901896, 0.15136316, 99.97500610, 112.98746490, 32.48999786, 0.00000000
1, 40.2550, 4364, -0.36354864, -0.96885979, 0.30939248, 0.86589813, -16.87778091, 48.14436722, -38.84828949, 8.71090317, -93.86144257, 101.11840057, -2.47411919, 156.34231567, -0.11387660, 0.17169632, 0.75289369, 0.62506300, 0.32055578, -0.01201338, -0.11926471, 99.97500610, 112.98746490, 32.48999786, 0.00000000
1, 40.2600, 4365, -0.43628681, -0.97770703, 0.32622308, 2.01457286, -9.61850548, 45.04292297, -38.84828949, 8.71090317, -93.86144257, 101.13311768, -2.68594027, 156.25192261, -0.11294524, 0.17344691, 0.75256526, 0.62514418, 0.38952672, -0.00298743, -0.13609356, 99.97500610, 112.98746490, 32.48999786, 0.00000000
1, 40.2650, 4366, -0.48142180, -1.00079143, 0.33581641, 4.28234768, -3.52062750, 42.84595490, -38.20520401, 9.23706532, -93.18912506, 101.15788269, -2.89277506, 156.19352722, -0.11185654, 0.17496909, 0.75234222, 0.62518406, 0.43100968, 0.02032449, -0.14549854, 99.97500610, 112.98746490, 32.48999786, 0.00000000
1, 40.2700, 4367, -0.51103199, -1.02258503, 0.37606096, 6.38242912, 4.60407114, 40.31385803, -38.20520401, 9.23706532, -93.18912506, 101.19113159, -3.09493732, 156.17738342, -0.11055447, 0.17619568, 0.75223303, 0.62520266, 0.45697787, 0.04233848, -0.18534154, 99.97500610, 112.98746490, 32.48999786, 0.00000000
1, 40.2750, 4368, -0.50368536, -1.04114270, 0.40701425, 6.28993511, 14.46824265, 37.07998657, -39.43291473, 9.35398960, -93.24758911, 101.22106171, -3.29072118, 156.21269226, -0.10901793, 0.17704554, 0.75219119, 0.62528259, 0.44610912, 0.06113689, -0.21580899, 99.97500610, 112.98746490, 32.48999786, 0.00000000
1, 40.2800, 4369, -0.46652439, -1.03958607, 0.41901103, 4.50183296, 23.25065041, 33.31613541, -39.43291473, 9.35398960, -93.24758911, 101.23912811, -3.47656512, 156.29473877, -0.10730992, 0.17752314, 0.75216889, 0.62546951, 0.40563482, 0.05982167, -0.22737919, 99.97500610, 112.98746490, 32.48999786, 0.00000000
1, 40.2850, 4370, -0.40586150, -1.02972472, 0.41742685, 2.02802134, 30.02927399, 30.07407951, -39.43291473, 9.35398960, -93.24758911, 101.24226379, -3.65309978, 156.41320801, -0.10548706, 0.17769705, 0.75213319, 0.62577301, 0.34186244, 0.05017383, -0.22554918, 99.97500610, 112.98746490, 32.48999786, 0.00000000
1, 40.2900, 4371, -0.33647689, -1.00852168, 0.40583318, 0.19427003, 34.01272964, 27.42325211, -39.25752640, 10.02630806, -93.48143768, 101.31629181, -3.91765904, 156.54891968, -0.10287454, 0.17829412, 0.75239235, 0.62572676, 0.26870698, 0.02935327, -0.21319222, 99.97500610, 112.98746490, 32.48999786, 0.00000000
1, 40.3450, 4372, -0.04513530, -0.98008490, 0.12345182, 0.41405484, 35.22246933, 22.05125046, -40.30984879, 10.02630806, -94.67991638, 100.97916412, -5.53310204, 158.45132446, -0.08221565, 0.17422600, 0.75128382, 0.63123578, -0.05097934, 0.00270948, 0.06445269, 99.97500610, 112.98746490, 32.48999786, 0.00000000
1, 40.3500, 4373, -0.05482189, -0.99169505, 0.13406667, 0.86416388, 33.56105804, 23.23274803, -40.22215652, 8.30166626, -94.21221924, 100.96975708, -5.67883873, 158.59486389, -0.08046878, 0.17406330, 0.75125235, 0.63154304, -0.04382850, 0.01450981, 0.05357965, 99.97500610, 112.98746490, 32.48999786, 0.00000000
1, 40.3550, 4374, -0.07475194, -1.00217652, 0.15117674, 0.65550923, 33.42721176, 24.38893700, -40.22215652, 8.30166626, -94.21221924, 100.95911407, -5.83009958, 158.73672485, -0.07869570, 0.17394085, 0.75120366, 0.63185817, -0.02654449, 0.02518590, 0.03618125, 99.97500610, 112.98746490, 32.48999786, 0.00000000
1, 40.3600, 4375, -0.11106103, -1.00898290, 0.16993228, 0.50478864, 34.34326172, 25.35909653, -40.22215652, 8.30166626, -94.21221924, 100.94698334, -5.98697186, 158.88224792, -0.07686664, 0.17382389, 0.75114411, 0.63218623, 0.00702018, 0.03219465, 0.01707022, 99.97500610, 112.98746490, 32.48999786, 0.00000000
1, 40.3650, 4376, -0.13010144, -1.01300597, 0.17696194, 0.80737835, 35.93313599, 25.98902702, -40.51446915, 10.61093235, -94.21221924, 100.93518066, -6.14840078, 159.03511047, -0.07496556, 0.17368393, 0.75109071, 0.63251626, 0.02326573, 0.03645369, 0.00972236, 99.97500610, 112.98746490, 32.48999786, 0.00000000
1, 40.3700, 4377, -0.15494277, -1.02171421, 0.18908140, 1.76891387, 38.95286560, 26.78486061, -40.51446915, 10.61093235, -94.21221924, 100.92622375, -6.31653214, 159.20220947, -0.07293614, 0.17348889, 0.75106484, 0.63283771, 0.04518251, 0.04541932, -0.00269386, 99.97500610, 112.98746490, 32.48999786, 0.00000000
1, 40.3750, 4378, -0.16418660, -1.03720498, 0.20441689, 2.44699311, 41.86728668, 27.51168442, -40.68985748, 7.86319780, -94.29991150, 100.91861725, -6.49094009, 159.38310242, -0.07078581, 0.17323831, 0.75105810, 0.63315839, 0.05139136, 0.06118604, -0.01828042, 99.97500610, 112.98746490, 32.48999786, 0.00000000
1, 40.3800, 4379, -0.17226754, -1.03904104, 0.22111239, 3.14346647, 46.17772675, 28.13134575, -40.68985748, 7.86319780, -94.29991150, 100.91156006, -6.67241049, 159.58480835, -0.06847164, 0.17288996, 0.75107563, 0.63348740, 0.05631250, 0.06332374, -0.03517988, 99.97500610, 112.98746490, 32.48999786, 0.00000000
1, 40.3850, 4380, -0.16330931, -1.03410935, 0.22707289, 2.73382187, 50.60195160, 27.96159554, -41.06986237, 10.52323914, -94.85530090, 100.89920044, -6.85716105, 159.80868530, -0.06602003, 0.17241119, 0.75109172, 0.63385886, 0.04414788, 0.05871609, -0.04136438, 99.97500610, 112.98746490, 32.48999786, 0.00000000
1, 40.3900, 4381, -0.14916374, -1.02043045, 0.22565697, 2.04574275, 54.44023514, 27.43090248, -41.06986237, 10.52323914, -94.85530090, 100.89199066, -7.04806757, 160.05073547, -0.06341784, 0.17184965, 0.75115418, 0.63420296, 0.02674604, 0.04538953, -0.04016207, 99.97500610, 112.98746490, 32.48999786, 0.00000000
1, 40.4400, 4382, 0.07473321, -0.93405819, 0.14972438, 4.11889029, 41.21809769, 37.81532288, -41.59602356, 11.02016926, -95.17684937, 100.70657349, -8.99349308, 162.52926636, -0.03693457, 0.16602460, 0.75112134, 0.63787818, -0.23120394, -0.03671241, 0.03255542, 99.97500610, 112.98746490, 32.48999786, 0.00000000
1, 40.4450, 4383, 0.03642830, -0.94424975, 0.13002786, 4.49424314, 37.03532410, 39.53355789, -41.59602356, 11.02016926, -95.17684937, 100.70618439, -9.22183132, 162.67674255, -0.03458692, 0.16629225, 0.75102091, 0.63805819, -0.19602479, -0.02601496, 0.05191352, 99.97500610, 112.98746490, 32.48999786, 0.00000000
1, 40.4500, 4384, -0.00406468, -0.95963216, 0.13003902, 4.40434694, 33.02915192, 40.98151016, -41.88833618, 10.49400711, -95.29376984, 100.70822906, -9.45360088, 162.80299377, -0.03233045, 0.16671805, 0.75089747, 0.63821071, -0.15951028, -0.00998868, 0.05168200, 99.97500610, 112.98746490, 32.48999786, 0.00000000
1, 40.4550, 4385, -0.04724278, -0.97458816, 0.12885253, 3.98810196, 29.47931671, 42.16407776, -41.88833618, 10.49400711, -95.29376984, 100.71081543, -9.68792152, 162.91053772, -0.03015994, 0.16728015, 0.75074494, 0.63834941, -0.12035311, 0.00563995, 0.05265507, 99.97500610, 112.98746490, 32.48999786, 0.00000000
1, 40.4600, 4386, -0.09576567, -0.99172604, 0.12265929, 3.70332098, 26.70905495, 42.83776855, -41.59602356, 10.93247604, -95.29376984, 100.71398926, -9.92300701, 163.00369263, -0.02806315, 0.16794041, 0.75057214, 0.63847482, -0.07585575, 0.02347960, 0.05862289, 99.97500610, 112.98746490, 32.48999786, 0.00000000
1, 40.4650, 4387, -0.15030813, -0.99805593, 0.11925126, 2.86730075, 25.36620712, 43.34218216, -41.59602356, 10.93247604, -95.29376984, 100.71385956, -10.15935040, 163.08973694, -0.02600211, 0.16865291, 0.75036705, 0.63861531, -0.02536366, 0.03052005, 0.06176756, 99.97500610, 112.98746490, 32.48999786, 0.00000000
1, 40.4700, 4388, -0.21019046, -1.00243032, 0.11067539, 2.41597748, 24.48769760, 43.50225449, -41.59602356, 10.93247604, -95.29376984, 100.71192169, -10.39567661, 163.17132568, -0.02396844, 0.16939385, 0.75014365, 0.63876110, 0.03048019, 0.03562227, 0.07002292, 99.97500610, 112.98746490, 32.48999786, 0.00000000
1, 40.4750, 4389, -0.25676823, -1.00878882, 0.11920754, 2.34830785, 24.23923492, 43.67245102, -42.06372452, 11.42940617, -94.65068817, 100.70956421, -10.63260269, 163.25155640, -0.02193861, 0.17014645, 0.74991328, 0.63890451, 0.07297267, 0.04269616, 0.06118646, 99.97500610, 112.98746490, 32.48999786, 0.00000000
1, 40.4800, 4390, -0.28891888, -1.01187599, 0.15156940, 2.01096344, 25.50701714, 42.97087097, -42.06372452, 11.42940617, -94.65068817, 100.70386505, -10.86724281, 163.33888245, -0.01988930, 0.17083953, 0.74967641, 0.63906467, 0.10100573, 0.04646396, 0.02851763, 99.97500610, 112.98746490, 32.48999786, 0.00000000
1, 40.4850, 4391, -0.30447477, -1.01216316, 0.17123602, 1.71127868, 26.66401863, 42.54658127, -41.85910416, 10.40631390, -95.49839020, 100.69509888, -11.10085487, 163.43247986, -0.01781620, 0.17148538, 0.74943155, 0.63923997, 0.11250994, 0.04745249, 0.00853360, 99.97500610, 112.98746490, 32.48999786, 0.00000000
1, 40.5050, 4392, -0.33254004, -0.99349606, 0.25716808, 0.07005374, 35.53688049, 40.88614655, -43.17451096, 11.42940617, -95.14761353, 100.62242126, -12.08062935, 163.91921997, -0.00864898, 0.17357703, 0.74832988, 0.64015514, 0.12360483, 0.03179087, -0.07920511, 99.97500610, 112.98746490, 32.48999786, 0.00000000
1, 40.5100, 4393, -0.34171847, -0.98612595, 0.23049451, 0.26675048, 39.70053482, 40.17668533, -43.14527893, 11.57556248, -94.85530090, 100.58998871, -12.31435680, 164.08139038, -0.00622738, 0.17377564, 0.74804902, 0.64045763, 0.12886034, 0.02520810, -0.05323309, 99.97500610, 112.98746490, 32.48999786, 0.00000000
1, 40.5150, 4394, -0.29399934, -1.01009309, 0.26649249, 2.21526480, 40.18631363, 39.49746323, -43.14527893, 11.57556248, -94.85530090, 100.56593323, -12.54507637, 164.24693298, -0.00379424, 0.17393772, 0.74782348, 0.64069599, 0.07710987, 0.04988228, -0.08975965, 99.97500610, 112.98746490, 32.48999786, 0.00000000
1, 40.5200, 4395, -0.20783381, -1.04186749, 0.36921212, 2.40927982, 41.88466644, 39.92105103, -43.14527893, 11.57556248, -94.85530090, 100.54033661, -12.77935505, 164.42086792, -0.00129244, 0.17406502, 0.74759567, 0.64093715, -0.01328901, 0.08228806, -0.19288036, 99.97500610, 112.98746490, 32.48999786, 0.00000000
1, 40.5250, 4396, -0.14747958, -1.05602455, 0.28927675, 0.15374656, 43.02341843, 39.55627823, -43.29143524, 10.78631973, -95.32300568, 100.50135803, -13.01280117, 164.60118103, 0.00121926, 0.17414752, 0.74730289, 0.64125633, -0.07742120, 0.09735738, -0.11357395, 99.97500610, 112.98746490, 32.48999786, 0.00000000
1, 40.5300, 4397, -0.10580454, -1.04339886, 0.20221859, -0.82141870, 44.23568344, 39.49242783, -43.29143524, 10.78631973, -95.32300568, 100.45531464, -13.24689960, 164.78802490, 0.00376126, 0.17419288, 0.74697834, 0.64161217, -0.12285607, 0.08564232, -0.02731591, 99.97500610, 112.98746490, 32.48999786, 0.00000000
1, 40.5350, 4398, -0.07016112, -1.03216493, 0.18355294, 0.09651841, 44.89527130, 39.91709137, -43.70067215, 11.86787510, -95.55685425, 100.41233063, -13.48353386, 164.97817993, 0.00634353, 0.17423218, 0.74667102, 0.64193875, -0.16245934, 0.07523675, -0.00944230, 99.97500610, 112.98746490, 32.48999786, 0.00000000
1, 40.5400, 4399, -0.02245024, -0.99679911, 0.17492327, -1.19972157, 43.43721390, 40.70503998, -43.70067215, 11.86787510, -95.55685425, 100.36138916, -13.63721752, 165.16052246, 0.00831550, 0.17387703, 0.74643111, 0.64229149, -0.21346878, 0.04052204, -0.00158717, 99.97500610, 112.98746490, 32.48999786, 0.00000000
1, 40.5450, 4400, 0.04511217, -0.95306301, 0.14112349, -1.57317483, 39.42099380, 42.47183609, -43.70067215, 11.86787510, -95.55685425, 100.31581116, -13.88126469, 165.32133484, 0.01077910, 0.17415155, 0.74605155, 0.64262140, -0.28433719, -0.00249130, 0.03149740, 99.97500610, 112.98746490, 32.48999786, 0.00000000
1, 40.5500, 4401, 0.11795148, -0.92860997, 0.09301356, -0.72638726, 34.72916412, 45.25855255, -43.87606049, 9.93861389, -95.70301056, 100.28009033, -14.13475037, 165.45616150, 0.01317484, 0.17464690, 0.74567211, 0.64288265, -0.36130309, -0.02594401, 0.07900086, 99.97500610, 112.98746490, 32.48999786, 0.00000000
1, 40.5750, 4402, 0.07605474, -0.97556651, -0.14225842, 2.60784483, 13.04666138, 63.24190140, -44.69453430, 11.69248772, -95.67378235, 100.24723053, -15.61681938, 165.73132324, 0.02456805, 0.18085904, 0.74360883, 0.64322031, -0.34353632, 0.02768894, 0.31217396, 99.97500610, 112.98746490, 32.48999786, 0.00000000
1, 40.5800, 4403, 0.06094654, -1.00707519, -0.10602038, 5.91168690, 11.18399525, 66.59057617, -44.69453430, 11.69248772, -95.67378235, 100.27866364, -15.95433712, 165.72746277, 0.02685034, 0.18269421, 0.74323887, 0.64303815, -0.33412692, 0.06076977, 0.27600801, 99.97500610, 112.98746490, 32.48999786, 0.00000000
1, 40.5850, 4404, 0.10888897, -1.05394721, -0.09489667, 6.87026167, 8.97069168, 69.18957520, -44.48991394, 9.70476437, -95.55685425, 100.31884003, -16.30266953, 165.70962524, 0.02914131, 0.18467303, 0.74287105, 0.64279807, -0.38790923, 0.10938476, 0.26527244, 99.97500610, 112.98746490, 32.48999786, 0.00000000
1, 40.5900, 4405, 0.14727658, -1.09852087, -0.09232191, 4.99289417, 4.14187050, 76.73976135, -44.48991394, 9.70476437, -95.55685425, 100.27231598, -16.54958534, 165.68328857, 0.03056729, 0.18618234, 0.74216270, 0.64311451, -0.43140364, 0.15541786, 0.26240054, 99.97500610, 112.98746490, 32.48999786, 0.00000000
1, 40.5950, 4406, 0.17367631, -1.11863005, -0.01505205, 4.52439833, -0.25112721, 81.12768555, -44.48991394, 9.70476437, -95.55685425, 100.31795502, -16.94852257, 165.60699463, 0.03287791, 0.18880484, 0.74163204, 0.64284813, -0.46347779, 0.17701635, 0.18486021, 99.97500610, 112.98746490, 32.48999786, 0.00000000
1, 40.6000, 4407, 0.16471331, -1.13754904, -0.00106104, 0.35713741, -1.65338111, 85.84430695, -44.81145859, 12.92019844, -95.14761353, 100.34687805, -17.36944008, 165.51861572, 0.03524129, 0.19162320, 0.74093777, 0.64268953, -0.46147007, 0.19810987, 0.17103100, 99.97500610, 112.98746490, 32.48999786, 0.00000000
1, 40.6050, 4408, 0.18143554, -1.10437846, 0.09029549, 0.12823203, -2.41288424, 89.86011505, -44.81145859, 12.92019844, -95.14761353, 100.37778473, -17.80938530, 165.42214966, 0.03769071, 0.19458990, 0.74019408, 0.64251614, -0.48566496, 0.16711760, 0.07981508, 99.97500610, 112.98746490, 32.48999786, 0.00000000
1, 40.6100, 4409, 0.17407604, -1.10457432, 0.17365965, 1.74618268, -2.97937322, 93.75186157, -46.03916931, 12.39403629, -95.70301056, 100.41975403, -18.26789665, 165.31855774, 0.04024433, 0.19769208, 0.73945200, 0.64226872, -0.48605382, 0.16969463, -0.00336166, 99.97500610, 112.98746490, 32.48999786, 0.00000000
1, 40.6150, 4410, 0.17116039, -1.10480249, 0.24795733, 3.45773220, -2.55942249, 97.21025848, -46.03916931, 12.39403629, -95.70301056, 100.47169495, -18.74369431, 165.21319580, 0.04292257, 0.20088732, 0.73871469, 0.64195222, -0.49113071, 0.17250219, -0.07733054, 99.97500610, 112.98746490, 32.48999786, 0.00000000
1, 40.6200, 4411, 0.14170891, -1.12360442, 0.28036356, 5.37386560, -1.40658569, 100.68350983, -46.03916931, 12.39403629, -95.70301056, 100.53349304, -19.23749542, 165.10971069, 0.04575130, 0.20415458, 0.73798501, 0.64156526, -0.46984035, 0.19414479, -0.10938169, 99.97500610, 112.98746490, 32.48999786, 0.00000000
1, 40.6500, 4412, 0.02486208, -1.34943950, 0.31254220, 11.24302006, 17.30211639, 118.72102356, -48.61151505, 14.49868488, -95.84916687, 100.98490906, -22.52841949, 164.70520020, 0.06633725, 0.22385837, 0.73341113, 0.63843161, -0.40635580, 0.44112605, -0.13875920, 99.97500610, 112.98746490, 32.48999786, 0.00000000
1, 40.6550, 4413, 0.05247866, -1.36907542, 0.29505336, 11.29930115, 19.02629089, 120.93463135, -48.61151505, 14.49868488, -95.84916687, 101.05178833, -23.14002037, 164.68223572, 0.07043193, 0.22715418, 0.73248732, 0.63788933, -0.44372696, 0.46501684, -0.12095400, 99.97500610, 112.98746490, 32.48999786, 0.00000000
1, 40.6600, 4414, 0.10037505, -1.38833940, 0.26632774, 11.25758934, 20.14524841, 123.66085052, -49.28383636, 15.02484608, -96.34609985, 101.11785889, -23.76604843, 164.66156006, 0.07463596, 0.23049916, 0.73151064, 0.63733184, -0.50152653, 0.48874712, -0.09192401, 99.97500610, 112.98746490, 32.48999786, 0.00000000
1, 40.6650, 4415, 0.15295926, -1.39606774, 0.24504386, 11.01077652, 20.69285774, 126.90184784, -49.28383636, 15.02484608, -96.34609985, 101.18347931, -24.40848160, 164.63952637, 0.07894304, 0.23392585, 0.73047024, 0.63675737, -0.56424022, 0.50114655, -0.07036374, 99.97500610, 112.98746490, 32.48999786, 0.00000000
1, 40.6700, 4416, 0.19804353, -1.40417576, 0.22851542, 10.56136703, 20.33436775, 130.08877563, -49.28383636, 15.02484608, -96.34609985, 101.24975586, -25.06619263, 164.61122131, 0.08332037, 0.23745802, 0.72936261, 0.63616163, -0.61966521, 0.51414150, -0.05363530, 99.97500610, 112.98746490, 32.48999786, 0.00000000
1, 40.6750, 4417, 0.24255854, -1.41164219, 0.22020225, 9.83467960, 19.34929085, 133.15914917, -49.57614517, 15.46331501, -96.37532806, 101.31685638, -25.73797798, 164.57328796, 0.08774154, 0.24110970, 0.72818196, 0.63554597, -0.67470902, 0.52670473, -0.04515768, 99.97500610, 112.98746490, 32.48999786, 0.00000000
1, 40.6800, 4418, 0.26732779, -1.41859806, 0.21226808, 9.17901230, 18.39715195, 136.33454895, -49.57614517, 15.46331501, -96.37532806, 101.38542938, -26.42437744, 164.52560425, 0.09221090, 0.24488248, 0.72692776, 0.63490611, -0.71017641, 0.53898942, -0.03714772, 99.97500610, 112.98746490, 32.48999786, 0.00000000
1, 40.6850, 4419, 0.27786037, -1.42362845, 0.19409211, 8.41026974, 17.96702576, 139.48875427, -50.95001221, 16.63256264, -96.22917175, 101.45386505, -27.12577629, 164.47087097, 0.09674262, 0.24876124, 0.72559351, 0.63424981, -0.73154896, 0.54960537, -0.01897984, 99.97500610, 112.98746490, 32.48999786, 0.00000000
1, 40.6900, 4420, 0.28329593, -1.42593336, 0.16183308, 7.67196512, 18.01870728, 142.89945984, -50.95001221, 16.63256264, -96.22917175, 101.51042938, -27.77596283, 164.41604614, 0.10090688, 0.25237423, 0.72428167, 0.63367271, -0.74745142, 0.55748534, 0.01315024, 99.97500610, 112.98746490, 32.48999786, 0.00000000
1, 40.6950, 4421, 0.29291311, -1.41767836, 0.14185783, 8.20680141, 18.67353630, 146.30833435, -52.11926270, 16.63256264, -96.84302521, 101.58200073, -28.51136780, 164.35513306, 0.10564071, 0.25643027, 0.72280973, 0.63295311, -0.76776481, 0.55505788, 0.03299949, 99.97500610, 112.98746490, 32.48999786, 0.00000000
1, 40.7300, 4422, 0.67574131, -1.78381324, 0.30805105, 30.52952003, 124.46968079, 167.08847046, -54.16544724, 18.53259277, -96.98918152, 101.53416443, -34.44384384, 165.62414551, 0.15194046, 0.27836117, 0.71060765, 0.62806529, -1.23870397, 0.97312057, -0.14339361, 99.97500610, 112.98746490, 32.48999786, 0.00000000
1, 40.7350, 4423, 0.76731378, -1.82651818, 0.44953546, 34.58430481, 141.18342590, 162.94854736, -54.51622391, 19.70184135, -97.31072998, 101.33774567, -35.38110733, 166.27285767, 0.16120084, 0.27928302, 0.70862079, 0.62759215, -1.34412265, 1.02422738, -0.28911653, 99.97500610, 112.98746490, 32.48999786, 0.00000000
1, 40.7400, 4424, 0.69774842, -1.85376620, 0.47935537, 25.77866745, 149.90162659, 154.96107483, -54.51622391, 19.70184135, -97.31072998, 101.04705811, -36.25711823, 166.99479675, 0.17020188, 0.27962053, 0.70644790, 0.62751502, -1.28740335, 1.05965424, -0.32464242, 99.97500610, 112.98746490, 32.48999786, 0.00000000
1, 40.7450, 4425, 0.57296574, -1.80658495, 0.26553819, 13.43278790, 153.95930481, 145.40036011, -55.68547058, 20.63723946, -97.98304749, 100.65363312, -37.11491394, 167.76864624, 0.17908901, 0.27975789, 0.70387924, 0.62786674, -1.17408967, 1.02055693, -0.11780404, 99.97500610, 112.98746490, 32.48999786, 0.00000000
1, 40.7500, 4426, 0.38062677, -1.67937624, -0.18028358, 8.07522392, 160.35960388, 139.45188904, -55.68547058, 20.63723946, -97.98304749, 100.18573761, -37.94450760, 168.60574341, 0.18792848, 0.27955481, 0.70112580, 0.62845415, -0.99223471, 0.90161884, 0.31995398, 99.97500610, 112.98746490, 32.48999786, 0.00000000
1, 40.7550, 4427, 0.20600808, -1.57964027, -0.28689367, 16.30412865, 167.27839661, 135.65632629, -55.68547058, 20.63723946, -97.98304749, 99.70875549, -38.75572205, 169.50854492, 0.19695844, 0.27895325, 0.69852668, 0.62885058, -0.82853937, 0.80956632, 0.41832185, 99.97500610, 112.98746490, 32.48999786, 0.00000000
1, 40.7600, 4428, -0.04424019, -1.50758421, -0.12773414, 30.95503044, 183.81578064, 129.58966064, -56.50394440, 21.25109673, -98.56767273, 99.21257782, -39.54423141, 170.54200745, 0.20648344, 0.27755931, 0.69619614, 0.62899637, -0.58949262, 0.74475068, 0.25062221, 99.97500610, 112.98746490, 32.48999786, 0.00000000
1, 40.7650, 4429, -0.18709415, -1.44924021, 0.12811509, 32.28054047, 190.26586914, 122.50578308, -56.50394440, 21.25109673, -98.56767273, 98.66767120, -40.29542923, 171.64491272, 0.21600485, 0.27573439, 0.69386053, 0.62918204, -0.45748037, 0.69324458, -0.01382603, 99.97500610, 112.98746490, 32.48999786, 0.00000000
1, 40.7700, 4430, -0.28449705, -1.38417542, 0.30625314, 25.81478119, 197.33171082, 117.46362305, -56.88395309, 22.39111328, -100.02922821, 98.03195953, -41.01808929, 172.82087708, 0.22550195, 0.27359667, 0.69127148, 0.62963283, -0.37020361, 0.63485730, -0.20136526, 99.97500610, 112.98746490, 32.48999786, 0.00000000
1, 40.7750, 4431, -0.40471861, -1.32099962, 0.34459129, 17.48299408, 200.57998657, 115.54399109, -56.88395309, 22.39111328, -100.02922821, 97.31234741, -41.72288132, 174.04403687, 0.23492213, 0.27136654, 0.68837386, 0.63032788, -0.25937665, 0.57842934, -0.25009620, 99.97500610, 112.98746490, 32.48999786, 0.00000000
1, 40.8250, 4432, -0.40002817, -1.29142845, 0.36253485, -22.19366074, 128.74519348, 103.12014008, -57.41011429, 25.51885414, -106.05085754, 88.46059418, -48.46068573, -173.25801086, 0.32420275, 0.25616100, 0.65228373, 0.63545269, -0.34797233, 0.62630022, -0.38109514, 99.97500610, 112.98746490, 32.48999786, 0.00000000
1, 40.8300, 4433, -0.32441196, -1.25284231, 0.39785716, -23.19951439, 112.92033386, 94.44838715, -57.41011429, 25.51885414, -106.05085754, 87.68484497, -48.91302490, -172.37806702, 0.32977268, 0.25602975, 0.64897954, 0.63602239, -0.42902339, 0.59398758, -0.42514652, 99.97500610, 112.98746490, 32.48999786, 0.00000000
1, 40.8350, 4434, -0.30490094, -1.20872509, 0.34277996, -24.22980690, 93.26088715, 85.89585876, -58.11166382, 26.16194153, -106.89856720, 87.00295258, -49.31996155, -171.63496399, 0.33452523, 0.25620902, 0.64600033, 0.63650101, -0.45319384, 0.55582416, -0.37779427, 99.97500610, 112.98746490, 32.48999786, 0.00000000
1, 40.8400, 4435, -0.29616809, -1.06934977, 0.27024662, -28.18942070, 71.50831604, 76.41936493, -58.11166382, 26.16194153, -106.89856720, 86.50196838, -49.58649445, -171.11448669, 0.33769068, 0.25633064, 0.64382970, 0.63697952, -0.46543545, 0.42121017, -0.31120837, 99.97500610, 112.98746490, 32.48999786, 0.00000000
1, 40.8450, 4436, -0.36888039, -0.83035409, 0.26106530, -30.57600784, 52.47401047, 68.91551208, -58.31628036, 26.98041534, -106.89856720, 86.01346588, -49.91313934, -170.67358398, 0.34074044, 0.25725073, 0.64143407, 0.63740134, -0.39594305, 0.18638405, -0.30687892, 99.97500610, 112.98746490, 32.48999786, 0.00000000
1, 40.8500, 4437, -0.44421056, -0.57138050, 0.27610067, -26.79028511, 37.99442673, 62.52827454, -58.31628036, 26.98041534, -106.89856720, 85.62618256, -50.21108246, -170.34216309, 0.34324491, 0.25833577, 0.63942134, 0.63764089, -0.32407194, -0.06821851, -0.32601255, 99.97500610, 112.98746490, 32.48999786, 0.00000000
1, 40.8550, 4438, -0.42116252, -0.36235967, 0.29856995, -20.00444221, 25.42226791, 56.11324692, -58.31628036, 26.98041534, -106.89856720, 85.34678650, -50.48079300, -170.10826111, 0.34529299, 0.25948811, 0.63785142, 0.63763958, -0.35026523, -0.27330375, -0.35120559, 99.97500610, 112.98746490, 32.48999786, 0.00000000
1, 40.8600, 4439, -0.38423884, -0.26045576, 0.27865827, -14.64646339, 12.94292450, 48.21137238, -58.11166382, 27.36042023, -107.65857697, 85.17090607, -50.71570969, -169.97462463, 0.34683183, 0.26068625, 0.63670343, 0.63746309, -0.38984627, -0.37171602, -0.33298147, 99.97500610, 112.98746490, 32.48999786, 0.00000000
1, 40.9500, 4440, -0.16212116, -0.22498839, 0.38007432, -4.27960253, -231.34889221, -156.48928833, -60.80093384, 26.33732796, -104.56006622, 97.93681335, -45.74554062, 170.74691772, 0.24346048, 0.31039354, 0.67218697, 0.62653619, -0.55791783, -0.46430057, -0.28800994, 99.97500610, 112.98746490, 32.48999786, 0.00000000
1, 40.9550, 4441, -0.19322120, -0.30176970, 0.46801406, -7.03091192, -220.53680420, -165.38021851, -60.80093384, 26.33732796, -104.56006622, 98.88002777, -44.76790237, 169.36680603, 0.23235580, 0.31164661, 0.67651570, 0.62547082, -0.51523203, -0.39785647, -0.36262110, 99.97500610, 112.98746490, 32.48999786, 0.00000000
1, 40.9600, 4442, -0.24238387, -0.37727857, 0.53362316, -12.42905807, -205.18894958, -172.62211609, -60.59631729, 25.10961723, -102.45542145, 99.66867065, -43.75223160, 168.14494324, 0.22139935, 0.31227776, 0.68054450, 0.62475932, -0.45369762, -0.33299932, -0.41634855, 99.97500610, 112.98746490, 32.48999786, 0.00000000
1, 40.9650, 4443, -0.29432690, -0.43454915, 0.52664649, -17.49690437, -187.62178040, -179.32458496, -60.59631729, 25.10961723, -102.45542145, 100.30310059, -42.70795059, 167.08793640, 0.21068232, 0.31223866, 0.68426615, 0.62441963, -0.38860139, -0.28654721, -0.39909476, 99.97500610, 112.98746490, 32.48999786, 0.00000000
1, 40.9700, 4444, -0.34321108, -0.47716209, 0.49358612, -20.23160362, -171.74803162, -185.74658203, -60.62554932, 24.20344925, -101.11078644, 100.81198120, -41.63892365, 166.17605591, 0.20019947, 0.31156123, 0.68776858, 0.62435907, -0.32594329, -0.25493997, -0.35714737, 99.97500610, 112.98746490, 32.48999786, 0.00000000
1, 40.9750, 4445, -0.41924867, -0.53959775, 0.42462549, -21.74477386, -159.61341858, -191.22171021, -60.62554932, 24.20344925, -101.11078644, 101.22640228, -40.54914474, 165.37669373, 0.18988587, 0.31036448, 0.69111490, 0.62448180, -0.23552477, -0.20359528, -0.28049517, 99.97500610, 112.98746490, 32.48999786, 0.00000000
1, 40.9800, 4446, -0.45623240, -0.58003938, 0.38506901, -25.19097710, -149.44132996, -196.89425659, -60.62554932, 24.20344925, -101.11078644, 101.55120087, -39.43763351, 164.67195129, 0.17965497, 0.30871063, 0.69427896, 0.62481892, -0.18374625, -0.17436916, -0.23401138, 99.97500610, 112.98746490, 32.48999786, 0.00000000
1, 40.9850, 4447, -0.46296012, -0.59504640, 0.32052454, -33.72830200, -133.98159790, -207.03787231, -60.30400467, 22.77112007, -100.73078156, 101.74195862, -38.28963852, 164.09524536, 0.16947845, 0.30635962, 0.69714254, 0.62563020, -0.16142018, -0.17097807, -0.16410978, 99.97500610, 112.98746490, 32.48999786, 0.00000000
1, 40.9900, 4448, -0.45437193, -0.56951451, 0.27738607, -41.17735672, -122.93202209, -215.89840698, -60.30400467, 22.77112007, -100.73078156, 101.84854126, -37.10791016, 163.59986877, 0.15926157, 0.30349517, 0.69983149, 0.62670767, -0.15376785, -0.20843087, -0.11668708, 99.97500610, 112.98746490, 32.48999786, 0.00000000
1, 40.9950, 4449, -0.43256018, -0.52942669, 0.24366494, -47.22138214, -110.53449249, -225.27047729, -59.13475418, 20.81262779, -100.43846893, 101.84046173, -35.89316940, 163.21200562, 0.14908104, 0.29997101, 0.70223182, 0.62822193, -0.15862820, -0.26074454, -0.07992779, 99.97500610, 112.98746490, 32.48999786, 0.00000000
1, 41.0250, 4450, -0.37510076, -0.53115153, 0.18573241, -58.90876389, -59.81259155, -269.20013428, -57.79011917, 18.15258598, -100.58462524, 100.70689392, -28.02537537, 162.19920349, 0.08841896, 0.26822174, 0.71418256, 0.64045501, -0.10054332, -0.33350462, -0.02302188, 99.97500610, 112.98746490, 32.48999786, 0.00000000
1, 41.0300, 4451, -0.39286736, -0.57769942, 0.13590780, -57.46268082, -51.74085236, -277.05313110, -55.86085892, 16.25255775, -99.94153595, 100.41767883, -26.61687088, 162.19598389, 0.07836940, 0.26125738, 0.71594280, 0.64267313, -0.06100328, -0.29884696, 0.02443534, 99.97500610, 112.98746490, 32.48999786, 0.00000000
1, 41.0350, 4452, -0.39881524, -0.62335861, 0.15841053, -55.09666061, -46.42506027, -285.85977173, -55.86085892, 16.25255775, -99.94153595, 100.12699127, -25.16974068, 162.22265625, 0.06825221, 0.25381863, 0.71773517, 0.64480543, -0.03258140, -0.26497298, -0.00064725, 99.97500610, 112.98746490, 32.48999786, 0.00000000
1, 41.0400, 4453, -0.37772745, -0.67894626, 0.22284609, -53.79696655, -40.52495956, -291.79974365, -55.86085892, 16.25255775, -99.94153595, 99.84346008, -23.70291519, 162.27377319, 0.05818546, 0.24602811, 0.71953988, 0.64679754, -0.03066948, -0.22082521, -0.06774914, 99.97500610, 112.98746490, 32.48999786, 0.00000000
1, 41.0450, 4454, -0.34252229, -0.71855235, 0.25420189, -53.39181519, -39.59399414, -295.63842773, -54.60391617, 14.35252857, -100.84770203, 99.55110168, -22.21309853, 162.32945251, 0.04800355, 0.23800004, 0.72122270, 0.64876008, -0.04218692, -0.19215120, -0.10188203, 99.97500610, 112.98746490, 32.48999786, 0.00000000
1, 41.0500, 4455, -0.30474877, -0.75348842, 0.26741788, -52.29945755, -39.56705093, -299.29711914, -54.60391617, 14.35252857, -100.84770203, 99.26744080, -20.70499229, 162.37983704, 0.03772144, 0.22981174, 0.72284663, 0.65058166, -0.05563203, -0.16762689, -0.11802278, 99.97500610, 112.98746490, 32.48999786, 0.00000000
1, 41.0550, 4456, -0.29080313, -0.80202258, 0.26726124, -50.57439804, -38.94015121, -303.05468750, -52.76234818, 11.13709450, -101.25694275, 98.99424744, -19.17859268, 162.42834473, 0.02736250, 0.22144282, 0.72442538, 0.65224403, -0.04467696, -0.12891704, -0.12089270, 99.97500610, 112.98746490, 32.48999786, 0.00000000
1, 41.0600, 4457, -0.28350440, -0.85208821, 0.26964754, -49.00196457, -37.72839355, -308.02322388, -52.76234818, 11.13709450, -101.25694275, 98.72938538, -17.62834358, 162.47915649, 0.01690998, 0.21283957, 0.72596115, 0.65375370, -0.02647349, -0.08811224, -0.12635145, 99.97500610, 112.98746490, 32.48999786, 0.00000000
1, 41.0650, 4458, -0.27187037, -0.88509357, 0.26239499, -48.10177994, -36.89637375, -313.37789917, -52.76234818, 11.13709450, -101.25694275, 98.47008514, -16.05203056, 162.53054810, 0.00633582, 0.20400192, 0.72743255, 0.65512222, -0.01191821, -0.06377309, -0.12219110, 99.97500610, 112.98746490, 32.48999786, 0.00000000
1, 41.0700, 4459, -0.27172759, -0.92293835, 0.24190260, -46.33961105, -36.84817123, -319.14773560, -50.95001221, 10.34785175, -101.34463501, 98.22173309, -14.44696999, 162.57881165, -0.00438802, 0.19493923, 0.72886187, 0.65630770, 0.01483242, -0.03395214, -0.10485207, 99.97500610, 112.98746490, 32.48999786, 0.00000000
1, 41.1050, 4460, -0.20473936, -1.49855757, 0.20009209, 2.31894898, -26.53930092, -364.35311890, -44.08067703, 6.22624969, -101.52001953, 97.39643860, -2.35693121, 163.09530640, -0.08171205, 0.12382694, 0.74093127, 0.65498924, 0.15512198, 0.50777090, -0.07452841, 99.97500610, 112.98746490, 32.48999786, 0.00000000
1, 41.1100, 4461, -0.20879880, -1.60602117, 0.18613191, 5.42118645, -25.85395813, -371.52694702, -44.08067703, 6.22624969, -101.52001953, 97.41624451, -0.49793318, 163.20356750, -0.09314884, 0.11257352, 0.74287474, 0.65328991, 0.19149669, 0.61424118, -0.06031717, 99.97500610, 112.98746490, 32.48999786, 0.00000000
1, 41.1150, 4462, -0.22181454, -1.67244554, 0.17769140, 1.59948552, -25.59953117, -376.27435303, -44.08067703, 6.22624969, -101.52001953, 97.42044830, 1.38437200, 163.31652832, -0.10470606, 0.10111327, 0.74453455, 0.65152210, 0.23729166, 0.68068856, -0.05183713, 99.97500610, 112.98746490, 32.48999786, 0.00000000
1, 41.1200, 4463, -0.22392309, -1.68171513, 0.18049134, -5.31238794, -25.21385384, -378.87622070, -41.42063522, 4.91084480, -102.07541656, 97.39391327, 3.27927709, 163.43276978, -0.11632656, 0.08949920, 0.74580789, 0.64979130, 0.27240151, 0.69097239, -0.05513431, 99.97500610, 112.98746490, 32.48999786, 0.00000000
1, 41.1250, 4464, -0.21444479, -1.68263090, 0.22156711, -5.94867516, -26.22605896, -381.94180298, -41.42063522, 4.91084480, -102.07541656, 97.36769104, 5.19007301, 163.54515076, -0.12803787, 0.07778688, 0.74686295, 0.64788222, 0.29601741, 0.69391876, -0.09696896, 99.97500610, 112.98746490, 32.48999786, 0.00000000
1, 41.1300, 4465, -0.23615229, -1.78263545, 0.29407242, 1.10597670, -30.14021492, -381.77438354, -37.85442734, 4.58930111, -102.04618073, 97.37837219, 7.10262680, 163.63798523, -0.13981280, 0.06620810, 0.74788648, 0.64554995, 0.35078299, 0.79707712, -0.17010736, 99.97500610, 112.98746490, 32.48999786, 0.00000000
1, 41.1350, 4466, -0.31502378, -1.85780609, 0.37011307, 5.87563753, -32.68106842, -378.67083740, -37.85442734, 4.58930111, -102.04618073, 97.41416168, 9.00141907, 163.71731567, -0.15153046, 0.05481236, 0.74881315, 0.64289433, 0.46237916, 0.87653255, -0.24650139, 99.97500610, 112.98746490, 32.48999786, 0.00000000
1, 41.1400, 4467, -0.28485233, -1.87830675, 0.47955820, 7.03162861, -27.49423790, -375.19692993, -37.85442734, 4.58930111, -102.04618073, 97.46776581, 10.86787510, 163.82351685, -0.16285375, 0.04344388, 0.74962062, 0.64004707, 0.46427375, 0.90230823, -0.35576525, 99.97500610, 112.98746490, 32.48999786, 0.00000000
1, 41.1450, 4468, -0.87591612, -1.85046828, 0.57961696, 0.04764684, -6.45180607, -364.72174072, -35.19438553, 3.56620860, -102.25080109, 97.50611115, 12.68042088, 164.03063965, -0.17324919, 0.03170073, 0.75014514, 0.63738698, 1.08639729, 0.88061702, -0.45731205, 99.97500610, 112.98746490, 32.48999786, 0.00000000
1, 41.1500, 4469, -1.02929401, -1.87206805, 0.57119048, -2.29184842, 15.78414154, -354.41744995, -35.19438553, 3.56620860, -102.25080109, 97.56494141, 14.42730618, 164.34718323, -0.18259193, 0.01965055, 0.75057489, 0.63475299, 1.26974940, 0.90925473, -0.44940901, 99.97500610, 112.98746490, 32.48999786, 0.00000000
1, 41.1750, 4470, -0.08506791, -1.60591757, -0.27345449, -35.39583588, 66.03794861, -257.84185791, -29.28968048, 3.24466538, -102.98158264, 97.97579193, 21.53490448, 167.35551453, -0.21110493, -0.04022044, 0.75027764, 0.62522042, 0.44788021, 0.68325788, 0.39984846, 99.97500610, 112.98746490, 32.48999786, 0.00000000
1, 41.1800, 4471, -0.41552177, -1.38050389, -0.15631028, -14.54236507, 36.65300751, -240.65069580, -26.51271439, 2.95235300, -102.83542633, 98.04089355, 22.70130348, 167.73008728, -0.21644588, -0.04922511, 0.74973214, 0.62340182, 0.79717678, 0.46535498, 0.28201729, 99.97500610, 112.98746490, 32.48999786, 0.00000000
1, 41.1850, 4472, -0.77980810, -1.30497169, 0.23103155, 6.03195620, 3.57152748, -224.84100342, -26.51271439, 2.95235300, -102.83542633, 98.14292908, 23.81216431, 167.91950989, -0.22245926, -0.05661365, 0.74939132, 0.62106311, 1.17858779, 0.39699155, -0.10568574, 99.97500610, 112.98746490, 32.48999786, 0.00000000
1, 41.1900, 4473, -1.04553735, -1.27806914, 0.57486677, 11.27329731, 3.69950461, -206.39714050, -26.51271439, 2.95235300, -102.83542633, 98.28737640, 24.78345108, 168.10710144, -0.22762766, -0.06309239, 0.74930006, 0.61867160, 1.45974755, 0.37701052, -0.44911724, 99.97500610, 112.98746490, 32.48999786, 0.00000000
1, 41.1950, 4474, -1.19841087, -1.09970403, 0.90839028, 4.18547916, 30.98298454, -180.13859558, -24.84653664, 2.48465347, -103.04004669, 98.43950653, 25.65253067, 168.41979980, -0.23149149, -0.06977285, 0.74918699, 0.61665410, 1.62579775, 0.20491233, -0.78126419, 99.97500610, 112.98746490, 32.48999786, 0.00000000
1, 41.2000, 4475, -1.13225758, -0.65474284, 0.71901172, 0.67652893, 61.92763138, -142.51649475, -24.84653664, 2.48465347, -103.04004669, 98.64158630, 26.31191444, 168.87693787, -0.23330805, -0.07608957, 0.74936843, 0.61499977, 1.57146335, -0.23388031, -0.58889437, 99.97500610, 112.98746490, 32.48999786, 0.00000000
1, 41.2050, 4476, -1.10669899, -0.53174531, 0.39442715, 14.33136463, 84.37818146, -109.13605499, -23.70651817, 2.74773455, -102.77696228, 98.96181488, 26.78773689, 169.43531799, -0.23353258, -0.08177753, 0.75022775, 0.61313421, 1.55493557, -0.35166538, -0.26048535, 99.97500610, 112.98746490, 32.48999786, 0.00000000
1, 41.2100, 4477, -1.09610558, -0.51269186, -0.02717349, 36.11609650, 107.95738983, -63.17833710, -23.70651817, 2.74773455, -102.77696228, 99.43752289, 27.01469231, 170.08906555, -0.23182438, -0.08637162, 0.75205064, 0.61091506, 1.54969358, -0.36674964, 0.16788568, 99.97500610, 112.98746490, 32.48999786, 0.00000000
1, 41.2150, 4478, -0.97429860, -0.59676254, -0.22016522, 37.93168259, 101.53905487, -25.60324287, -23.70651817, 2.74773455, -102.77696228, 99.89330292, 27.05699348, 170.67504883, -0.22932364, -0.08954145, 0.75398070, 0.60902059, 1.42972267, -0.28047597, 0.36809248, 99.97500610, 112.98746490, 32.48999786, 0.00000000
1, 41.2200, 4479, -0.78911644, -0.65526927, -0.36037502, 38.92551422, 77.89429474, 12.48308372, -22.94650650, 0.05846244, -101.87079620, 100.27806854, 26.92846870, 171.09341431, -0.22658566, -0.09081804, 0.75583827, 0.60755205, 1.24354863, -0.22132871, 0.51494241, 99.97500610, 112.98746490, 32.48999786, 0.00000000
1, 41.2500, 4480, -1.15998590, -1.22198665, -0.00164520, 42.94060135, 36.54222870, 180.78341675, -23.23881912, 2.54311609, -101.63694763, 102.05698395, 22.99407196, 171.80937195, -0.19858015, -0.07062809, 0.76886624, 0.60367417, 1.55439305, 0.32316172, 0.18789706, 99.97500610, 112.98746490, 32.48999786, 0.00000000
1, 41.2550, 4481, -1.24256527, -1.23421478, -0.07839823, 42.83761597, 31.12999916, 197.37562561, -24.20344925, 2.16311026, -101.19847870, 102.25135040, 21.99699593, 171.75105286, -0.19245605, -0.06446213, 0.77085727, 0.60380816, 1.62140751, 0.32972947, 0.26892841, 99.97500610, 112.98746490, 32.48999786, 0.00000000
1, 41.2600, 4482, -1.22120523, -1.24585116, -0.05585852, 44.74375916, 29.59286118, 211.40568542, -24.20344925, 2.16311026, -101.19847870, 102.44641876, 20.93321228, 171.66545105, -0.18600248, -0.05776273, 0.77286083, 0.60394770, 1.58314097, 0.33543682, 0.25091642, 99.97500610, 112.98746490, 32.48999786, 0.00000000
1, 41.2650, 4483, -0.81823564, -1.36436677, 0.10691032, 50.01700592, 26.57097435, 227.56579590, -24.20344925, 2.16311026, -101.19847870, 102.65647888, 19.79414177, 171.54220581, -0.17921931, -0.05039117, 0.77494526, 0.60398757, 1.16129017, 0.44761848, 0.09375170, 99.97500610, 112.98746490, 32.48999786, 0.00000000
1, 41.2700, 4484, -0.11675397, -1.55879784, 0.17175922, 49.22737503, 26.68449974, 225.44038391, -26.68810272, 1.75387311, -100.73078156, 102.86460114, 18.66572380, 171.41839600, -0.17246829, -0.04309496, 0.77692413, 0.60397553, 0.44098666, 0.63625443, 0.03516705, 99.97500610, 112.98746490, 32.48999786, 0.00000000
1, 41.2750, 4485, 0.71341968, -1.75102603, 0.01365333, 34.82219315, 38.53490067, 212.62144470, -26.68810272, 1.75387311, -100.73078156, 103.02534485, 17.58681107, 171.36724854, -0.16561002, -0.03664853, 0.77851170, 0.60427618, -0.40689531, 0.82351959, 0.19919991, 99.97500610, 112.98746490, 32.48999786, 0.00000000
1, 41.2800, 4486, 1.72101045, -1.82543421, -0.07424347, 12.52269173, 39.57590103, 191.58332825, -28.55890083, 1.90002918, -100.67231750, 103.08361053, 16.60908318, 171.34413147, -0.15922172, -0.03109966, 0.77942055, 0.60513210, -1.43105268, 0.89328861, 0.29208207, 99.97500610, 112.98746490, 32.48999786, 0.00000000
1, 41.2850, 4487, 2.80817008, -1.74518442, -0.02600215, -6.46665096, 17.39340591, 159.64422607, -28.55890083, 1.90002918, -100.67231750, 103.02589417, 15.81162834, 171.24588013, -0.15439481, -0.02617796, 0.77958071, 0.60640824, -2.53251028, 0.80876482, 0.24710128, 99.97500610, 112.98746490, 32.48999786, 0.00000000
1, 41.2900, 4488, 3.51241899, -1.71827137, -0.19733407, -17.89196396, 24.85783577, 111.24505615, -28.55890083, 1.90002918, -100.67231750, 102.93577576, 15.24605846, 171.24240112, -0.15060998, -0.02319840, 0.77939183, 0.60772270, -3.24684381, 0.77892464, 0.41946828, 99.97500610, 112.98746490, 32.48999786, 0.00000000
1, 41.2950, 4489, 3.85269499, -1.68564475, -0.85897154, -44.82297897, 64.23036957, 61.56045151, -29.37737465, 1.08155513, -100.52616119, 102.77824402, 14.87435436, 171.49609375, -0.14674357, -0.02310315, 0.77868432, 0.60957628, -3.59244537, 0.74504757, 1.08027363, 99.97500610, 112.98746490, 32.48999786, 0.00000000
1, 41.3200, 4490, -0.42692441, -0.96278679, -0.17205627, 22.36824226, -345.54580688, 97.87281799, -31.33586693, 2.07541656, -100.81847382, 100.80085754, 14.29620838, 166.30053711, -0.17062633, 0.01243184, 0.76853204, 0.61651486, 0.67506814, 0.01166278, 0.35233769, 99.97500610, 112.98746490, 32.48999786, 0.00000000
1, 41.3250, 4491, -1.29682684, -0.98184919, 0.29380667, 37.43892288, -357.59130859, 132.27075195, -31.33586693, 2.07541656, -100.81847382, 100.51612091, 13.97419167, 164.36308289, -0.17899343, 0.02677605, 0.76670611, 0.61595970, 1.53915668, 0.02785993, -0.12048151, 99.97500610, 112.98746490, 32.48999786, 0.00000000
1, 41.3300, 4492, -2.07917619, -1.03549874, 0.78998029, 45.92156982, -335.15667725, 173.21784973, -33.23589706, 2.01695418, -100.52616119, 100.30767059, 13.42267704, 162.50659180, -0.18544939, 0.04194271, 0.76502520, 0.61529320, 2.31192827, 0.07797337, -0.62213707, 99.97500610, 112.98746490, 32.48999786, 0.00000000
1, 41.3350, 4493, -2.53769398, -1.24607325, 1.14700055, 54.98484421, -274.72277832, 204.26721191, -33.23589706, 2.01695418, -100.52616119, 100.22958374, 12.66048622, 160.93373108, -0.18899216, 0.05658189, 0.76382959, 0.61452806, 2.75744104, 0.28481564, -0.98205304, 99.97500610, 112.98746490, 32.48999786, 0.00000000
1, 41.3400, 4494, -2.41913724, -1.64885676, 1.27336848, 57.66947174, -196.11283875, 220.12759399, -35.48669815, 2.45542240, -100.58462524, 100.27259064, 11.74214554, 159.74847412, -0.18938874, 0.06969553, 0.76317900, 0.61386675, 2.62352872, 0.68419325, -1.10787177, 99.97500610, 112.98746490, 32.48999786, 0.00000000
1, 41.3450, 4495, -2.01210880, -1.85213614, 1.22553933, 37.88926697, -129.05905151, 215.84353638, -35.48669815, 2.45542240, -100.58462524, 100.29983521, 10.79465199, 158.90615845, -0.18776280, 0.08064725, 0.76243913, 0.61394441, 2.20037079, 0.88441032, -1.05814493, 99.97500610, 112.98746490, 32.48999786, 0.00000000
1, 41.3500, 4496, -1.48931277, -1.79066372, 0.95033836, 18.84374237, -73.92715454, 193.21406555, -35.48669815, 2.45542240, -100.58462524, 100.29853821, 9.90959072, 158.36235046, -0.18495856, 0.08920418, 0.76164120, 0.61460209, 1.66273499, 0.82054627, -0.78096533, 99.97500610, 112.98746490, 32.48999786, 0.00000000
1, 41.3550, 4497, -0.98147875, -1.55838907, 0.68567640, 13.14606857, -40.58408356, 168.87881470, -37.38673019, 3.15697169, -100.32154083, 100.30776215, 9.11469555, 158.00814819, -0.18171030, 0.09600522, 0.76099992, 0.61534029, 1.14151371, 0.58635390, -0.51414222, 99.97500610, 112.98746490, 32.48999786, 0.00000000
1, 41.3600, 4498, -0.66457152, -1.24295878, 0.53779739, 10.28130054, -39.19389725, 154.82237244, -37.38673019, 3.15697169, -100.32154083, 100.31034088, 8.38774204, 157.67411804, -0.17879635, 0.10227513, 0.76031059, 0.61603528, 0.81217062, 0.26920301, -0.36449522, 99.97500610, 112.98746490, 32.48999786, 0.00000000
1, 41.3650, 4499, -0.53931117, -0.86583328, 0.47955021, 15.28056908, -57.28627014, 147.00160217, -38.05904770, 2.74773455, -99.91230774, 100.33034515, 7.71542883, 157.25775146, -0.17666133, 0.10880646, 0.75961232, 0.61639369, 0.67522359, -0.10947686, -0.30483174, 99.97500610, 112.98746490, 32.48999786, 0.00000000
1, 41.3950, 4500, -1.00343835, -0.83106315, 0.15495478, 17.86278152, 44.73671341, 111.43897247, -40.66062546, 3.77082729, -99.53230286, 101.56806183, 3.70007992, 156.34544373, -0.15400045, 0.13873780, 0.76210791, 0.61337370, 1.07006156, -0.14675064, 0.04089266, 99.97500610, 112.98746490, 32.48999786, 0.00000000
1, 41.4000, 4501, -0.97731155, -0.63620520, 0.54725987, 14.77918339, 25.92866325, 97.11421967, -40.66062546, 3.77082729, -99.53230286, 101.64502716, 3.19858909, 156.37565613, -0.15044349, 0.14136590, 0.76209050, 0.61367780, 1.03382969, -0.34253123, -0.34954137, 99.97500610, 112.98746490, 32.48999786, 0.00000000
1, 41.4050, 4502, -0.88854182, -0.57938766, 0.80207217, 12.70189667, 12.99484062, 86.59714508, -41.53756332, 3.82928967, -98.68459320, 101.70840454, 2.76153636, 156.35237122, -0.14760856, 0.14397568, 0.76198316, 0.61389279, 0.93658221, -0.39994365, -0.60279816, 99.97500610, 112.98746490, 32.48999786, 0.00000000
1, 41.4100, 4503, -0.71238470, -0.54419899, 0.70341480, 10.04338551, 13.71996117, 80.05846405, -41.53756332, 3.82928967, -98.68459320, 101.75900269, 2.35575175, 156.33880615, -0.14493954, 0.14632988, 0.76183921, 0.61415082, 0.75348353, -0.43511346, -0.50268817, 99.97500610, 112.98746490, 32.48999786, 0.00000000
1, 41.4150, 4504, -0.50852138, -0.59978998, 0.45829245, 14.85503197, 21.13774300, 77.47499084, -42.53142166, 4.47237635, -99.21075439, 101.83514404, 1.95517266, 156.36380005, -0.14206143, 0.14842713, 0.76187772, 0.61427218, 0.54325092, -0.37914988, -0.25594395, 99.97500610, 112.98746490, 32.48999786, 0.00000000
1, 41.4200, 4505, -0.34468624, -0.75983667, 0.23662557, 25.39574623, 31.97867203, 78.01983643, -42.53142166, 4.47237635, -99.21075439, 101.96543884, 1.54092562, 156.44061279, -0.13873918, 0.15031366, 0.76225245, 0.61410785, 0.37280709, -0.21855158, -0.03211300, 99.97500610, 112.98746490, 32.48999786, 0.00000000
1, 41.4250, 4506, -0.12197512, -1.04360485, 0.22079542, 36.34158325, 38.39976501, 77.08714294, -42.53142166, 4.47237635, -99.21075439, 102.15059662, 1.12450004, 156.54870605, -0.13515550, 0.15205988, 0.76295364, 0.61360627, 0.14284839, 0.06568816, -0.01322216, 99.97500610, 112.98746490, 32.48999786, 0.00000000
1, 41.4300, 4507, -0.00866378, -1.16715133, 0.26851603, 38.42262650, 36.38298035, 74.76924896, -42.53142166, 3.39082146, -98.83074951, 102.34525299, 0.72121555, 156.64794922, -0.13168536, 0.15379277, 0.76370150, 0.61299819, 0.02229502, 0.18975627, -0.05748530, 99.97500610, 112.98746490, 32.48999786, 0.00000000
1, 41.4350, 4508, 0.13760981, -1.32781386, 0.32213581, 32.56171799, 25.95074272, 70.45903778, -42.53142166, 3.39082146, -98.83074951, 102.50943756, 0.34973699, 156.69952393, -0.12871505, 0.15562654, 0.76425016, 0.61248225, -0.13072830, 0.35090947, -0.10802770, 99.97500610, 112.98746490, 32.48999786, 0.00000000
1, 41.4400, 4509, 0.17116754, -1.39455783, 0.39572501, 21.47739601, 12.06953907, 65.74753571, -43.55451584, 4.50160789, -98.83074951, 102.62825012, 0.03304873, 156.68753052, -0.12650549, 0.15753248, 0.76452303, 0.61211479, -0.17031583, 0.41799384, -0.17943782, 99.97500610, 112.98746490, 32.48999786, 0.00000000
1, 41.4600, 4510, -0.13663392, -0.98299074, 0.35884449, -11.28386307, -13.46701908, 55.56602859, -44.22683334, 5.02776957, -98.07073975, 102.53182220, -1.06105649, 156.27694702, -0.12153849, 0.16600211, 0.76217806, 0.61380488, 0.11833316, 0.00642210, -0.14362876, 99.97500610, 112.98746490, 32.48999786, 0.00000000
1, 41.4650, 4511, -0.23160268, -0.93813014, 0.33021960, -8.64238834, -14.49763584, 54.45626831, -44.43145370, 4.96930695, -99.03536987, 102.49196625, -1.31148911, 156.14755249, -0.12061919, 0.16815490, 0.76147664, 0.61427051, 0.20897269, -0.03847151, -0.11592458, 99.97500610, 112.98746490, 32.48999786, 0.00000000
1, 41.4700, 4512, -0.28292617, -0.92413270, 0.27799910, -6.19806623, -16.91833305, 53.14062881, -44.43145370, 4.96930695, -99.03536987, 102.46514893, -1.55294514, 156.00788879, -0.11979702, 0.17034064, 0.76083314, 0.61462659, 0.25617179, -0.05239790, -0.06434534, 99.97500610, 112.98746490, 32.48999786, 0.00000000
1, 41.4750, 4513, -0.34751517, -0.92877436, 0.23152786, -2.88320589, -17.86163712, 51.53364944, -44.43145370, 4.96930695, -99.03536987, 102.45553589, -1.78553355, 155.86540222, -0.11902429, 0.17251439, 0.76028097, 0.61485362, 0.31678414, -0.04762092, -0.01830846, 99.97500610, 112.98746490, 32.48999786, 0.00000000
1, 41.4800, 4514, -0.47913596, -0.97690189, 0.15246399, 0.47568938, -11.25472164, 47.37200546, -45.27915955, 5.08623219, -98.91844177, 102.46196747, -2.00485444, 155.75965881, -0.11811894, 0.17438902, 0.75988019, 0.61499470, 0.44469059, 0.00076852, 0.06036685, 99.97500610, 112.98746490, 32.48999786, 0.00000000
1, 41.4850, 4515, -0.51981157, -1.00713003, 0.12843002, 3.35328937, -0.22003789, 42.86635208, -45.27915955, 5.08623219, -98.91844177, 102.48097992, -2.21392632, 155.71263123, -0.11694731, 0.17583150, 0.75964475, 0.61509883, 0.48175627, 0.03121993, 0.08447153, 99.97500610, 112.98746490, 32.48999786, 0.00000000
1, 41.4900, 4516, -0.53589344, -1.05250943, 0.14264946, 6.90623188, 13.62487125, 37.61287308, -45.19146347, 5.17392588, -98.56767273, 102.48922729, -2.57547545, 155.74064636, -0.11437066, 0.17757398, 0.75926673, 0.61554921, 0.49287528, 0.07684321, 0.07041708, 99.97500610, 112.98746490, 32.50000000, 0.00000000
1, 41.4950, 4517, -0.50700378, -1.07352793, 0.19632357, 8.26873970, 18.08100128, 35.28314209, -45.19146347, 5.17392588, -98.56767273, 102.52866364, -2.76709270, 155.79109192, -0.11275855, 0.17829539, 0.75930762, 0.61558783, 0.45906436, 0.09807897, 0.01717065, 99.97500610, 112.98746490, 32.50000000, 0.00000000
1, 41.5550, 4518, -0.01223806, -0.90029800, 0.30540025, -4.15189648, 41.30458450, 18.04808044, -45.89301300, 5.90470600, -98.85997772, 102.53472900, -4.71583509, 157.76684570, -0.08904281, 0.17553470, 0.75982606, 0.61961550, -0.07016830, -0.07307564, -0.09044631, 99.97500610, 112.98746490, 32.50000000, 0.00000000
1, 41.5600, 4519, -0.02038817, -0.89491105, 0.27333832, -4.31757402, 40.16765213, 17.46225548, -45.89301300, 5.90470600, -98.85997772, 102.49853516, -4.84436846, 157.94480896, -0.08727209, 0.17500822, 0.75973195, 0.62013155, -0.06418952, -0.07836422, -0.05905136, 99.97500610, 112.98746490, 32.50000000, 0.00000000
1, 41.5650, 4520, -0.03411937, -0.89428425, 0.24211174, -3.73244953, 38.81684494, 17.35250664, -46.47763824, 6.19701815, -99.67845917, 102.46542358, -4.97078466, 158.11639404, -0.08554434, 0.17451613, 0.75964671, 0.62061512, -0.05258492, -0.07888470, -0.02847854, 99.97500610, 112.98746490, 32.50000000, 0.00000000
1, 41.5700, 4521, -0.04922576, -0.90318811, 0.22455107, -2.04926944, 37.98297119, 17.87203598, -46.47763824, 6.19701815, -99.67845917, 102.44072723, -5.09874344, 158.28341675, -0.08381713, 0.17406943, 0.75959742, 0.62103659, -0.03964832, -0.06986445, -0.01147205, 99.97500610, 112.98746490, 32.50000000, 0.00000000
1, 41.5750, 4522, -0.05957847, -0.91542518, 0.22337094, -1.16469467, 38.49884033, 18.46896362, -46.47763824, 6.19701815, -99.67845917, 102.41992188, -5.23009825, 158.45242310, -0.08204965, 0.17363115, 0.75956684, 0.62143260, -0.03156111, -0.05750545, -0.01073890, 99.97500610, 112.98746490, 32.50000000, 0.00000000
1, 41.5800, 4523, -0.06279070, -0.92713428, 0.21865445, -1.03918660, 40.01835251, 19.06441879, -46.21455765, 6.08009338, -100.08769226, 102.39872742, -5.36592102, 158.62832642, -0.08021443, 0.17317109, 0.75953794, 0.62183565, -0.03067799, -0.04565736, -0.00645702, 99.97500610, 112.98746490, 32.50000000, 0.00000000
1, 41.5850, 4524, -0.07259027, -0.93264914, 0.22361948, -0.45146856, 41.51134491, 19.47809601, -46.21455765, 6.08009338, -100.08769226, 102.37937164, -5.50527859, 158.81120300, -0.07831389, 0.17268543, 0.75952411, 0.62222970, -0.02329825, -0.04000188, -0.01183920, 99.97500610, 112.98746490, 32.50000000, 0.00000000
1, 41.5900, 4525, -0.08082320, -0.95344162, 0.22274892, 0.05036229, 44.19136810, 19.74590111, -46.15609360, 6.46009922, -99.91230774, 102.36525726, -5.64125872, 159.00657654, -0.07635945, 0.17210311, 0.75956124, 0.62258863, -0.01747059, -0.01904171, -0.01135422, 99.97500610, 112.98746490, 32.50000000, 0.00000000
1, 41.5950, 4526, -0.08653081, -0.98061562, 0.21311769, 1.31210399, 45.95549774, 20.71829796, -46.15609360, 6.46009922, -99.91230774, 102.35179901, -5.79127836, 159.21011353, -0.07426415, 0.17154191, 0.75959468, 0.62295604, -0.01425678, 0.00834659, -0.00204608, 99.97500610, 112.98746490, 32.50000000, 0.00000000
1, 41.6000, 4527, -0.09663559, -1.01214373, 0.21052206, 2.27825260, 48.74968719, 22.20973778, -46.15609360, 6.46009922, -99.91230774, 102.34139252, -5.95149708, 159.42588806, -0.07202818, 0.17095615, 0.75964844, 0.62331384, -0.00687468, 0.04010911, 0.00022145, 99.97500610, 112.98746490, 32.50000000, 0.00000000
1, 41.6300, 4528, -0.08407882, -0.97156036, 0.18473822, 0.75020421, 60.62527466, 23.21329308, -46.41917419, 6.48933077, -100.52616119, 102.21384430, -6.98862743, 160.93276978, -0.05701564, 0.16641043, 0.75980377, 0.62590331, -0.03729461, 0.00109013, 0.02359887, 99.97500610, 112.98746490, 32.50000000, 0.00000000
1, 41.6350, 4529, -0.07719465, -0.98557520, 0.14489222, 0.94671875, 61.83153152, 22.36323738, -46.41917419, 6.48933077, -100.52616119, 102.18423462, -7.16276979, 161.21374512, -0.05434918, 0.16546053, 0.75982034, 0.62637216, -0.04710381, 0.01542358, 0.06284559, 99.97500610, 112.98746490, 32.50000000, 0.00000000
1, 41.6400, 4530, -0.00530565, -0.96829474, 0.14797392, 3.01586080, 61.54640579, 23.38166809, -46.41917419, 6.25548077, -100.87693787, 102.14566040, -7.28771353, 161.49418640, -0.05202879, 0.16424906, 0.75984931, 0.62685275, -0.12160484, -0.00165587, 0.05936824, 99.97500610, 112.98746490, 32.50000000, 0.00000000
1, 41.6450, 4531, 0.09461937, -0.94922626, 0.17189528, 2.49355912, 58.02207947, 24.91671371, -46.41917419, 6.25548077, -100.87693787, 102.12505341, -7.47004652, 161.75408936, -0.04940645, 0.16348882, 0.75987035, 0.62723809, -0.22426504, -0.02053130, 0.03516400, 99.97500610, 112.98746490, 32.50000000, 0.00000000
1, 41.6500, 4532, 0.13530815, -0.94248283, 0.19686133, 2.64907479, 55.02213287, 29.54022217, -46.41917419, 6.25548077, -100.87693787, 102.10697174, -7.67178392, 161.99449158, -0.04675512, 0.16296311, 0.75985056, 0.62760192, -0.26842666, -0.02694463, 0.00989262, 99.97500610, 112.98746490, 32.50000000, 0.00000000
1, 41.6550, 4533, 0.17101589, -0.94458330, 0.23321044, 6.58170033, 48.34506989, 33.43211746, -46.85764313, 6.66471767, -100.32154083, 102.11275482, -7.88553047, 162.19801331, -0.04419000, 0.16275610, 0.75989228, 0.62779099, -0.30786034, -0.02442182, -0.02647633, 99.97500610, 112.98746490, 32.50000000, 0.00000000
1, 41.6600, 4534, 0.14704657, -0.94743323, 0.25212508, 5.48927450, 42.05463409, 35.36417007, -46.85764313, 6.66471767, -100.32154083, 102.11694336, -8.10219383, 162.36851501, -0.04178753, 0.16278259, 0.75987357, 0.62797129, -0.28768009, -0.02107509, -0.04548328, 99.97500610, 112.98746490, 32.50000000, 0.00000000
1, 41.6650, 4535, 0.09272208, -0.94493759, 0.21147148, 3.46002936, 39.34680939, 35.71102524, -47.12072372, 6.54779291, -100.61385345, 102.11228180, -8.31776237, 162.52537537, -0.03947921, 0.16289046, 0.75978744, 0.62819678, -0.23698620, -0.02298957, -0.00511147, 99.97500610, 112.98746490, 32.50000000, 0.00000000
1, 41.6700, 4536, 0.06434902, -0.93944299, 0.15900691, 2.22373819, 35.77489853, 36.06225586, -47.12072372, 6.54779291, -100.61385345, 102.10350037, -8.53132725, 162.66430664, -0.03728797, 0.16310517, 0.75965488, 0.62843519, -0.21217644, -0.02789743, 0.04703413, 99.97500610, 112.98746490, 32.50000000, 0.00000000
1, 41.6750, 4537, 0.02999083, -0.94380522, 0.16334680, 3.24288154, 31.19096184, 37.30705643, -47.26688004, 6.28471184, -101.40309906, 102.10291290, -8.74618721, 162.77935791, -0.03520690, 0.16348790, 0.75953043, 0.62860614, -0.18152720, -0.02300813, 0.04243008, 99.97500610, 112.98746490, 32.50000000, 0.00000000
1, 41.6850, 4538, -0.01419296, -0.94480419, 0.19949521, 5.50537968, 27.16398811, 40.47717667, -47.26688004, 6.28471184, -101.40309906, 102.12551117, -9.19273758, 162.97271729, -0.03109727, 0.16459237, 0.75933331, 0.62877280, -0.14508484, -0.02082340, 0.00625176, 99.97500610, 112.98746490, 32.50000000, 0.00000000
1, 41.6900, 4539, -0.03668956, -0.94986391, 0.20517932, 5.17425966, 25.42349052, 41.77188492, -47.06226349, 5.43700647, -101.14001465, 102.13980103, -9.37112141, 163.05390930, -0.02942577, 0.16500799, 0.75928766, 0.62879950, -0.12610447, -0.01516675, 0.00061562, 99.97500610, 112.98746490, 32.50000000, 0.00000000
1, 41.6950, 4540, -0.08240023, -0.95626223, 0.20587157, 5.11309338, 24.90300560, 43.12729645, -47.06226349, 5.43700647, -101.14001465, 102.15305328, -9.60795116, 163.13172913, -0.02737890, 0.16575620, 0.75915092, 0.62886029, -0.08399769, -0.00813291, -0.00009243, 99.97500610, 112.98746490, 32.50000000, 0.00000000
1, 41.7000, 4541, -0.12989755, -0.97221148, 0.20121714, 5.43777227, 24.71179390, 43.95985413, -47.09149170, 6.98626137, -101.43232727, 102.16795349, -9.84866047, 163.20771790, -0.02531305, 0.16653675, 0.75901330, 0.62890673, -0.04061403, 0.00856346, 0.00451372, 99.97500610, 112.98746490, 32.50000000, 0.00000000
1, 41.7050, 4542, -0.19319788, -0.99038696, 0.21096759, 5.28453970, 25.83669853, 44.93502808, -47.09149170, 6.98626137, -101.43232727, 102.18099976, -10.09533024, 163.28823853, -0.02318414, 0.16731761, 0.75886196, 0.62896419, 0.01845024, 0.02749171, -0.00534944, 99.97500610, 112.98746490, 32.50000000, 0.00000000
1, 41.7100, 4543, -0.21705981, -0.99819708, 0.22650336, 5.33776999, 27.42769432, 45.42795181, -47.09149170, 6.98626137, -101.43232727, 102.19263458, -10.34609509, 163.37615967, -0.02098854, 0.16807014, 0.75870603, 0.62902880, 0.03798464, 0.03607090, -0.02091789, 99.97500610, 112.98746490, 32.50000000, 0.00000000
1, 41.7150, 4544, -0.25430754, -1.00815761, 0.25443295, 5.48219538, 30.30757141, 45.95043182, -47.14995575, 6.34317446, -101.37386322, 102.20212555, -10.60244274, 163.47787476, -0.01868218, 0.16875990, 0.75854874, 0.62910652, 0.07078115, 0.04680949, -0.04895642, 99.97500610, 112.98746490, 32.50000000, 0.00000000
1, 41.7200, 4545, -0.27122161, -1.01706529, 0.26081213, 5.40915775, 33.40690231, 45.95513153, -47.14995575, 6.34317446, -101.37386322, 102.20790863, -10.86208153, 163.59504700, -0.01627371, 0.16936354, 0.75838727, 0.62920576, 0.08323802, 0.05654839, -0.05545772, 99.97500610, 112.98746490, 32.50000000, 0.00000000
1, 41.7250, 4546, -0.27792990, -1.02541542, 0.26868743, 5.39740562, 37.34061813, 46.04904556, -47.88073730, 7.80473518, -101.43232727, 102.20938110, -11.12632751, 163.73179626, -0.01373258, 0.16986108, 0.75822288, 0.62933052, 0.08542261, 0.06574526, -0.06350254, 99.97500610, 112.98746490, 32.50000000, 0.00000000
1, 41.7300, 4547, -0.28601387, -1.02767861, 0.27316448, 5.31316662, 41.37896347, 46.11131668, -47.88073730, 7.80473518, -101.43232727, 102.20585632, -11.39510822, 163.88871765, -0.01105687, 0.17024828, 0.75805265, 0.62948352, 0.08890799, 0.06888029, -0.06823331, 99.97500610, 112.98746490, 32.50000000, 0.00000000
1, 41.7450, 4548, -0.20681471, -1.06306231, 0.31733704, 6.20229006, 47.39859009, 46.69916534, -47.82227325, 7.71704149, -101.60771942, 102.19256592, -12.23339558, 164.42953491, -0.00243074, 0.17111614, 0.75757521, 0.62991530, -0.00468137, 0.10704781, -0.11310738, 99.97500610, 112.98746490, 32.50000000, 0.00000000
1, 41.7500, 4549, -0.11485076, -1.06986773, 0.37636954, 5.62917805, 50.76279449, 47.10211563, -48.34843445, 7.71704149, -102.01695251, 102.17767334, -12.51678181, 164.63313293, 0.00058466, 0.17127240, 0.75738406, 0.63010705, -0.10160592, 0.11473904, -0.17234606, 99.97500610, 112.98746490, 32.50000000, 0.00000000
1, 41.7550, 4550, -0.08436668, -1.05967116, 0.29179072, 2.53845763, 50.39465714, 46.81721497, -48.34843445, 7.71704149, -102.01695251, 102.14659119, -12.79835033, 164.83551025, 0.00355713, 0.17142823, 0.75710309, 0.63039243, -0.13668665, 0.10563451, -0.08834565, 99.97500610, 112.98746490, 32.50000000, 0.00000000
1, 41.7600, 4551, -0.07776749, -1.01931381, 0.21116829, 1.61833334, 50.16173172, 47.48936844, -48.34843445, 7.71704149, -102.01695251, 102.11028290, -13.08285618, 165.03642273, 0.00653367, 0.17161122, 0.75678504, 0.63070065, -0.14790559, 0.06635518, -0.00848136, 99.97500610, 112.98746490, 32.50000000, 0.00000000
1, 41.7650, 4552, -0.03787848, -1.01772857, 0.23299752, 2.42040515, 48.78445816, 48.56799698, -48.52382278, 7.68781042, -102.25080109, 102.07877350, -13.37107754, 165.22966003, 0.00950044, 0.17186590, 0.75647461, 0.63096601, -0.19272834, 0.06573132, -0.03099769, 99.97500610, 112.98746490, 32.50000000, 0.00000000
1, 41.7700, 4553, 0.05443951, -1.01277924, 0.26419687, 2.29108381, 45.34386444, 51.11655045, -48.52382278, 7.68781042, -102.25080109, 102.05028534, -13.66809464, 165.40324402, 0.01242310, 0.17229797, 0.75613636, 0.63120288, -0.29012737, 0.06180053, -0.06267849, 99.97500610, 112.98746490, 32.50000000, 0.00000000
1, 41.7750, 4554, 0.11763716, -1.01452649, 0.22191754, 0.74773031, 41.19358444, 53.70124054, -48.81613541, 7.04472351, -102.04618073, 102.01879883, -13.97339916, 165.55355835, 0.01526876, 0.17292930, 0.75573176, 0.63145220, -0.35836393, 0.06473878, -0.02101874, 99.97500610, 112.98746490, 32.50000000, 0.00000000
1, 41.7800, 4555, 0.15346467, -1.01093757, 0.15365249, -0.47063574, 36.69224167, 56.51878357, -48.81613541, 7.04472351, -102.04618073, 101.98664093, -14.28777409, 165.67852783, 0.01803474, 0.17377704, 0.75526887, 0.63170028, -0.39929929, 0.06244051, 0.04653455, 99.97500610, 112.98746490, 32.50000000, 0.00000000
1, 41.7850, 4556, 0.16338615, -1.00582218, 0.11575472, -0.28271106, 33.65468597, 59.80900192, -48.81613541, 7.04472351, -102.04618073, 101.95941162, -14.61505985, 165.78500366, 0.02079299, 0.17481528, 0.75478226, 0.63191068, -0.41460404, 0.05865788, 0.08369140, 99.97500610, 112.98746490, 32.50000000, 0.00000000
1, 41.7900, 4557, 0.15475942, -1.00174570, 0.11434522, 1.15263069, 30.35474777, 62.86677170, -49.42998886, 8.44782257, -102.25080109, 101.91039276, -14.81953144, 165.87869263, 0.02261670, 0.17529181, 0.75434130, 0.63224238, -0.41051435, 0.05562311, 0.08426222, 99.97500610, 112.98746490, 32.50000000, 0.00000000
1, 41.8100, 4558, 0.11969540, -1.06979609, -0.06876081, 5.90671921, 16.44911957, 75.12864685, -49.92692184, 8.91552162, -101.87079620, 101.95388794, -16.28442574, 166.02104187, 0.03336778, 0.18209779, 0.75249422, 0.63204384, -0.39830813, 0.13035159, 0.26608610, 99.97500610, 112.98746490, 32.50000000, 0.00000000
1, 41.8150, 4559, 0.13528793, -1.13215613, -0.05722968, 5.90262842, 11.79177666, 79.08374786, -50.10231018, 6.28471184, -101.95848846, 101.99140167, -16.68343735, 165.99633789, 0.03598748, 0.18435451, 0.75201249, 0.63181931, -0.42054710, 0.19472094, 0.25467619, 99.97500610, 112.98746490, 32.50000000, 0.00000000
1, 41.8200, 4560, 0.13309073, -1.17212093, -0.03480880, 4.21630812, 8.08669090, 83.39842224, -50.10231018, 6.28471184, -101.95848846, 102.02767181, -17.09974098, 165.94769287, 0.03859107, 0.18685552, 0.75144595, 0.63160503, -0.42525309, 0.23679930, 0.23236500, 99.97500610, 112.98746490, 32.50000000, 0.00000000
1, 41.8250, 4561, 0.12506706, -1.20795190, 0.01948341, 1.62254274, 3.38682199, 89.66387177, -50.51154709, 8.79859638, -102.54311371, 102.06069946, -17.54182243, 165.86782837, 0.04119244, 0.18969305, 0.75075418, 0.63141739, -0.42466456, 0.27486861, 0.17806582, 99.97500610, 112.98746490, 32.50000000, 0.00000000
1, 41.8300, 4562, 0.11896692, -1.21473360, 0.08461063, 0.73406130, 1.20248091, 93.30358887, -50.51154709, 8.79859638, -102.54311371, 102.09468079, -17.99941063, 165.77229309, 0.04381492, 0.19270870, 0.74999988, 0.63122404, -0.42627311, 0.28401017, 0.11295764, 99.97500610, 112.98746490, 32.50000000, 0.00000000
1, 41.8350, 4563, 0.10242218, -1.21653569, 0.14051601, 0.92447037, 0.91513962, 96.65933228, -50.51154709, 8.79859638, -102.54311371, 102.13220215, -18.47305298, 165.67102051, 0.04652157, 0.19583823, 0.74921060, 0.63100451, -0.41765738, 0.28834003, 0.05706583, 99.97500610, 112.98746490, 32.50000000, 0.00000000
1, 41.8400, 4564, 0.07671249, -1.21479845, 0.18455468, 1.51315749, 2.93565583, 99.78458405, -51.15463257, 8.15550995, -102.22157288, 102.15830994, -18.87472343, 165.57940674, 0.04877637, 0.19852695, 0.74848580, 0.63085413, -0.39936948, 0.28904432, 0.01297334, 99.97500610, 112.98746490, 32.50000000, 0.00000000
1, 41.8450, 4565, 0.04900760, -1.21101046, 0.21363623, 2.51571751, 5.91231918, 102.40157318, -51.15463257, 8.15550995, -102.22157288, 102.19931030, -19.38153648, 165.49656677, 0.05181670, 0.20169538, 0.74765474, 0.63059211, -0.37929636, 0.28787607, -0.01617433, 99.97500610, 112.98746490, 32.50000000, 0.00000000
1, 41.8500, 4566, 0.01600850, -1.21545291, 0.22179706, 4.36634064, 9.34910011, 105.01874542, -51.91464615, 10.43554497, -101.69541168, 102.24549103, -19.90467834, 165.42796326, 0.05505633, 0.20484591, 0.74682856, 0.63028103, -0.35485622, 0.29541811, -0.02434600, 99.97500610, 112.98746490, 32.50000000, 0.00000000
1, 41.8550, 4567, -0.00008400, -1.23707092, 0.23618336, 6.49497890, 13.37515736, 107.85673523, -51.91464615, 10.43554497, -101.69541168, 102.29707336, -20.44585228, 165.37641907, 0.05852284, 0.20796809, 0.74600983, 0.62991560, -0.34759635, 0.32032490, -0.03867699, 99.97500610, 112.98746490, 32.50000000, 0.00000000
1, 41.8600, 4568, 0.00553132, -1.24894595, 0.23459327, 7.12411737, 17.87524033, 110.72512054, -51.91464615, 10.43554497, -101.69541168, 102.34536743, -21.00575829, 165.34448242, 0.06221903, 0.21105300, 0.74515373, 0.62954855, -0.36228004, 0.33570394, -0.03703129, 99.97500610, 112.98746490, 32.50000000, 0.00000000
1, 41.8650, 4569, 0.04047114, -1.25629163, 0.21975352, 7.72847319, 21.43934250, 113.39623260, -52.41157532, 11.28325081, -102.28003693, 102.39154816, -21.58248138, 165.32756042, 0.06610848, 0.21411973, 0.74426180, 0.62917161, -0.40650317, 0.34675896, -0.02214745, 99.97500610, 112.98746490, 32.50000000, 0.00000000
1, 41.8700, 4570, 0.09019311, -1.26206470, 0.20173734, 8.80781269, 23.99392700, 116.21250153, -52.41157532, 11.28325081, -102.28003693, 102.43974304, -22.17564583, 165.32026672, 0.07016660, 0.21719854, 0.74334651, 0.62875867, -0.46573108, 0.35644454, -0.00408568, 99.97500610, 112.98746490, 32.50000000, 0.00000000
1, 41.8750, 4571, 0.13279942, -1.27166855, 0.20529443, 9.87012672, 25.20461082, 119.87326813, -53.58082199, 11.13709450, -102.33849335, 102.49277496, -22.78797722, 165.31452942, 0.07437266, 0.22035336, 0.74240154, 0.62829381, -0.51817054, 0.37016422, -0.00760311, 99.97500610, 112.98746490, 32.50000000, 0.00000000
1, 41.8800, 4572, 0.18359154, -1.29270399, 0.22238752, 10.08637047, 25.87638855, 123.91753387, -53.58082199, 11.13709450, -102.33849335, 102.54771423, -23.42076683, 165.30697632, 0.07871151, 0.22361322, 0.74139977, 0.62779629, -0.57907718, 0.39552420, -0.02467632, 99.97500610, 112.98746490, 32.50000000, 0.00000000
1, 41.8850, 4573, 0.23134813, -1.31398618, 0.22849067, 10.00903320, 24.32004738, 127.80725861, -53.58082199, 11.13709450, -102.33849335, 102.60788727, -24.07085419, 165.28578186, 0.08310366, 0.22703461, 0.74033999, 0.62725258, -0.63717437, 0.42140019, -0.03076212, 99.97500610, 112.98746490, 32.50000000, 0.00000000
1, 41.8900, 4574, 0.28355321, -1.33554983, 0.22576541, 10.47173405, 22.30677032, 132.06478882, -54.07775497, 12.13095570, -103.12773895, 102.67013550, -24.66281700, 165.25015259, 0.08702951, 0.23023909, 0.73936081, 0.62670678, -0.69932985, 0.44755918, -0.02793011, 99.97500610, 112.98746490, 32.50000000, 0.00000000
1, 41.8950, 4575, 0.32425842, -1.35408211, 0.21597002, 10.38948059, 21.29319572, 136.56341553, -54.07775497, 12.13095570, -103.12773895, 102.74485016, -25.35227203, 165.20030212, 0.09156252, 0.23400939, 0.73818767, 0.62604707, -0.75024152, 0.47097534, -0.01803196, 99.97500610, 112.98746490, 32.50000000, 0.00000000
1, 41.9000, 4576, 0.33326232, -1.36744130, 0.21932055, 10.44988823, 20.02576828, 140.07270813, -54.57468414, 12.97866154, -102.68927002, 102.82588959, -26.05738831, 165.13796997, 0.09614804, 0.23791820, 0.73695803, 0.62533462, -0.77030098, 0.48975176, -0.02132670, 99.97500610, 112.98746490, 32.50000000, 0.00000000
1, 41.9050, 4577, 0.32427996, -1.38037944, 0.22249575, 10.65275192, 18.66352844, 143.22738647, -54.57468414, 12.97866154, -102.68927002, 102.91439819, -26.77630234, 165.06277466, 0.10077451, 0.24195533, 0.73567826, 0.62456363, -0.77252901, 0.50836986, -0.02445039, 99.97500610, 112.98746490, 32.50000000, 0.00000000
1, 41.9400, 4578, 0.18416983, -1.59593952, 0.31090179, 22.23533249, 60.30979156, 166.96168518, -57.64396286, 15.93101406, -103.12773895, 103.59574890, -32.33360672, 164.77560425, 0.13819158, 0.27065817, 0.72529644, 0.61773163, -0.71680069, 0.77229714, -0.11412030, 99.97500610, 112.98746490, 32.50000000, 0.00000000
1, 41.9450, 4579, 0.20713809, -1.69645596, 0.31272334, 26.86261559, 81.31349182, 170.10244751, -57.64396286, 15.93101406, -103.12773895, 103.60529327, -33.25522995, 165.00968933, 0.14567049, 0.27366191, 0.72350788, 0.61678660, -0.75288057, 0.88101721, -0.11775135, 99.97500610, 112.98746490, 32.50000000, 0.00000000
1, 41.9500, 4580, 0.38400185, -1.86266899, 0.33849281, 35.61972046, 107.41706848, 171.20904541, -58.57936096, 16.51563835, -103.71236420, 103.56990051, -34.21254349, 165.39768982, 0.15409526, 0.27591980, 0.72172248, 0.61582446, -0.94362557, 1.05599403, -0.14584339, 99.97500610, 112.98746490, 32.50000000, 0.00000000
1, 41.9550, 4581, 0.63551891, -2.01904535, 0.44093335, 42.39813232, 135.00607300, 170.65867615, -58.57936096, 16.51563835, -103.71236420, 103.46627045, -35.19874573, 165.95552063, 0.16344036, 0.27734804, 0.71987832, 0.61493140, -1.20948386, 1.22132158, -0.25134194, 99.97500610, 112.98746490, 32.50000000, 0.00000000
1, 41.9600, 4582, 0.68883508, -2.06286716, 0.54971886, 37.54533386, 155.99293518, 166.69894409, -59.10552216, 17.07103157, -104.12159729, 103.24789429, -36.18856812, 166.65489197, 0.17326282, 0.27809626, 0.71773201, 0.61441308, -1.27717996, 1.27411759, -0.36498904, 99.97500610, 112.98746490, 32.50000000, 0.00000000
1, 41.9650, 4583, 0.68023378, -2.09230328, 0.51727253, 25.49626732, 170.27947998, 154.81942749, -59.10552216, 17.07103157, -104.12159729, 102.88897705, -37.13381577, 167.47248840, 0.18304947, 0.27815324, 0.71522480, 0.61447316, -1.28195357, 1.31224251, -0.33928853, 99.97500610, 112.98746490, 32.50000000, 0.00000000
1, 41.9700, 4584, 0.57080090, -2.08767271, 0.27577305, 13.53217030, 180.30155945, 142.13613892, -59.10552216, 17.07103157, -104.12159729, 102.40000916, -38.02329636, 168.38795471, 0.19264440, 0.27761400, 0.71239758, 0.61506772, -1.18444991, 1.31593156, -0.10635567, 99.97500610, 112.98746490, 32.50000000, 0.00000000
1, 41.9750, 4585, 0.41759336, -2.00441122, -0.06717204, 6.69460917, 191.04969788, 134.45243835, -59.25167847, 18.18181801, -104.99853516, 101.80418396, -38.87953568, 169.40243530, 0.20226416, 0.27657667, 0.70931637, 0.61600721, -1.04222298, 1.24068117, 0.22670284, 99.97500610, 112.98746490, 32.50000000, 0.00000000
1, 42.0300, 4586, -0.50407779, -1.14929545, 0.03189225, -1.40453637, 140.10055542, 134.00712585, -58.55013275, 20.92955208, -110.31861877, 93.18135071, -47.17389297, -177.17352295, 0.30613136, 0.25847474, 0.67234904, 0.62243170, -0.22733432, 0.46839058, 0.00484567, 99.97500610, 112.98746490, 32.50000000, 0.00000000
1, 42.0350, 4587, -0.43209857, -1.13551521, 0.11751916, -1.28092062, 129.61080933, 132.80912781, -58.72551727, 21.92341423, -111.10786438, 92.50445557, -47.86828232, -176.26219177, 0.31352040, 0.25884309, 0.66907161, 0.62213212, -0.30777371, 0.46298933, -0.08903267, 99.97500610, 112.98746490, 32.50000000, 0.00000000
1, 42.0400, 4588, -0.47783780, -1.22685742, 0.28898782, -2.39314795, 125.80680084, 125.40670776, -58.72551727, 21.92341423, -111.10786438, 91.84861755, -48.47192764, -175.37754822, 0.32024881, 0.25889263, 0.66608411, 0.62189007, -0.26997992, 0.56207585, -0.26892999, 99.97500610, 112.98746490, 32.50000000, 0.00000000
1, 42.0450, 4589, -0.44327456, -1.22669327, 0.35369328, -7.33861017, 114.35381317, 113.10366821, -58.72551727, 21.92341423, -111.10786438, 91.17733002, -49.05160141, -174.53175354, 0.32655457, 0.25915965, 0.66300011, 0.62179524, -0.31135961, 0.56913525, -0.34144995, 99.97500610, 112.98746490, 32.50000000, 0.00000000
1, 42.0500, 4590, -0.39529803, -1.22463739, 0.33541268, -14.32460880, 94.30200195, 96.94118500, -58.72551727, 22.53726959, -111.69248962, 90.56651306, -49.54284668, -173.81892395, 0.33174902, 0.25959396, 0.66016567, 0.62188017, -0.36508298, 0.57368326, -0.33027476, 99.97500610, 112.98746490, 32.50000000, 0.00000000
1, 42.0550, 4591, -0.39289570, -1.15404439, 0.21749716, -16.56587791, 77.00706482, 85.20056152, -58.72551727, 22.53726959, -111.69248962, 90.03164673, -49.97043991, -173.22531128, 0.33609128, 0.26018581, 0.65763271, 0.62198490, -0.37220368, 0.50913197, -0.21856827, 99.97500610, 112.98746490, 32.50000000, 0.00000000
1, 42.0600, 4592, -0.45329937, -0.97753131, 0.12266145, -15.85790253, 57.33438110, 74.90803528, -58.49166870, 22.42034531, -111.95556641, 89.60762787, -50.34380341, -172.77507019, 0.33959064, 0.26100186, 0.65550953, 0.62198359, -0.31589097, 0.33794704, -0.12866029, 99.97500610, 112.98746490, 32.50000000, 0.00000000
1, 42.0650, 4593, -0.57378274, -0.72690487, 0.08227992, -12.12482643, 43.77724457, 66.33516693, -58.49166870, 22.42034531, -111.95556641, 89.27767181, -50.67310715, -172.42498779, 0.34250674, 0.26188248, 0.65377575, 0.62183923, -0.19908696, 0.09199166, -0.09204257, 99.97500610, 112.98746490, 32.50000000, 0.00000000
1, 42.0700, 4594, -0.63595968, -0.48333788, 0.09921446, -4.36162758, 38.03339005, 57.30132675, -58.49166870, 22.42034531, -111.95556641, 89.01747131, -50.95647812, -172.11651611, 0.34509796, 0.26254284, 0.65243423, 0.62153709, -0.14021201, -0.14757214, -0.11173230, 99.97500610, 112.98746490, 32.50000000, 0.00000000
1, 42.0750, 4595, -0.62076014, -0.34458023, 0.14777550, 2.93786788, 35.38121796, 48.45225143, -59.16398621, 23.73575020, -111.78018188, 88.80756378, -51.19500732, -171.82705688, 0.34745350, 0.26291165, 0.65142661, 0.62112552, -0.15826772, -0.28298634, -0.16238561, 99.97500610, 112.98746490, 32.50000000, 0.00000000
1, 42.1400, 4596, 0.05836133, 0.13662408, -0.01751474, -0.03523050, -137.95201111, -102.82549286, -59.25167847, 23.56036186, -112.10172272, 90.03417206, -49.37107086, -174.47200012, 0.32603189, 0.26389116, 0.65616727, 0.62730312, -0.81863165, -0.78613943, 0.01589985, 99.97500610, 112.98746490, 32.50000000, 0.00000000
1, 42.1450, 4597, 0.04902617, 0.13248366, 0.00825118, 6.05338287, -158.88938904, -115.10948944, -59.25167847, 23.56036186, -112.10172272, 90.97479248, -48.78976440, -175.67860413, 0.31838807, 0.26486522, 0.65988666, 0.62691718, -0.80306292, -0.78928739, 0.00050656, 99.97500610, 112.98746490, 32.50000000, 0.00000000
1, 42.1500, 4598, 0.01325778, 0.08292639, 0.03302265, 12.25788307, -168.88204956, -127.65986633, -58.69628525, 23.00496864, -110.66939545, 91.97007751, -48.13118362, -176.92845154, 0.31015882, 0.26564482, 0.66400671, 0.62636209, -0.75998175, -0.74789357, -0.01287673, 99.97500610, 112.98746490, 32.50000000, 0.00000000
1, 42.1550, 4599, -0.02337903, 0.02293621, 0.05163726, 18.06647301, -170.34194946, -143.22660828, -58.69628525, 23.00496864, -110.66939545, 92.96305847, -47.38015747, -178.15011597, 0.30149958, 0.26591155, 0.66842508, 0.62577718, -0.71483326, -0.69695646, -0.01966276, 99.97500610, 112.98746490, 32.50000000, 0.00000000
1, 42.1600, 4600, -0.07646935, -0.06200235, 0.06677479, 21.66258240, -165.15093994, -158.04585266, -58.84244156, 21.86495209, -110.08477020, 93.90303040, -46.54289627, -179.29051208, 0.29259792, 0.26553166, 0.67297977, 0.62528205, -0.65213907, -0.62179255, -0.02318933, 99.97500610, 112.98746490, 32.50000000, 0.00000000
1, 42.1650, 4601, -0.12644985, -0.14580980, 0.08666264, 23.92137909, -160.02073669, -167.87208557, -58.84244156, 21.86495209, -110.08477020, 94.78498840, -45.64623642, 179.64875793, 0.28357404, 0.26466766, 0.67757553, 0.62484258, -0.59156752, -0.54835147, -0.03174556, 99.97500610, 112.98746490, 32.50000000, 0.00000000
1, 42.1700, 4602, -0.17046675, -0.23391499, 0.13050123, 24.57481575, -151.21331787, -176.18815613, -58.84244156, 21.86495209, -110.08477020, 95.58475494, -44.70137024, 178.69145203, 0.27456105, 0.26328215, 0.68210584, 0.62452418, -0.53622335, -0.47099984, -0.06479603, 99.97500610, 112.98746490, 32.50000000, 0.00000000
1, 42.1750, 4603, -0.21414341, -0.32285672, 0.17881733, 21.78428841, -139.93171692, -184.33129883, -58.60859299, 20.11107826, -109.52937317, 96.27728271, -43.71305084, 177.85131836, 0.26560056, 0.26135316, 0.68644774, 0.62445217, -0.48048639, -0.39312756, -0.10324170, 99.97500610, 112.98746490, 32.50000000, 0.00000000
1, 42.1800, 4604, -0.25886974, -0.39732963, 0.20446138, 17.56947899, -128.36535645, -191.78353882, -58.60859299, 20.11107826, -109.52937317, 96.86014557, -42.68764877, 177.12487793, 0.25670734, 0.25890833, 0.69055516, 0.62466103, -0.42294252, -0.32996136, -0.12007955, 99.97500610, 112.98746490, 32.50000000, 0.00000000
1, 42.1850, 4605, -0.30369011, -0.47032478, 0.21701381, 12.53998280, -116.70626068, -197.57574463, -58.49166870, 19.76030350, -108.44782257, 97.33582306, -41.63582230, 176.50611877, 0.24792407, 0.25600147, 0.69439024, 0.62515533, -0.36468041, -0.26842314, -0.12494293, 99.97500610, 112.98746490, 32.50000000, 0.00000000
1, 42.2050, 4606, -0.39624313, -0.52886617, 0.09412063, -18.45753288, -79.85159302, -223.46817017, -57.58549881, 18.56182289, -108.00935364, 98.24629211, -37.15582657, 174.88005066, 0.21294641, 0.24030377, 0.70668942, 0.63047451, -0.21203294, -0.25700581, 0.01765747, 99.97500610, 112.98746490, 32.50000000, 0.00000000
1, 42.2100, 4607, -0.38602543, -0.50576568, 0.05414817, -23.39382172, -73.75028992, -232.79405212, -56.73779678, 17.21718788, -107.57088470, 98.27451324, -35.95158386, 174.63142395, 0.20399809, 0.23537955, 0.70911717, 0.63256150, -0.20545101, -0.29234868, 0.06002601, 99.97500610, 112.98746490, 32.50000000, 0.00000000
1, 42.2150, 4608, -0.35336572, -0.47303438, 0.02024556, -30.29033470, -58.44111252, -241.87559509, -56.73779678, 17.21718788, -107.57088470, 98.20373535, -34.71337891, 174.48684692, 0.19517732, 0.22978577, 0.71122861, 0.63502622, -0.22061062, -0.33746934, 0.09523934, 99.97500610, 112.98746490, 32.50000000, 0.00000000
1, 42.2200, 4609, -0.32261899, -0.47125781, 0.01568413, -31.85033989, -51.75718689, -249.58316040, -56.73779678, 17.21718788, -107.57088470, 98.09651184, -33.44190598, 174.38858032, 0.18630999, 0.22375305, 0.71322954, 0.63759458, -0.23315784, -0.35176450, 0.10023586, 99.97500610, 112.98746490, 32.50000000, 0.00000000
1, 42.2250, 4610, -0.28500959, -0.47753298, 0.03487463, -33.55518341, -47.82389832, -257.38952637, -55.68547058, 16.07716942, -107.16164398, 97.96366882, -32.13470078, 174.31816101, 0.17730661, 0.21735349, 0.71513444, 0.64023638, -0.25183561, -0.35803580, 0.08102937, 99.97500610, 112.98746490, 32.50000000, 0.00000000
1, 42.2300, 4611, -0.24764518, -0.49165764, 0.05676556, -35.61896896, -46.35407257, -264.26852417, -55.68547058, 16.07716942, -107.16164398, 97.81320190, -30.79459190, 174.25898743, 0.16811289, 0.21068518, 0.71693796, 0.64292294, -0.26949489, -0.35637873, 0.05874733, 99.97500610, 112.98746490, 32.50000000, 0.00000000
1, 42.2350, 4612, -0.20637168, -0.49766913, 0.06932787, -37.95992279, -45.38577271, -270.66525269, -53.78544235, 12.94942951, -107.62934875, 97.64623260, -29.42359734, 174.20678711, 0.15872404, 0.20377727, 0.71862465, 0.64564711, -0.29028702, -0.36266622, 0.04547825, 99.97500610, 112.98746490, 32.50000000, 0.00000000
1, 42.2400, 4613, -0.16899787, -0.51248145, 0.06988324, -39.51567078, -44.55891800, -276.68972778, -53.78544235, 12.94942951, -107.62934875, 97.46814728, -28.01067543, 174.15940857, 0.14907016, 0.19656950, 0.72023267, 0.64838535, -0.30631849, -0.35996836, 0.04390010, 99.97500610, 112.98746490, 32.50000000, 0.00000000
1, 42.2450, 4614, -0.16135849, -0.53303587, 0.05147015, -40.16914749, -44.77341461, -282.54025269, -53.78544235, 12.94942951, -107.62934875, 97.28597260, -26.58151054, 174.11097717, 0.13929808, 0.18922620, 0.72173512, 0.65106684, -0.29182911, -0.35122108, 0.06100906, 99.97500610, 112.98746490, 32.50000000, 0.00000000
1, 42.2500, 4615, -0.18627420, -0.57538450, 0.02538253, -40.21020889, -45.54864883, -288.02633667, -52.47003555, 11.63402462, -107.86319733, 97.10462952, -25.12479401, 174.05760193, 0.12932248, 0.18170221, 0.72316933, 0.65367132, -0.24414706, -0.32027590, 0.08555719, 99.97500610, 112.98746490, 32.50000000, 0.00000000
1, 42.2650, 4616, -0.18811837, -0.76573694, 0.12221482, -41.81628036, -54.17409515, -302.30249023, -50.65770340, 11.83864307, -107.13241577, 96.57527161, -20.60744476, 173.81158447, 0.09799035, 0.15848719, 0.72696102, 0.66091406, -0.17043713, -0.16184229, -0.01631315, 99.97500610, 112.98746490, 32.50000000, 0.00000000
1, 42.2700, 4617, -0.18133098, -0.79524350, 0.13606574, -43.13149261, -58.15701294, -306.65707397, -49.10844803, 10.11400127, -107.68781281, 96.39839172, -19.05188751, 173.68582153, 0.08697994, 0.15063138, 0.72799605, 0.66314888, -0.15188873, -0.14197169, -0.03202336, 99.97500610, 112.98746490, 32.50000000, 0.00000000
1, 42.2750, 4618, -0.17649080, -0.85483432, 0.15388328, -44.22476196, -63.27648926, -312.93435669, -49.10844803, 10.11400127, -107.68781281, 96.22125244, -17.46273613, 173.53295898, 0.07560117, 0.14270005, 0.72891927, 0.66528034, -0.13061160, -0.09150933, -0.05184951, 99.97500610, 112.98746490, 32.50000000, 0.00000000
1, 42.2800, 4619, -0.18192758, -0.90482402, 0.16001858, -45.14546967, -65.01593018, -319.20339966, -49.10844803, 10.11400127, -107.68781281, 96.03807068, -15.84198189, 173.37063599, 0.06396393, 0.13459459, 0.72971296, 0.66731691, -0.09828342, -0.05006120, -0.06020158, 99.97500610, 112.98746490, 32.50000000, 0.00000000
1, 42.2850, 4620, -0.19642551, -0.95819390, 0.15639745, -44.57904816, -66.28121948, -325.83053589, -46.50687027, 7.30780458, -108.21397400, 95.85500336, -14.18811417, 173.20123291, 0.05208289, 0.12628554, 0.73041189, 0.66920692, -0.05609251, -0.00460427, -0.05897921, 99.97500610, 112.98746490, 32.50000000, 0.00000000
1, 42.2900, 4621, -0.22630085, -1.01723182, 0.12714063, -42.69324112, -67.94081879, -332.97463989, -46.50687027, 7.30780458, -108.21397400, 95.67935181, -12.49850655, 173.02270508, 0.03993940, 0.11776727, 0.73105305, 0.67089278, 0.00234366, 0.04723372, -0.03219969, 99.97500610, 112.98746490, 32.50000000, 0.00000000
1, 42.2950, 4622, -0.26366135, -1.13223040, 0.10372537, -37.82067871, -69.25492096, -338.92172241, -44.81145859, 7.13241720, -107.48319244, 95.52353668, -10.77899170, 172.83677673, 0.02759461, 0.10906103, 0.73169911, 0.67228019, 0.06899273, 0.15578419, -0.01117121, 99.97500610, 112.98746490, 32.50000000, 0.00000000
1, 42.3000, 4623, -0.28314215, -1.24621892, 0.08646729, -34.52590179, -71.86412811, -342.25067139, -44.81145859, 7.13241720, -107.48319244, 95.38121033, -9.04213428, 172.63577271, 0.01507780, 0.10029587, 0.73229003, 0.67339790, 0.11827017, 0.26415601, 0.00387752, 99.97500610, 112.98746490, 32.50000000, 0.00000000
1, 42.3050, 4624, -0.26666182, -1.33778572, 0.08982385, -29.55286980, -74.82740784, -344.73312378, -44.81145859, 7.13241720, -107.48319244, 95.26008606, -7.29197311, 172.41790771, 0.00241114, 0.09151149, 0.73286641, 0.67418599, 0.13192534, 0.35097229, -0.00134227, 99.97500610, 112.98746490, 32.50000000, 0.00000000
1, 42.3100, 4625, -0.27095029, -1.40793264, 0.09063576, -24.34398460, -76.83444214, -347.79159546, -42.20988083, 7.16164875, -108.21397400, 95.15962219, -5.52602720, 172.18884277, -0.01038995, 0.08266551, 0.73343205, 0.67463768, 0.16673164, 0.41730094, -0.00376526, 99.97500610, 112.98746490, 32.50000000, 0.00000000
1, 42.3300, 4626, -0.30760530, -1.71965361, 0.19167928, -15.23727131, -61.91901016, -385.72387695, -39.16983414, 6.08009338, -107.92166138, 94.89426422, 1.96700144, 171.44094849, -0.06306681, 0.04338762, 0.73535752, 0.67334199, 0.33292434, 0.72338593, -0.10957344, 99.97500610, 112.98746490, 32.50000000, 0.00000000
1, 42.3350, 4627, -0.34156787, -1.77001047, 0.25445604, -23.57934189, -58.30573273, -389.80789185, -37.26980209, 5.61239386, -107.98011780, 94.76488495, 3.93311763, 171.31123352, -0.07644173, 0.03254324, 0.73510301, 0.67284566, 0.40094188, 0.77493191, -0.17467874, 99.97500610, 112.98746490, 32.50000000, 0.00000000
1, 42.3400, 4628, -0.36560607, -1.79076207, 0.29427761, -27.79809570, -54.01041412, -391.79003906, -37.26980209, 5.61239386, -107.98011780, 94.61462402, 5.89612246, 171.19908142, -0.08964763, 0.02154961, 0.73454016, 0.67227203, 0.45910823, 0.79804331, -0.21739283, 99.97500610, 112.98746490, 32.50000000, 0.00000000
1, 42.3450, 4629, -0.38223240, -1.81715643, 0.36391085, -24.07579041, -47.24173737, -392.37713623, -34.84361267, 5.08623219, -108.09704590, 94.47940063, 7.87007523, 171.11521912, -0.10269765, 0.01028298, 0.73387778, 0.67139482, 0.50970995, 0.82794410, -0.28983477, 99.97500610, 112.98746490, 32.50000000, 0.00000000
1, 42.3500, 4630, -0.35234746, -1.85640538, 0.43258947, -18.19618988, -39.35070801, -392.50924683, -34.84361267, 5.08623219, -108.09704590, 94.37614441, 9.84159565, 171.06668091, -0.11546641, -0.00119664, 0.73320454, 0.67013234, 0.51369953, 0.87192041, -0.36081070, 99.97500610, 112.98746490, 32.50000000, 0.00000000
1, 42.3550, 4631, -0.29971939, -1.96321332, 0.46559441, -12.52703381, -31.73671341, -392.78549194, -34.84361267, 5.08623219, -108.09704590, 94.30623627, 11.81167507, 171.05357361, -0.12796660, -0.01287964, 0.73251796, 0.66848797, 0.49482864, 0.98472404, -0.39567110, 99.97500610, 112.98746490, 32.50000000, 0.00000000
1, 42.3600, 4632, -0.26698846, -2.11606097, 0.51330423, -9.49166012, -22.55501175, -386.71646118, -32.15433884, 4.88161373, -108.85705566, 94.26059723, 13.74816227, 171.08308411, -0.13996074, -0.02461722, 0.73176229, 0.66658014, 0.49520266, 1.14464831, -0.44493794, 99.97500610, 112.98746490, 32.50000000, 0.00000000
1, 42.3650, 4633, -0.68368053, -2.17897129, 0.64403677, -11.99022579, -11.36037445, -366.26284790, -32.15433884, 4.88161373, -108.85705566, 94.21601868, 15.57860947, 171.16133118, -0.15096143, -0.03603716, 0.73082775, 0.66468251, 0.94306123, 1.21522927, -0.57815921, 99.97500610, 112.98746490, 32.50000000, 0.00000000
1, 42.3700, 4634, -1.04421878, -2.13360476, 0.71191221, -12.54487133, -7.48102951, -343.62478638, -28.88044357, 4.03390837, -108.62320709, 94.17429352, 17.29481125, 171.25051880, -0.16114391, -0.04684356, 0.72976387, 0.66278440, 1.33264184, 1.17804933, -0.64818704, 99.97500610, 112.98746490, 32.50000000, 0.00000000
1, 42.3750, 4635, -0.96848518, -1.89236760, 0.59968537, -8.91102791, 12.39409447, -331.48986816, -28.88044357, 4.03390837, -108.62320709, 94.18478394, 18.94350624, 171.43975830, -0.17031610, -0.05780383, 0.72881341, 0.66066802, 1.28488743, 0.94580448, -0.53613389, 99.97500610, 112.98746490, 32.50000000, 0.00000000
1, 42.4000, 4636, -1.05182683, -1.39933717, 0.30720749, -2.06307387, -15.86983681, -214.40527344, -24.34960556, 5.20315695, -109.50014496, 94.15811157, 25.24228859, 172.53535461, -0.20292762, -0.10196532, 0.72276938, 0.65270823, 1.47332931, 0.49476075, -0.24640089, 99.97500610, 112.98746490, 32.50000000, 0.00000000
1, 42.4050, 4637, -1.19343698, -1.25067651, 0.78978425, -2.54653144, 6.23496246, -189.16046143, -24.34960556, 5.20315695, -109.50014496, 94.19054413, 26.18342972, 172.64459229, -0.20810755, -0.10812277, 0.72187036, 0.65107906, 1.62919736, 0.35267615, -0.72924745, 99.97500610, 112.98746490, 32.50000000, 0.00000000
1, 42.4100, 4638, -1.21883178, -0.90003228, 1.20162427, -9.44228363, 31.48694992, -153.59387207, -23.03420067, 4.85238218, -109.38321686, 94.24771881, 26.93796539, 172.88194275, -0.21143654, -0.11393537, 0.72113425, 0.64982986, 1.66610718, 0.00760714, -1.14025390, 99.97500610, 112.98746490, 32.50000000, 0.00000000
1, 42.4150, 4639, -1.18766761, -0.45315036, 0.97364306, -5.87136984, 76.44747925, -118.35674286, -23.03420067, 4.85238218, -109.38321686, 94.43572235, 27.49978447, 173.35983276, -0.21236233, -0.11987928, 0.72106165, 0.64853793, 1.64500558, -0.43389732, -0.90959764, 99.97500610, 112.98746490, 32.50000000, 0.00000000
1, 42.4200, 4640, -1.11035967, -0.19300848, 0.49846250, 19.15377617, 133.54484558, -78.93222046, -21.71879578, 4.79392004, -109.47091675, 94.89624786, 27.84029007, 174.14683533, -0.21050140, -0.12596741, 0.72240448, 0.64649296, 1.57503891, -0.68957520, -0.42805946, 99.97500610, 112.98746490, 32.50000000, 0.00000000
1, 42.4250, 4641, -0.96186596, -0.22154056, 0.21439135, 43.26223755, 164.50799561, -35.03638458, -21.71879578, 4.79392004, -109.47091675, 95.55424500, 27.94181252, 175.09146118, -0.20654912, -0.13132197, 0.72491843, 0.64388299, 1.42974091, -0.65842032, -0.13425024, 99.97500610, 112.98746490, 32.50000000, 0.00000000
1, 42.4300, 4642, -0.73838931, -0.45764884, -0.01511383, 50.52743149, 153.22331238, 9.92463303, -21.71879578, 4.79392004, -109.47091675, 96.20777130, 27.81585693, 175.94808960, -0.20171921, -0.13486581, 0.72775733, 0.64147478, 1.20574760, -0.42148477, 0.10570908, 99.97500610, 112.98746490, 32.50000000, 0.00000000
1, 42.4350, 4643, -0.65103418, -0.64214337, -0.18799050, 48.21538544, 130.41966248, 65.59918213, -21.10494041, 3.91698337, -108.38935852, 96.76960754, 27.41785812, 176.63832092, -0.19602785, -0.13601789, 0.73062789, 0.63973057, 1.11351895, -0.23848288, 0.28770953, 99.97500610, 112.98746490, 32.50000000, 0.00000000
1, 42.4400, 4644, -0.70485711, -0.83590078, -0.09621766, 57.54692841, 104.39260864, 111.65469360, -21.10494041, 3.91698337, -108.38935852, 97.27230072, 26.69984627, 177.13807678, -0.18929812, -0.13430205, 0.73383009, 0.63845336, 1.15775156, -0.04868270, 0.20407021, 99.97500610, 112.98746490, 32.50000000, 0.00000000
1, 42.4450, 4645, -0.81671989, -1.02518034, 0.09673465, 67.80163574, 100.92229462, 139.65843201, -21.92341423, 4.18006420, -108.00935364, 97.81588745, 25.94288254, 177.59538269, -0.18257171, -0.13209152, 0.73735672, 0.63680810, 1.25703180, 0.13535754, 0.01951855, 99.97500610, 112.98746490, 32.50000000, 0.00000000
1, 42.4600, 4646, -0.95702177, -1.46994436, 0.11858066, 58.89906311, 99.27190399, 193.99320984, -22.68342590, 3.42005253, -107.07395172, 99.29109955, 23.08115387, 178.80641174, -0.15905783, -0.12175850, 0.74795580, 0.63280141, 1.35295749, 0.56338143, 0.02315814, 99.97500610, 112.98746490, 32.50000000, 0.00000000
1, 42.4650, 4647, -0.64597893, -1.59683955, -0.03111319, 53.90829086, 101.55804443, 200.03504944, -22.68342590, 3.42005253, -107.07395172, 99.70325470, 22.01209450, 179.17198181, -0.15049899, -0.11766938, 0.75118792, 0.63183922, 1.02517688, 0.68451893, 0.18122199, 99.97500610, 112.98746490, 32.50000000, 0.00000000
1, 42.4700, 4648, -0.18969953, -1.73679781, -0.28572437, 48.29790497, 120.23160553, 194.94322205, -24.26191139, 3.09850907, -107.04472351, 100.11473846, 20.94971466, 179.63005066, -0.14142464, -0.11428688, 0.75428349, 0.63086766, 0.55224460, 0.81923616, 0.44448811, 99.97500610, 112.98746490, 32.50000000, 0.00000000
1, 42.4750, 4649, 0.43201229, -1.82749283, -0.44107145, 33.35381317, 135.67767334, 183.05809021, -24.26191139, 3.09850907, -107.04472351, 100.47217560, 19.92912102, -179.83055115, -0.13208063, -0.11180001, 0.75692618, 0.63017327, -0.08594500, 0.90500188, 0.60841101, 99.97500610, 112.98746490, 32.50000000, 0.00000000
1, 42.4800, 4650, 1.24129045, -1.83881021, -0.39050752, 15.70040226, 113.15892029, 170.09222412, -24.26191139, 3.09850907, -107.04472351, 100.69478607, 18.99004364, -179.40475464, -0.12373726, -0.10921089, 0.75882238, 0.63004035, -0.91116333, 0.91144383, 0.56506240, 99.97500610, 112.98746490, 32.50000000, 0.00000000
1, 42.4850, 4651, 2.04536486, -1.85490620, -0.44383630, 2.94757247, 77.77130890, 149.32620239, -25.02192307, 3.47851491, -106.86933899, 100.79347992, 18.18443108, -179.14720154, -0.11706556, -0.10639463, 0.76002514, 0.63034719, -1.72901750, 0.92335725, 0.62328804, 99.97500610, 112.98746490, 32.50000000, 0.00000000
1, 42.4900, 4652, 2.88742590, -1.91737807, -0.75109512, -10.66192245, 83.13114166, 99.29225159, -25.02192307, 3.47851491, -106.86933899, 100.84072876, 17.62443924, -178.81610107, -0.11156313, -0.10547313, 0.76059246, 0.63081557, -2.58047628, 0.98324448, 0.93405944, 99.97500610, 112.98746490, 32.50000000, 0.00000000
1, 42.4950, 4653, 3.37454510, -1.59262538, -1.49502790, -71.75503540, 155.11041260, 70.72937012, -25.57731628, 1.57848585, -106.81087494, 100.70083618, 17.13225174, -178.08641052, -0.10413363, -0.10774498, 0.75967866, 0.63279986, -3.07424140, 0.65680456, 1.67879927, 99.97500610, 112.98746490, 32.50000000, 0.00000000
1, 42.5000, 4654, 3.26829481, -1.29745770, -1.46003866, -61.78366089, 51.59292221, 72.69183350, -25.57731628, 1.57848585, -106.81087494, 100.45019531, 16.72693443, -177.89050293, -0.10011847, -0.10703810, 0.75854838, 0.63492018, -2.97528577, 0.35873100, 1.64082718, 99.97500610, 112.98746490, 32.50000000, 0.00000000
1, 42.5050, 4655, 2.63638520, -1.09335661, -1.15625691, -40.93134308, -101.11050415, 77.23422241, -25.57731628, 1.57848585, -106.81087494, 100.07825470, 16.43537903, -178.48094177, -0.10112047, -0.10185021, 0.75732929, 0.63706642, -2.34944916, 0.15152918, 1.33041620, 99.97500610, 112.98746490, 32.50000000, 0.00000000
1, 42.5350, 4656, -1.73134816, -0.95806122, 0.63212299, 64.75160217, -370.09704590, 193.31683350, -31.21894073, 3.47851491, -106.78163910, 97.81654358, 13.98964405, 170.61206055, -0.14485882, -0.01855735, 0.75208998, 0.64267594, 1.97466683, -0.00344151, -0.50563151, 99.97500610, 112.98746490, 32.50000000, 0.00000000
1, 42.5400, 4657, -1.86040080, -1.32263958, 1.01440835, 88.72989655, -310.17910767, 213.40301514, -31.21894073, 3.47851491, -106.78163910, 97.86276245, 13.12915134, 168.88516235, -0.14899117, -0.00221880, 0.75273323, 0.64124066, 2.08884215, 0.35711402, -0.88850498, 99.97500610, 112.98746490, 32.50000000, 0.00000000
1, 42.5450, 4658, -1.73783445, -1.81683850, 1.24811363, 84.50919342, -248.42240906, 217.76799011, -33.58666992, 3.30312777, -106.19701385, 97.97763062, 12.22074127, 167.47192383, -0.15103367, 0.01243309, 0.75343603, 0.63981903, 1.95025945, 0.84769911, -1.12027097, 99.97500610, 112.98746490, 32.50000000, 0.00000000
1, 42.5500, 4659, -1.52936089, -1.81354403, 1.21426320, 62.72395706, -196.10475159, 208.46118164, -33.58666992, 3.30312777, -106.19701385, 98.06076050, 11.32438850, 166.33299255, -0.15160008, 0.02517236, 0.75373250, 0.63896102, 1.72648895, 0.84143764, -1.08391619, 99.97500610, 112.98746490, 32.50000000, 0.00000000
1, 42.5550, 4660, -1.14449072, -1.66122210, 1.04768288, 39.11843109, -136.95233154, 187.94851685, -33.58666992, 3.30312777, -106.19701385, 98.10282135, 10.48941135, 165.50947571, -0.15079923, 0.03542763, 0.75368553, 0.63871956, 1.32743073, 0.68666089, -0.91491377, 99.97500610, 112.98746490, 32.50000000, 0.00000000
1, 42.5600, 4661, -0.81392109, -1.51958859, 1.04903305, 35.64638901, -126.63800049, 173.37641907, -35.98363113, 3.27389646, -105.58316040, 98.14994812, 9.71994495, 164.74966431, -0.15005660, 0.04489006, 0.75355774, 0.63845032, 0.98338723, 0.54270881, -0.91410273, 99.97500610, 112.98746490, 32.50000000, 0.00000000
1, 42.5650, 4662, -0.46468386, -1.32100368, 1.20829606, 36.37361908, -132.45645142, 166.39331055, -35.98363113, 3.27389646, -105.58316040, 98.20664215, 8.98983288, 163.96664429, -0.14968522, 0.05428619, 0.75335777, 0.63804346, 0.62104881, 0.34188122, -1.07094800, 99.97500610, 112.98746490, 32.50000000, 0.00000000
1, 42.5700, 4663, -0.21253243, -0.96102583, 1.21708369, 37.17722702, -143.13175964, 165.91830444, -37.62057877, 2.10464764, -104.91084290, 98.26928711, 8.27044964, 163.13128662, -0.14966215, 0.06396481, 0.75304270, 0.63752383, 0.35646167, -0.01986290, -1.07718754, 99.97500610, 112.98746490, 32.50000000, 0.00000000
1, 42.6050, 4664, -1.48943436, -0.48438460, 1.01824296, 9.66961098, 45.52728271, 84.08120728, -41.33294296, 2.57234716, -103.97544098, 99.66937256, 3.96249676, 160.89331055, -0.13303691, 0.10476365, 0.75683874, 0.63128525, 1.55791020, -0.50063944, -0.85550010, 99.97500610, 112.98746490, 32.50000000, 0.00000000
1, 42.6100, 4665, -1.42493129, -0.56652915, 0.74000829, 15.37995052, 68.83505249, 77.16806793, -41.33294296, 2.57234716, -103.97544098, 99.76517487, 3.52473831, 161.16876221, -0.12856558, 0.10549662, 0.75730777, 0.63152707, 1.48647904, -0.41829002, -0.57566261, 99.97500610, 112.98746490, 32.50000000, 0.00000000
1, 42.6150, 4666, -1.22439480, -0.73158228, 0.28443065, 24.52334785, 80.37564850, 77.08138275, -41.33294296, 2.57234716, -103.97544098, 99.90782928, 3.07720184, 161.50024414, -0.12367146, 0.10595611, 0.75807709, 0.63150448, 1.27932143, -0.25255862, -0.11754040, 99.97500610, 112.98746490, 32.50000000, 0.00000000
1, 42.6200, 4667, -1.00451517, -0.90472329, -0.08899913, 34.65937042, 80.36648560, 76.74182129, -41.65448761, 3.30312777, -103.56620789, 100.09851837, 2.63050818, 161.83056641, -0.11873768, 0.10645577, 0.75910819, 0.63112873, 1.05256188, -0.07866561, 0.25928637, 99.97500610, 112.98746490, 32.50000000, 0.00000000
1, 42.6250, 4668, -0.74891615, -1.06101561, -0.15526254, 44.89465714, 86.14594269, 73.24405670, -41.65448761, 3.30312777, -103.56620789, 100.33901215, 2.19481707, 162.19065857, -0.11365918, 0.10672966, 0.76044637, 0.63040596, 0.78947937, 0.07810650, 0.32991087, 99.97500610, 112.98746490, 32.50000000, 0.00000000
1, 42.6300, 4669, -0.39531198, -1.21628714, -0.02173100, 49.72181702, 97.56365967, 67.98661804, -42.00526047, 3.94621444, -103.53697968, 100.60293579, 1.77317595, 162.60961914, -0.10832185, 0.10653509, 0.76197565, 0.62953150, 0.42812446, 0.23371230, 0.20151614, 99.97500610, 112.98746490, 32.50000000, 0.00000000
1, 42.6350, 4670, -0.01626359, -1.35542715, 0.06277094, 48.73723602, 104.45355988, 63.53647614, -42.00526047, 3.94621444, -103.53697968, 100.85986328, 1.36512816, 163.06455994, -0.10287925, 0.10599515, 0.76350623, 0.62868053, 0.04169101, 0.37334871, 0.12223314, 99.97500610, 112.98746490, 32.50000000, 0.00000000
1, 42.6400, 4671, 0.26881176, -1.47205877, 0.14547715, 42.75096130, 101.66059875, 60.18110275, -42.00526047, 3.94621444, -103.53697968, 101.07655334, 0.99143988, 163.50671387, -0.09776918, 0.10529289, 0.76482612, 0.62800926, -0.25034347, 0.49045718, 0.04401730, 99.97500610, 112.98746490, 32.50000000, 0.00000000
1, 42.6450, 4672, 0.41626662, -1.53295457, 0.25513273, 31.47076035, 95.19271851, 55.64879990, -42.41449738, 2.86465931, -103.36158752, 101.24045563, 0.62739205, 163.92053223, -0.09292447, 0.10466489, 0.76583463, 0.62762076, -0.40440625, 0.55167007, -0.06232600, 99.97500610, 112.98746490, 32.50000000, 0.00000000
1, 42.6500, 4673, 0.51196295, -1.48705471, 0.33512142, 18.30554199, 85.46741486, 49.73086929, -42.41449738, 2.86465931, -103.36158752, 101.33559418, 0.30070907, 164.29151917, -0.08862390, 0.10405165, 0.76645243, 0.62759048, -0.50616968, 0.50596601, -0.14007038, 99.97500610, 112.98746490, 32.50000000, 0.00000000
1, 42.6650, 4674, 0.43505314, -0.90437365, 0.11182589, 6.85251570, -26.74085236, 60.76733017, -42.44372940, 4.23852682, -103.18620300, 101.43165588, -0.52125591, 164.36956787, -0.08260854, 0.10810223, 0.76642609, 0.62775850, -0.44323352, -0.07598053, 0.08577178, 99.97500610, 112.98746490, 32.50000000, 0.00000000
1, 42.6700, 4675, 0.29174793, -0.86592770, 0.16694164, 14.91020679, -41.94116211, 65.70048523, -42.61911774, 3.33235884, -103.27389526, 101.51017761, -0.80175656, 164.09921265, -0.08213533, 0.11149988, 0.76637375, 0.62729013, -0.30493075, -0.11423238, 0.03151420, 99.97500610, 112.98746490, 32.50000000, 0.00000000
1, 42.6750, 4676, 0.14422283, -0.88838530, 0.20306663, 19.34829140, -46.97451019, 66.57558441, -42.61911774, 3.33235884, -103.27389526, 101.61260223, -1.08106995, 163.80287170, -0.08178389, 0.11507903, 0.76641071, 0.62664419, -0.16238645, -0.09141856, -0.00335114, 99.97500610, 112.98746490, 32.50000000, 0.00000000
1, 42.6800, 4677, 0.00753108, -0.91840327, 0.19320355, 20.27003479, -52.92399979, 65.16017151, -43.23297119, 4.20929527, -103.01081085, 101.72165680, -1.34691083, 163.47825623, -0.08166429, 0.11877544, 0.76644814, 0.62592375, -0.03038239, -0.06091241, 0.00794791, 99.97500610, 112.98746490, 32.50000000, 0.00000000
1, 42.6850, 4678, -0.13883048, -0.95086598, 0.19693109, 19.67974091, -60.50310135, 62.88389206, -43.23297119, 4.20929527, -103.01081085, 101.83009338, -1.59332037, 163.11827087, -0.08186201, 0.12259944, 0.76644278, 0.62516671, 0.11158843, -0.02796314, 0.00564355, 99.97500610, 112.98746490, 32.50000000, 0.00000000
1, 42.6900, 4679, -0.27507663, -0.97272956, 0.23108675, 17.98264885, -61.85644150, 60.59484482, -43.23297119, 4.20929527, -103.01081085, 101.93966675, -1.88836634, 162.75392151, -0.08174879, 0.12671423, 0.76637322, 0.62444603, 0.24309106, -0.00563733, -0.02708076, 99.97500610, 112.98746490, 32.50000000, 0.00000000
1, 42.6950, 4680, -0.39885813, -0.98438609, 0.28059000, 16.95382500, -53.98492432, 57.32540512, -43.72990417, 4.20929527, -102.86465454, 102.03643799, -2.11300755, 162.43055725, -0.08189263, 0.13016129, 0.76632488, 0.62377721, 0.36225593, 0.00645387, -0.07520221, 99.97500610, 112.98746490, 32.50000000, 0.00000000
1, 42.7000, 4681, -0.50007677, -1.00533652, 0.33463377, 16.49394035, -40.47345352, 52.92125702, -43.72990417, 4.20929527, -102.86465454, 102.12934875, -2.32961178, 162.17749023, -0.08170718, 0.13308972, 0.76632875, 0.62317854, 0.45952696, 0.02779873, -0.12796074, 99.97500610, 112.98746490, 32.50000000, 0.00000000
1, 42.7050, 4682, -0.56559986, -1.02126288, 0.37535587, 15.85697460, -27.00088310, 48.62360382, -44.25606537, 4.44314528, -102.39695740, 102.21699524, -2.53890347, 161.99447632, -0.08119203, 0.13550426, 0.76638228, 0.62265933, 0.52126992, 0.04413453, -0.16738629, 99.97500610, 112.98746490, 32.50000000, 0.00000000
1, 42.7100, 4683, -0.60026360, -1.02548873, 0.40108213, 15.09597969, -14.83919144, 45.20764160, -44.25606537, 4.44314528, -102.39695740, 102.29857635, -2.74404669, 161.87423706, -0.08036780, 0.13747022, 0.76647425, 0.62222219, 0.55227733, 0.04878484, -0.19182146, 99.97500610, 112.98746490, 32.50000000, 0.00000000
1, 42.7250, 4684, -0.42013410, -1.01533449, 0.41927755, 12.37766743, 30.90157509, 33.74876022, -43.87606049, 4.58930111, -102.63080597, 102.49313354, -3.33503485, 161.97264099, -0.07561681, 0.14011799, 0.76703644, 0.62153387, 0.36177388, 0.03987857, -0.20624566, 99.97500610, 112.98746490, 32.50000000, 0.00000000
1, 42.7300, 4685, -0.34172615, -1.01119351, 0.43787161, 10.83391857, 40.50971603, 31.96440125, -44.78222656, 3.85852075, -102.25080109, 102.53787231, -3.53455400, 162.13639832, -0.07332800, 0.14012024, 0.76726925, 0.62152016, 0.27985358, 0.03608707, -0.22387141, 99.97500610, 112.98746490, 32.50000000, 0.00000000
1, 42.7350, 4686, -0.26657569, -1.00606644, 0.45206141, 9.17471886, 47.98323441, 30.55125427, -44.78222656, 3.85852075, -102.25080109, 102.57132721, -3.73537636, 162.33813477, -0.07083733, 0.13986623, 0.76748508, 0.62159967, 0.20117460, 0.03128754, -0.23729733, 99.97500610, 112.98746490, 32.50000000, 0.00000000
1, 42.7400, 4687, -0.19987446, -0.99647653, 0.45421821, 7.60664177, 53.85034943, 29.34402657, -44.78222656, 3.85852075, -102.25080109, 102.66362762, -3.97004247, 162.56648254, -0.06790102, 0.13964848, 0.76801592, 0.62132072, 0.13067228, 0.02216861, -0.23830593, 99.97500610, 112.98746490, 32.50000000, 0.00000000
1, 42.7450, 4688, -0.13364272, -0.98141921, 0.42927057, 6.27351046, 58.03685760, 28.58448029, -44.37298965, 1.87079799, -102.71850586, 102.67738342, -4.17265177, 162.81922913, -0.06514370, 0.13904625, 0.76818329, 0.62154400, 0.06069203, 0.00760591, -0.21236594, 99.97500610, 112.98746490, 32.50000000, 0.00000000
1, 42.7500, 4689, -0.06850030, -0.96648431, 0.39405796, 5.64622498, 59.84904099, 28.32018852, -44.37298965, 1.87079799, -102.71850586, 102.68644714, -4.37599707, 163.08116150, -0.06233615, 0.13838305, 0.76833427, 0.62179333, -0.00790113, -0.00697840, -0.17685543, 99.97500610, 112.98746490, 32.50000000, 0.00000000
1, 42.7550, 4690, -0.01223319, -0.94791198, 0.35542339, 5.15410089, 59.32664108, 28.13874245, -44.95761490, 4.18006420, -102.42619324, 102.69230652, -4.57793093, 163.34077454, -0.05955345, 0.13772555, 0.76846504, 0.62205034, -0.06759255, -0.02519661, -0.13800007, 99.97500610, 112.98746490, 32.50000000, 0.00000000
1, 42.7600, 4691, 0.02363049, -0.93054569, 0.31500983, 5.32440519, 56.96424866, 27.94005775, -44.95761490, 4.18006420, -102.42619324, 102.69902039, -4.77633858, 163.58911133, -0.05685379, 0.13712490, 0.76858932, 0.62228203, -0.10682403, -0.04219881, -0.09742409, 99.97500610, 112.98746490, 32.50000000, 0.00000000
1, 42.7650, 4692, 0.04508159, -0.92122519, 0.27424148, 6.03390694, 54.12010956, 27.68797302, -44.95761490, 4.18006420, -102.42619324, 102.70958710, -4.97044992, 163.82380676, -0.05425162, 0.13659398, 0.76872152, 0.62246770, -0.13157156, -0.05113687, -0.05649163, 99.97500610, 112.98746490, 32.50000000, 0.00000000
1, 42.7700, 4693, 0.06624594, -0.92481482, 0.24907322, 6.74675941, 50.99750137, 27.42920685, -45.39608383, 5.23238802, -103.06927490, 102.72427368, -5.15991545, 164.04354858, -0.05175654, 0.13613996, 0.76886219, 0.62260592, -0.15598097, -0.04716901, -0.03110236, 99.97500610, 112.98746490, 32.50000000, 0.00000000
1, 42.8200, 4694, -0.20037405, -1.06303990, 0.27497616, 7.48095989, 53.15079117, 32.34343719, -46.33148193, 4.85238218, -103.39082336, 102.88416290, -7.07639027, 165.68650818, -0.02962339, 0.13540374, 0.76961458, 0.62328297, 0.07743731, 0.09506778, -0.05594733, 99.97500610, 112.98746490, 32.50000000, 0.00000000
1, 42.8250, 4695, -0.19707857, -1.05435312, 0.27659521, 7.38918734, 57.87863159, 32.70266342, -46.33148193, 4.85238218, -103.39082336, 102.89048767, -7.29983187, 165.93447876, -0.02674748, 0.13493170, 0.76969695, 0.62341386, 0.07030035, 0.08687455, -0.05752895, 99.97500610, 112.98746490, 32.50000000, 0.00000000
1, 42.8300, 4696, -0.18324940, -1.04254174, 0.27927411, 7.51351118, 62.33491516, 32.84235001, -45.83454895, 5.49546909, -102.86465454, 102.89363861, -7.52891922, 166.20429993, -0.02371731, 0.13434187, 0.76977992, 0.62356138, 0.05253066, 0.07557053, -0.06019456, 99.97500610, 112.98746490, 32.50000000, 0.00000000
1, 42.8350, 4697, -0.14762366, -1.01962793, 0.28477380, 7.03155899, 69.75822449, 32.49964142, -45.83454895, 5.49546909, -102.86465454, 102.88835144, -7.76455307, 166.51118469, -0.02045000, 0.13353616, 0.76985151, 0.62376171, 0.01283050, 0.05316350, -0.06573963, 99.97500610, 112.98746490, 32.50000000, 0.00000000
1, 42.8400, 4698, -0.10381261, -0.99082148, 0.26934502, 6.29587603, 74.54187012, 31.74671936, -45.83454895, 5.49546909, -102.86465454, 102.88610840, -7.98701668, 166.84104919, -0.01714285, 0.13250645, 0.76997858, 0.62392414, -0.03491219, 0.02488955, -0.05038189, 99.97500610, 112.98746490, 32.50000000, 0.00000000
1, 42.8450, 4699, -0.05166099, -0.96047461, 0.23946168, 6.63412857, 76.00533295, 31.84740448, -46.44840622, 5.43700647, -103.50774384, 102.87188721, -8.22632599, 167.17982483, -0.01368549, 0.13150527, 0.77002984, 0.62415802, -0.09098426, -0.00489146, -0.02059463, 99.97500610, 112.98746490, 32.50000000, 0.00000000
1, 42.8500, 4700, -0.03059106, -0.93432748, 0.21366762, 7.70049524, 76.20784760, 32.50465012, -46.44840622, 5.43700647, -103.50774384, 102.86154175, -8.46896648, 167.51911926, -0.01019721, 0.13051936, 0.77009660, 0.62434930, -0.11617133, -0.03044527, 0.00497161, 99.97500610, 112.98746490, 32.50000000, 0.00000000
1, 42.8550, 4701, -0.00101033, -0.94956267, 0.18866618, 7.50833511, 77.29617310, 32.07735825, -46.27301788, 5.20315695, -103.88774872, 102.84788513, -8.71067429, 167.86451721, -0.00668496, 0.12948772, 0.77015060, 0.62454492, -0.14986379, -0.01460639, 0.02967380, 99.97500610, 112.98746490, 32.50000000, 0.00000000
1, 42.8600, 4702, 0.04249166, -0.95560563, 0.17643605, 7.34504366, 79.03619385, 32.08585739, -46.27301788, 5.20315695, -103.88774872, 102.83061981, -8.95425034, 168.21879578, -0.00311491, 0.12840703, 0.77019018, 0.62474716, -0.19752389, -0.00797626, 0.04158168, 99.97500610, 112.98746490, 32.50000000, 0.00000000
1, 42.8650, 4703, 0.14608301, -0.91375136, 0.18257268, 6.46586418, 75.73900604, 34.19169235, -45.86378098, 5.20315695, -104.03390503, 102.81037140, -9.20435429, 168.55474854, 0.00039716, 0.12748529, 0.77018332, 0.62495208, -0.30541104, -0.04925472, 0.03528406, 99.97500610, 112.98746490, 32.50000000, 0.00000000
1, 42.8800, 4704, 0.11248060, -0.92849898, 0.13531315, 8.71861458, 50.63738251, 44.71129990, -45.30838776, 4.38468266, -104.32621765, 102.82335663, -10.00871181, 169.27287292, 0.00980525, 0.12695633, 0.77017266, 0.62499607, -0.28542945, -0.03215531, 0.08202367, 99.97500610, 112.98746490, 32.50000000, 0.00000000
1, 42.8850, 4705, 0.07683241, -0.92748797, 0.12828268, 7.90796709, 44.49704361, 46.29281998, -45.30838776, 4.38468266, -104.32621765, 102.83377838, -10.28343010, 169.44151306, 0.01260746, 0.12728940, 0.77011353, 0.62495100, -0.25450096, -0.03229843, 0.08893609, 99.97500610, 112.98746490, 32.50000000, 0.00000000
1, 42.8900, 4706, 0.00357877, -0.95121944, 0.13722697, 7.99061012, 35.18336105, 48.34816360, -46.41917419, 5.49546909, -104.67699432, 102.82514191, -10.49638462, 169.56546021, 0.01472402, 0.12759499, 0.76996762, 0.62502205, -0.18544450, -0.00782750, 0.07965541, 99.97500610, 112.98746490, 32.50000000, 0.00000000
1, 42.8950, 4707, -0.04885208, -0.96915710, 0.14694627, 7.69351339, 30.68546867, 49.89218903, -46.41917419, 5.49546909, -104.67699432, 102.84645844, -10.77344131, 169.66177368, 0.01715989, 0.12842424, 0.76988119, 0.62489665, -0.13725019, 0.01089033, 0.06972603, 99.97500610, 112.98746490, 32.50000000, 0.00000000
1, 42.9000, 4708, -0.10319152, -0.97756469, 0.16372491, 6.97277308, 28.80308723, 51.15342712, -46.41917419, 5.49546909, -104.67699432, 102.86576843, -11.05461979, 169.74729919, 0.01956299, 0.12934709, 0.76976430, 0.62477964, -0.08775787, 0.02024402, 0.05292874, 99.97500610, 112.98746490, 32.50000000, 0.00000000
1, 42.9050, 4709, -0.15804963, -0.98477125, 0.18824381, 5.97900963, 28.74690056, 51.69052124, -46.62379456, 4.00467682, -104.29698944, 102.87988281, -11.33838558, 169.83192444, 0.02197318, 0.13028949, 0.76961231, 0.62469095, -0.03780889, 0.02839873, 0.02830632, 99.97500610, 112.98746490, 32.50000000, 0.00000000
1, 42.9100, 4710, -0.20062540, -0.98611915, 0.20724957, 5.76322794, 29.01596642, 52.01515198, -46.62379456, 4.00467682, -104.29698944, 102.89229584, -11.62405491, 169.91755676, 0.02439992, 0.13123477, 0.76944703, 0.62460667, -0.00016155, 0.03072380, 0.00918312, 99.97500610, 112.98746490, 32.50000000, 0.00000000
1, 42.9150, 4711, -0.23476441, -0.99195302, 0.21465766, 6.21476412, 29.95574951, 52.20706177, -46.91610718, 4.00467682, -104.70622253, 102.90565491, -11.91171741, 170.00765991, 0.02686580, 0.13215946, 0.76928675, 0.62450790, 0.02905337, 0.03758522, 0.00167171, 99.97500610, 112.98746490, 32.50000000, 0.00000000
1, 42.9200, 4712, -0.27267182, -1.00019395, 0.25878194, 6.45823050, 33.33807373, 52.14437103, -46.91610718, 4.00467682, -104.70622253, 102.91621399, -12.20284271, 170.11473083, 0.02944451, 0.13298842, 0.76912385, 0.62441623, 0.06189713, 0.04682456, -0.04259599, 99.97500610, 112.98746490, 32.50000000, 0.00000000
1, 42.9250, 4713, -0.29933435, -0.99728072, 0.30892164, 5.77881050, 39.37380219, 51.49068832, -46.91610718, 4.00467682, -104.70622253, 102.91621399, -12.49750614, 170.25276184, 0.03220360, 0.13363068, 0.76893258, 0.62437844, 0.08342141, 0.04490277, -0.09299555, 99.97500610, 112.98746490, 32.50000000, 0.00000000
1, 42.9500, 4714, -0.28203374, -1.04576814, 0.36482358, 5.45671320, 62.52264023, 49.06711578, -47.67611694, 6.48933077, -104.53083801, 102.85272217, -14.02004910, 171.28858948, 0.04813699, 0.13480978, 0.76794255, 0.62431842, 0.04016835, 0.09898488, -0.15119240, 99.97500610, 112.98746490, 32.50000000, 0.00000000
1, 42.9550, 4715, -0.21602565, -1.05801892, 0.36503154, 3.65282154, 64.63181305, 49.07024765, -47.96842957, 6.34317446, -104.38468170, 102.80564117, -14.33056164, 171.55793762, 0.05166085, 0.13467859, 0.76761669, 0.62446588, -0.03108744, 0.11235388, -0.15227833, 99.97500610, 112.98746490, 32.50000000, 0.00000000
1, 42.9600, 4716, -0.14372954, -1.06326234, 0.32301745, 2.72724962, 64.75698090, 49.33037949, -47.96842957, 6.34317446, -104.38468170, 102.75226593, -14.64226055, 171.82824707, 0.05518994, 0.13455310, 0.76725399, 0.62463653, -0.10854366, 0.11879200, -0.11124399, 99.97500610, 112.98746490, 32.50000000, 0.00000000
1, 42.9650, 4717, -0.12922898, -1.06633687, 0.25942898, 1.62253046, 62.02675247, 49.48967361, -47.61765671, 6.84010506, -104.70622253, 102.69532776, -14.95151615, 172.08531189, 0.05862506, 0.13450865, 0.76685750, 0.62482017, -0.12812090, 0.12310151, -0.04885903, 99.97500610, 112.98746490, 32.50000000, 0.00000000
1, 42.9700, 4718, -0.11044716, -1.04900599, 0.17381515, 0.57700270, 60.27347183, 49.60140610, -47.61765671, 6.84010506, -104.70622253, 102.63402557, -15.25916672, 172.33406067, 0.06199784, 0.13451698, 0.76642722, 0.62502056, -0.15188131, 0.10704780, 0.03553260, 99.97500610, 112.98746490, 32.50000000, 0.00000000
1, 42.9750, 4719, -0.08381720, -1.03790355, 0.19344671, 0.74292040, 58.51260376, 50.46868134, -47.61765671, 6.84010506, -104.70622253, 102.57468414, -15.56887817, 172.57363892, 0.06533580, 0.13460036, 0.76599246, 0.62519568, -0.18375503, 0.09708339, 0.01469042, 99.97500610, 112.98746490, 32.50000000, 0.00000000
1, 42.9800, 4720, -0.00927429, -1.02680922, 0.25362003, -0.09256196, 57.44883728, 52.41687775, -48.11458588, 6.84010506, -105.32008362, 102.51178741, -15.88673210, 172.80635071, 0.06868595, 0.13477878, 0.76551771, 0.62537956, -0.26375386, 0.08711568, -0.04661618, 99.97500610, 112.98746490, 32.50000000, 0.00000000
1, 42.9850, 4721, 0.06720679, -1.01560843, 0.24891223, -1.47098100, 54.28396988, 54.63738632, -48.11458588, 6.84010506, -105.32008362, 102.44573212, -16.21179008, 173.02120972, 0.07198244, 0.13512051, 0.76499337, 0.62557673, -0.34564728, 0.07720065, -0.04310667, 99.97500610, 112.98746490, 32.50000000, 0.00000000
1, 42.9900, 4722, 0.13002446, -1.00473928, 0.12645601, -1.78708982, 48.64684677, 57.20606232, -48.64074707, 7.30780458, -105.67085266, 102.34303284, -16.41349792, 173.21466064, 0.07428271, 0.13497333, 0.76440060, 0.62606394, -0.41260135, 0.06749403, 0.07787099, 99.97500610, 112.98746490, 32.50000000, 0.00000000
1, 42.9950, 4723, 0.15381464, -1.01272368, 0.06140325, -0.68747938, 43.86343002, 61.00389862, -48.64074707, 7.30780458, -105.67085266, 102.29574585, -16.75804138, 173.37091064, 0.07740995, 0.13580567, 0.76388049, 0.62613988, -0.44086158, 0.07667603, 0.14151868, 99.97500610, 112.98746490, 32.50000000, 0.00000000
1, 43.0100, 4724, 0.15033928, -1.02788508, -0.06183580, 2.36661792, 25.98347282, 71.33492279, -49.19614029, 7.01549244, -105.61239624, 102.23296356, -17.85815239, 173.64775085, 0.08627583, 0.13988945, 0.76241052, 0.62587363, -0.45527893, 0.09728451, 0.26230219, 99.97500610, 112.98746490, 32.50000000, 0.00000000
1, 43.0150, 4725, 0.14049846, -1.05424118, -0.12349669, 4.00417471, 20.88568115, 75.36377716, -49.66384125, 7.80473518, -105.67085266, 102.24648285, -18.24846077, 173.67173767, 0.08905669, 0.14180475, 0.76198167, 0.62557518, -0.45169717, 0.12580714, 0.32361412, 99.97500610, 112.98746490, 32.50000000, 0.00000000
1, 43.0200, 4726, 0.14099298, -1.09576499, -0.15481517, 4.57597351, 18.72828102, 79.86185455, -49.66384125, 7.80473518, -105.67085266, 102.26787567, -18.65848160, 173.67956543, 0.09189145, 0.14392431, 0.76153994, 0.62521899, -0.45882088, 0.16962664, 0.35471553, 99.97500610, 112.98746490, 32.50000000, 0.00000000
1, 43.0250, 4727, 0.15272297, -1.14480042, -0.11846599, 3.79314303, 16.83648491, 84.41857147, -49.66384125, 7.80473518, -105.67085266, 102.29022217, -19.08878326, 173.67239380, 0.09478186, 0.14624807, 0.76104581, 0.62484974, -0.47766978, 0.22101480, 0.31816918, 99.97500610, 112.98746490, 32.50000000, 0.00000000
1, 43.0300, 4728, 0.16503468, -1.18125844, -0.02519345, 1.51000524, 12.56073093, 89.07775116, -50.21923447, 7.83396673, -106.46009827, 102.31039429, -19.53735161, 173.63764954, 0.09764203, 0.14885044, 0.76046646, 0.62450010, -0.49753362, 0.25988424, 0.22466089, 99.97500610, 112.98746490, 32.50000000, 0.00000000
1, 43.0350, 4729, 0.16253328, -1.18390810, 0.04152238, -1.05752969, 8.28160858, 93.77554321, -50.21923447, 7.83396673, -106.46009827, 102.32742310, -20.00438499, 173.57513428, 0.10047077, 0.15173416, 0.75979275, 0.62417746, -0.50279665, 0.26513875, 0.15764067, 99.97500610, 112.98746490, 32.50000000, 0.00000000
1, 43.0400, 4730, 0.13980746, -1.18012357, 0.10235771, -1.63734806, 7.22962427, 98.24452972, -50.62847137, 4.85238218, -105.81700897, 102.31520081, -20.37817192, 173.51025391, 0.10261866, 0.15416071, 0.75908148, 0.62409878, -0.48719504, 0.26375416, 0.09624994, 99.97500610, 112.98746490, 32.50000000, 0.00000000
1, 43.0450, 4731, 0.11349206, -1.17696607, 0.18208453, -0.18928485, 8.92778015, 102.05221558, -50.62847137, 4.85238218, -105.81700897, 102.33981323, -20.88630867, 173.44132996, 0.10569793, 0.15729083, 0.75834852, 0.62369466, -0.46837014, 0.26316237, 0.01599839, 99.97500610, 112.98746490, 32.50000000, 0.00000000
1, 43.0650, 4732, 0.10067721, -1.23581266, 0.28015998, 11.35718727, 30.96744919, 116.83699036, -52.35311127, 8.15550995, -106.63548279, 102.50627136, -23.15170860, 173.39892578, 0.12094137, 0.16937365, 0.75555682, 0.62114400, -0.49209702, 0.33664528, -0.08279012, 99.97500610, 112.98746490, 32.50000000, 0.00000000
1, 43.0700, 4733, 0.13528311, -1.25681114, 0.24949993, 13.05112267, 35.80844116, 120.40098572, -52.35311127, 8.15550995, -106.63548279, 102.55337524, -23.77798080, 173.44825745, 0.12548587, 0.17229101, 0.75482792, 0.62032568, -0.53657532, 0.36204314, -0.05226686, 99.97500610, 112.98746490, 32.50000000, 0.00000000
1, 43.0750, 4734, 0.18809882, -1.27730680, 0.22844844, 14.18139458, 40.22414780, 124.06717682, -52.35311127, 8.15550995, -106.63548279, 102.59792328, -24.42695427, 173.51655579, 0.13027962, 0.17519745, 0.75405449, 0.61946356, -0.59960151, 0.38717800, -0.03140718, 99.97500610, 112.98746490, 32.50000000, 0.00000000
1, 43.0800, 4735, 0.24889518, -1.30807066, 0.23031160, 15.40435696, 42.92652512, 128.04187012, -51.79771805, 7.01549244, -106.57702637, 102.64392090, -25.09827995, 173.59440613, 0.13527459, 0.17814825, 0.75324297, 0.61853790, -0.67096591, 0.42281619, -0.03351753, 99.97500610, 112.98746490, 32.50000000, 0.00000000
1, 43.0850, 4736, 0.30063874, -1.34588909, 0.22599028, 15.89285660, 44.64259720, 132.21270752, -51.79771805, 7.01549244, -106.57702637, 102.68981934, -25.79188538, 173.67636108, 0.14043765, 0.18118009, 0.75237495, 0.61756212, -0.73355722, 0.46580297, -0.02954552, 99.97500610, 112.98746490, 32.50000000, 0.00000000
1, 43.0900, 4737, 0.35894164, -1.38200951, 0.21481664, 15.54554081, 44.91973877, 136.53514099, -53.25928116, 10.55247021, -107.04472351, 102.72685242, -26.43813705, 173.75689697, 0.14525829, 0.18397664, 0.75152105, 0.61665934, -0.80243146, 0.50711530, -0.01878809, 99.97500610, 112.98746490, 32.50000000, 0.00000000
1, 43.0950, 4738, 0.41630569, -1.41593611, 0.19318046, 15.31852531, 44.14522552, 141.18148804, -53.25928116, 10.55247021, -107.04472351, 102.77450562, -27.17506027, 173.82495117, 0.15063189, 0.18730521, 0.75051320, 0.61559474, -0.87061167, 0.54654551, 0.00238360, 99.97500610, 112.98746490, 32.50000000, 0.00000000
1, 43.1000, 4739, 0.45269322, -1.46102464, 0.17394374, 15.29819393, 44.02396774, 146.26145935, -53.25928116, 10.55247021, -107.04472351, 102.82469940, -27.93668747, 173.88575745, 0.15613160, 0.19079517, 0.74943173, 0.61446905, -0.91866004, 0.59774601, 0.02104414, 99.97500610, 112.98746490, 32.50000000, 0.00000000
1, 43.1050, 4740, 0.48714000, -1.52359939, 0.16785280, 14.41201210, 45.15801239, 152.43388367, -54.22391129, 10.93247604, -106.89856720, 102.87062836, -28.72971153, 173.94483948, 0.16181968, 0.19445334, 0.74823278, 0.61331081, -0.96515214, 0.66678256, 0.02639874, 99.97500610, 112.98746490, 32.50000000, 0.00000000
1, 43.1100, 4741, 0.48558652, -1.54615486, 0.16249083, 12.84017563, 46.74295044, 156.97836304, -54.22391129, 10.93247604, -106.89856720, 102.90659332, -29.54672241, 174.00677490, 0.16765997, 0.19821879, 0.74690467, 0.61215436, -0.97597730, 0.69616115, 0.03078794, 99.97500610, 112.98746490, 32.50000000, 0.00000000
1, 43.1300, 4742, 0.28826305, -1.72864091, 0.14737856, 12.43216419, 83.57619476, 170.79577637, -55.42238998, 12.01403046, -107.48319244, 102.81342316, -33.08988571, 174.63053894, 0.19431894, 0.21253416, 0.74008989, 0.60773051, -0.83117235, 0.90936577, 0.03711987, 99.97500610, 112.98746490, 32.50000000, 0.00000000
1, 43.1350, 4743, 0.29103389, -1.79709840, 0.09030952, 14.00850487, 100.84197235, 173.29034424, -55.42238998, 12.01403046, -107.48319244, 102.68502045, -34.04558945, 174.99317932, 0.20230058, 0.21531157, 0.73798144, 0.60671157, -0.84762400, 0.98641133, 0.09043622, 99.97500610, 112.98746490, 32.50000000, 0.00000000
1, 43.1400, 4744, 0.35469210, -1.90966618, 0.07341289, 21.34355164, 120.75964355, 173.28614807, -56.41625214, 13.68021011, -108.50628662, 102.50946045, -34.99482727, 175.48498535, 0.21080290, 0.21732761, 0.73585910, 0.60567504, -0.92507267, 1.10769081, 0.10294003, 99.97500610, 112.98746490, 32.50000000, 0.00000000
1, 43.1450, 4745, 0.50020033, -1.99649084, 0.18614551, 25.60144806, 141.74356079, 171.27845764, -56.41625214, 13.68021011, -108.50628662, 102.27580261, -35.98225784, 176.11140442, 0.22011800, 0.21881501, 0.73358357, 0.60458523, -1.08469319, 1.20321655, -0.01467671, 99.97500610, 112.98746490, 32.50000000, 0.00000000
1, 43.1500, 4746, 0.58372289, -2.03219652, 0.18868630, 19.93440056, 159.54603577, 167.63877869, -56.41625214, 13.68021011, -108.50628662, 101.92949677, -36.96786499, 176.86492920, 0.22983035, 0.21974844, 0.73094970, 0.60382217, -1.18213511, 1.24793434, -0.02360960, 99.97500610, 112.98746490, 32.50000000, 0.00000000
1, 43.1550, 4747, 0.62409300, -2.01437259, 0.15136500, 18.19747162, 172.07604980, 160.10784912, -56.94241333, 14.55714703, -108.38935852, 101.50044250, -37.92509842, 177.72334290, 0.23970225, 0.22010598, 0.72814035, 0.60324782, -1.23583150, 1.23897505, 0.00617156, 99.97500610, 112.98746490, 32.50000000, 0.00000000
1, 43.1600, 4748, 0.62453258, -1.94883835, 0.05036471, 18.86142921, 182.46795654, 149.62112427, -56.94241333, 14.55714703, -108.38935852, 101.00214386, -38.83539963, 178.68055725, 0.24960794, 0.21982668, 0.72526258, 0.60279882, -1.24870253, 1.18207288, 0.09885281, 99.97500610, 112.98746490, 32.50000000, 0.00000000
1, 43.1650, 4749, 0.52980608, -1.87984967, -0.00754878, 19.66056252, 182.37272644, 142.21264648, -56.59164047, 14.87869072, -109.17860413, 100.47679138, -39.70243073, 179.66854858, 0.25929675, 0.21928363, 0.72240210, 0.60234141, -1.16575217, 1.12133372, 0.14783704, 99.97500610, 112.98746490, 32.50000000, 0.00000000
1, 43.1700, 4750, 0.37412125, -1.71753895, -0.01390509, 22.00295448, 174.71911621, 132.43119812, -56.59164047, 14.87869072, -109.17860413, 99.96209717, -40.50759125, -179.35932922, 0.26848394, 0.21858662, 0.71971256, 0.60178918, -1.02100182, 0.96679831, 0.14562908, 99.97500610, 112.98746490, 32.50000000, 0.00000000
1, 43.1750, 4751, 0.25648481, -1.55694568, 0.06547422, 22.50844193, 169.78376770, 126.31318665, -57.73165512, 14.87869072, -110.11399841, 99.44267273, -41.27172852, -178.39154053, 0.27733594, 0.21780242, 0.71708786, 0.60119200, -0.91380078, 0.81358111, 0.05797176, 99.97500610, 112.98746490, 32.50000000, 0.00000000
1, 43.1950, 4752, -0.20625208, -1.16138661, 0.33640629, 7.20432138, 155.45338440, 124.30867004, -57.52703857, 15.87255192, -111.16632080, 97.03931427, -44.06700897, -174.44757080, 0.31046388, 0.21455613, 0.70568651, 0.59965366, -0.48781416, 0.44579339, -0.24858144, 99.97500610, 112.98746490, 32.50000000, 0.00000000
1, 43.2000, 4753, -0.27369359, -1.19051754, 0.34006107, 10.30420685, 139.56985474, 134.19596863, -57.38088226, 16.42794418, -111.83864594, 96.48929596, -44.81438065, -173.58592224, 0.31836122, 0.21487065, 0.70279264, 0.59879827, -0.42962322, 0.48299822, -0.26062179, 99.97500610, 112.98746490, 32.50000000, 0.00000000
1, 43.2050, 4754, -0.37901479, -1.25227582, 0.37854892, 6.59347296, 116.31000519, 144.20443726, -57.38088226, 16.42794418, -111.83864594, 96.01981354, -45.59358597, -172.87519836, 0.32575211, 0.21613763, 0.69998306, 0.59765702, -0.33392125, 0.55349243, -0.30651465, 99.97500610, 112.98746490, 32.50000000, 0.00000000
1, 43.2100, 4755, -0.44415441, -1.24328828, 0.36320841, -4.17888927, 96.04373169, 147.36372375, -57.38088226, 16.42794418, -111.83864594, 95.58213043, -46.37458038, -172.29301453, 0.33248633, 0.21817103, 0.69710648, 0.59657103, -0.27827659, 0.55372167, -0.29769027, 99.97500610, 112.98746490, 32.50000000, 0.00000000
1, 43.2150, 4756, -0.50680357, -1.30574095, 0.20241584, -9.96236897, 82.03649902, 142.54669189, -57.32241821, 17.12949371, -111.86787415, 95.16972351, -47.12219620, -171.79272461, 0.33859634, 0.22049581, 0.69428909, 0.59556437, -0.22431394, 0.62550652, -0.14307988, 99.97500610, 112.98746490, 32.50000000, 0.00000000
1, 43.2200, 4757, -0.50272626, -1.35120642, 0.14033063, -13.72167587, 73.61032104, 135.20800781, -57.32241821, 17.12949371, -111.86787415, 94.76559448, -47.82721329, -171.33518982, 0.34420773, 0.22286326, 0.69153476, 0.59467036, -0.23668246, 0.67976505, -0.08663116, 99.97500610, 112.98746490, 32.50000000, 0.00000000
1, 43.2250, 4758, -0.50018883, -1.36869085, 0.11847188, -18.37316895, 62.49393845, 127.88668060, -57.99473953, 17.39257431, -112.48172760, 94.38327789, -48.48934937, -170.94314575, 0.34923416, 0.22536018, 0.68886817, 0.59389311, -0.24706498, 0.70565188, -0.07006709, 99.97500610, 112.98746490, 32.50000000, 0.00000000
1, 43.2300, 4759, -0.57978684, -1.37573373, 0.20436850, -20.78167343, 44.35783005, 116.30341339, -57.99473953, 17.39257431, -112.48172760, 94.07617950, -49.08560944, -170.67109680, 0.35337973, 0.22800978, 0.68650460, 0.59316599, -0.17476560, 0.72028941, -0.16057198, 99.97500610, 112.98746490, 32.50000000, 0.00000000
1, 43.2350, 4760, -0.60531384, -1.38530898, 0.33966628, -19.46947289, 24.09506798, 103.21999359, -57.99473953, 17.39257431, -112.48172760, 93.88095093, -49.60895157, -170.54029846, 0.35658333, 0.23076756, 0.68459892, 0.59238416, -0.15573727, 0.73658705, -0.29898944, 99.97500610, 112.98746490, 32.50000000, 0.00000000
1, 43.2400, 4761, -0.59490675, -1.36566281, 0.46394327, -19.72288322, 7.25619125, 92.06084442, -58.43320465, 18.94182968, -113.00788879, 93.82250214, -50.02080154, -170.56642151, 0.35861799, 0.23341565, 0.68332547, 0.59158820, -0.17155880, 0.72266579, -0.42475748, 99.97500610, 112.98746490, 32.50000000, 0.00000000
1, 43.2750, 4762, -0.89757425, -0.56273293, 0.24544995, -6.09405088, -22.65767288, 26.53810883, -58.78398132, 18.59105492, -112.59865570, 93.85128784, -51.89244843, -171.59555054, 0.36374077, 0.24987310, 0.67697054, 0.58903915, 0.11044282, -0.05386710, -0.20745778, 99.97500610, 112.98746490, 32.50000000, 0.00000000
1, 43.2800, 4763, -0.77276212, -0.68523467, 0.30991930, -14.96149158, -21.78936768, 13.21164608, -58.78398132, 18.59105492, -112.59865570, 93.92104340, -51.95134354, -171.77894592, 0.36327609, 0.25106174, 0.67678708, 0.58903128, -0.01537745, 0.06967092, -0.27094895, 99.97500610, 112.98746490, 32.50000000, 0.00000000
1, 43.2850, 4764, -0.60843104, -0.70362890, 0.33531627, -25.86548424, -22.62632179, 2.00864625, -58.78398132, 18.59105492, -112.59865570, 93.93683624, -51.95410919, -171.96322632, 0.36237845, 0.25211507, 0.67645711, 0.58951312, -0.17995523, 0.08827833, -0.29568380, 99.97500610, 112.98746490, 32.50000000, 0.00000000
1, 43.2900, 4765, -0.48067644, -0.63565564, 0.32548895, -34.71894836, -25.39452362, -9.26648808, -59.51476288, 20.05261612, -111.98480225, 94.11631775, -51.80580139, -172.31559753, 0.36013743, 0.25281012, 0.67696321, 0.59000754, -0.30674803, 0.01919688, -0.28439355, 99.97500610, 112.98746490, 32.50000000, 0.00000000
1, 43.2950, 4766, -0.40816915, -0.52568245, 0.27968112, -40.58021927, -28.52152252, -20.48311043, -59.51476288, 20.05261612, -111.98480225, 94.08460999, -51.69417572, -172.53390503, 0.35832125, 0.25358233, 0.67658848, 0.59121054, -0.37758374, -0.09262358, -0.23734313, 99.97500610, 112.98746490, 32.50000000, 0.00000000
1, 43.3000, 4767, -0.37175134, -0.39831436, 0.23020601, -44.14080429, -30.78585052, -31.98887062, -59.54399109, 19.73107338, -112.18941498, 94.04344177, -51.52449417, -172.76342773, 0.35609907, 0.25412861, 0.67627978, 0.59267014, -0.41219610, -0.22206020, -0.18783721, 99.97500610, 112.98746490, 32.50000000, 0.00000000
1, 43.3050, 4768, -0.34556326, -0.25690484, 0.19841610, -45.81236649, -33.25559235, -42.96273804, -59.54399109, 19.73107338, -112.18941498, 94.00335693, -51.29936600, -173.00588989, 0.35349807, 0.25444001, 0.67608142, 0.59431756, -0.43600672, -0.36632672, -0.15599954, 99.97500610, 112.98746490, 32.50000000, 0.00000000
1, 43.3100, 4769, -0.30382136, -0.12549180, 0.18672691, -45.34259033, -39.19754410, -53.62600708, -59.54399109, 19.73107338, -112.18941498, 93.99620056, -51.01907349, -173.28862000, 0.35044605, 0.25458205, 0.67609733, 0.59604359, -0.47480673, -0.50135028, -0.14393437, 99.97500610, 112.98746490, 32.50000000, 0.00000000
1, 43.3150, 4770, -0.25132176, -0.01899900, 0.18210204, -43.45924759, -50.31230545, -64.50066376, -59.01782990, 20.81262779, -111.98480225, 94.05925751, -50.68062973, -173.65118408, 0.34679881, 0.25466129, 0.67644268, 0.59774882, -0.52373207, -0.61217898, -0.13822162, 99.97500610, 112.98746490, 32.50000000, 0.00000000
1, 43.3200, 4771, -0.19250824, 0.05651476, 0.17939423, -40.04560852, -67.46580505, -75.74904633, -59.01782990, 20.81262779, -111.98480225, 94.23359680, -50.27952194, -174.13798523, 0.34238270, 0.25480083, 0.67724770, 0.59932148, -0.57827115, -0.69274950, -0.13327584, 99.97500610, 112.98746490, 32.50000000, 0.00000000
1, 43.3350, 4772, -0.06431691, 0.10689901, 0.14121319, -29.97408485, -131.71234131, -124.06306458, -59.22245026, 20.19877243, -111.45863342, 95.45035553, -48.59838486, -176.42120361, 0.32347697, 0.25561869, 0.68269080, 0.60328692, -0.68812728, -0.76334685, -0.08017461, 99.97500610, 112.98746490, 32.50000000, 0.00000000
1, 43.3400, 4773, -0.07324565, 0.08243798, 0.14829077, -25.57777786, -139.43574524, -137.48272705, -59.33937454, 18.91259766, -110.31861877, 96.08335114, -47.87094498, -177.40478516, 0.31545815, 0.25579023, 0.68564963, 0.60410440, -0.67086065, -0.74758959, -0.07951367, 99.97500610, 112.98746490, 32.50000000, 0.00000000
1, 43.3450, 4774, -0.09109717, 0.03920027, 0.16608174, -20.60706520, -141.46813965, -149.79261780, -59.33937454, 18.91259766, -110.31861877, 96.65559387, -47.04940033, -178.32369995, 0.30703074, 0.25533122, 0.68868816, 0.60518318, -0.64373869, -0.71377176, -0.08925445, 99.97500610, 112.98746490, 32.50000000, 0.00000000
1, 43.3500, 4775, -0.11501338, -0.02720611, 0.20627449, -16.02233124, -140.80697632, -161.26225281, -59.01782990, 18.06489372, -108.97398376, 97.21142578, -46.16517639, -179.20152283, 0.29834422, 0.25442761, 0.69190800, 0.60623479, -0.60954571, -0.65761995, -0.12165672, 99.97500610, 112.98746490, 32.50000000, 0.00000000
1, 43.3550, 4776, -0.13736473, -0.10993735, 0.24856864, -13.79425621, -139.17810059, -171.80247498, -59.01782990, 18.06489372, -108.97398376, 97.73444366, -45.22406006, 179.96849060, 0.28942490, 0.25311098, 0.69521952, 0.60732037, -0.57604092, -0.58566511, -0.15624937, 99.97500610, 112.98746490, 32.50000000, 0.00000000
1, 43.3600, 4777, -0.16192298, -0.18630387, 0.28079075, -13.88183498, -137.00225830, -181.28370667, -59.01782990, 18.06489372, -108.97398376, 98.21190643, -44.23246765, 179.18827820, 0.28029072, 0.25142640, 0.69853860, 0.60849464, -0.53947020, -0.52049243, -0.18101683, 99.97500610, 112.98746490, 32.50000000, 0.00000000
1, 43.3650, 4778, -0.19455570, -0.24784261, 0.29492703, -15.66765308, -132.39321899, -189.70384216, -58.31628036, 16.95410728, -108.53551483, 98.62627411, -43.19827652, 178.47207642, 0.27102503, 0.24935994, 0.70177597, 0.60981601, -0.49400985, -0.47047222, -0.18818249, 99.97500610, 112.98746490, 32.50000000, 0.00000000
1, 43.3700, 4779, -0.23733234, -0.29672357, 0.30655307, -18.09393692, -124.67095184, -197.44573975, -58.31628036, 16.95410728, -108.53551483, 98.96368408, -42.12831497, 177.83720398, 0.26173455, 0.24685398, 0.70486885, 0.61132479, -0.43769872, -0.43339032, -0.19357380, 99.97500610, 112.98746490, 32.50000000, 0.00000000
1, 43.3750, 4780, -0.26912838, -0.33867437, 0.31056538, -20.46500206, -115.53090668, -204.73391724, -57.32241821, 15.87255192, -107.77550507, 99.22302246, -41.02713394, 177.28852844, 0.25247699, 0.24388158, 0.70779818, 0.61302441, -0.39169598, -0.40345460, -0.19216229, 99.97500610, 112.98746490, 32.50000000, 0.00000000
1, 43.3800, 4781, -0.29989436, -0.37232664, 0.30143523, -23.60326195, -107.46294403, -211.16157532, -57.32241821, 15.87255192, -107.77550507, 99.41049957, -39.89913940, 176.81382751, 0.24323560, 0.24050350, 0.71054697, 0.61491263, -0.34607583, -0.38196033, -0.17843083, 99.97500610, 112.98746490, 32.50000000, 0.00000000
1, 43.4450, 4782, -0.29257059, -0.69769156, 0.18914816, -50.65777969, -67.99057007, -292.84487915, -50.71616364, 10.43554497, -106.48932648, 97.89447784, -22.29076195, 174.16090393, 0.11275823, 0.16447048, 0.73245603, 0.65095574, -0.09325869, -0.21650779, -0.06348114, 99.97500610, 112.98746490, 32.50000000, 0.00000000
1, 43.4500, 4783, -0.27524462, -0.74388361, 0.20141895, -51.85085297, -67.18495941, -296.38577271, -48.64074707, 9.64630222, -106.22624969, 97.68463135, -20.77785492, 174.01628113, 0.10179695, 0.15717196, 0.73335427, 0.65354866, -0.08617610, -0.18053073, -0.07776225, 99.97500610, 112.98746490, 32.50000000, 0.00000000
1, 43.4550, 4784, -0.26216131, -0.78009760, 0.20655106, -53.43760300, -69.07011414, -299.70547485, -48.64074707, 9.64630222, -106.22624969, 97.46736145, -19.24780846, 173.85945129, 0.09065111, 0.14979982, 0.73410362, 0.65607488, -0.07431945, -0.15398842, -0.08519004, 99.97500610, 112.98746490, 32.50000000, 0.00000000
1, 43.4600, 4785, -0.26117107, -0.81491697, 0.21399827, -53.97440720, -72.66815948, -303.85040283, -48.64074707, 9.64630222, -106.22624969, 97.24993134, -17.69550514, 173.68191528, 0.07925068, 0.14237233, 0.73474032, 0.65848786, -0.04978760, -0.12829569, -0.09513305, 99.97500610, 112.98746490, 32.50000000, 0.00000000
1, 43.4650, 4786, -0.26690829, -0.83260334, 0.22132099, -53.73889160, -75.70707703, -309.25378418, -47.03303146, 5.61239386, -106.69394684, 97.03392029, -16.11516571, 173.48747253, 0.06758332, 0.13483085, 0.73528427, 0.66076493, -0.01785862, -0.11917043, -0.10505292, 99.97500610, 112.98746490, 32.50000000, 0.00000000
1, 43.4700, 4787, -0.28237242, -0.88571894, 0.21928747, -51.49629593, -77.24679565, -315.45315552, -47.03303146, 5.61239386, -106.69394684, 96.82612610, -14.50381756, 173.28442383, 0.05568684, 0.12710145, 0.73578489, 0.66284597, 0.02454911, -0.07400149, -0.10573172, 99.97500610, 112.98746490, 32.50000000, 0.00000000
1, 43.4750, 4788, -0.31141609, -0.97693682, 0.21848808, -48.37740326, -77.63824463, -321.28576660, -45.07453918, 7.01549244, -106.31394196, 96.62899017, -12.86393452, 173.07846069, 0.04361418, 0.11916202, 0.73625493, 0.66470069, 0.08124069, 0.00992798, -0.10769089, 99.97500610, 112.98746490, 32.50000000, 0.00000000
1, 43.4800, 4789, -0.35528174, -1.07675016, 0.22953436, -45.15422440, -77.78926086, -326.93878174, -45.07453918, 7.01549244, -106.31394196, 96.44245911, -11.19651318, 172.87071228, 0.03137943, 0.11101356, 0.73668897, 0.66631883, 0.15337589, 0.10315020, -0.12149840, 99.97500610, 112.98746490, 32.50000000, 0.00000000
1, 43.4850, 4790, -0.38042480, -1.16829062, 0.24098645, -42.63916016, -78.06604767, -331.95483398, -42.03449249, 5.23238802, -106.22624969, 96.26296234, -9.50464249, 172.66015625, 0.01899476, 0.10268392, 0.73705691, 0.66771430, 0.20739830, 0.18886131, -0.13563181, 99.97500610, 112.98746490, 32.50000000, 0.00000000
1, 43.4900, 4791, -0.42001122, -1.25071871, 0.24397989, -39.06893539, -77.29572296, -336.67889404, -42.03449249, 5.23238802, -106.22624969, 96.09980774, -7.80188465, 172.45156860, 0.00658609, 0.09422207, 0.73740119, 0.66881871, 0.27632070, 0.26630774, -0.14124852, 99.97500610, 112.98746490, 32.50000000, 0.00000000
1, 43.5100, 4792, -0.44630381, -1.64275420, 0.31351167, -19.98391342, -56.82186890, -368.92721558, -37.73750305, 3.91698337, -105.96316528, 95.66053772, -0.57822263, 171.84262085, -0.04401864, 0.05609462, 0.73903173, 0.66988653, 0.42726502, 0.64736187, -0.21821073, 99.97500610, 112.98746490, 32.50000000, 0.00000000
1, 43.5150, 4793, -0.43326792, -1.62589312, 0.27389234, -29.44618225, -49.52040100, -376.16894531, -37.73750305, 3.91698337, -105.96316528, 95.50828552, 1.31728029, 171.77618408, -0.05669278, 0.04536898, 0.73886645, 0.66992837, 0.44726220, 0.63027149, -0.18093532, 99.97500610, 112.98746490, 32.50000000, 0.00000000
1, 43.5200, 4794, -0.40117398, -1.54289198, 0.21504845, -39.05456924, -41.87462234, -383.29547119, -37.73750305, 3.91698337, -105.96316528, 95.30708313, 3.24438214, 171.74519348, -0.06933215, 0.03415463, 0.73824519, 0.67009002, 0.44879293, 0.54810059, -0.12528153, 99.97500610, 112.98746490, 32.50000000, 0.00000000
1, 43.5250, 4795, -0.36689794, -1.48386157, 0.21701556, -40.15318298, -34.73844910, -389.35067749, -35.07746124, 4.50160789, -106.60625458, 95.10157776, 5.19833136, 171.74551392, -0.08190151, 0.02252406, 0.73740786, 0.67008543, 0.44843704, 0.49094111, -0.13087672, 99.97500610, 112.98746490, 32.50000000, 0.00000000
1, 43.5300, 4796, -0.34822750, -1.46829319, 0.27873743, -33.50417328, -29.12958336, -391.36965942, -35.07746124, 4.50160789, -106.60625458, 94.93168640, 7.15998650, 171.76832581, -0.09431975, 0.01068124, 0.73656934, 0.66966808, 0.46366954, 0.47837508, -0.19594081, 99.97500610, 112.98746490, 32.50000000, 0.00000000
1, 43.5350, 4797, -0.35092980, -1.49845934, 0.37412792, -24.00012970, -26.43928146, -389.74404907, -32.30049515, 1.72464192, -106.48932648, 94.81121063, 9.11259651, 171.79905701, -0.10657280, -0.00115289, 0.73580271, 0.66875660, 0.49996135, 0.51271248, -0.29407310, 99.97500610, 112.98746490, 32.50000000, 0.00000000
1, 43.5400, 4798, -0.31401771, -1.57145452, 0.47825906, -13.81564999, -23.46575928, -385.14083862, -32.30049515, 1.72464192, -106.48932648, 94.75530243, 11.02491570, 171.84266663, -0.11844823, -0.01278976, 0.73520160, 0.66729683, 0.49596024, 0.59101129, -0.39997882, 99.97500610, 112.98746490, 32.50000000, 0.00000000
1, 43.5450, 4799, -0.40966758, -1.70624673, 0.58372974, -7.86995316, -12.95248127, -375.43176270, -32.30049515, 1.72464192, -106.48932648, 94.72999573, 12.90101337, 171.93215942, -0.12979203, -0.02447968, 0.73456782, 0.66555619, 0.62355465, 0.73211527, -0.50694680, 99.97500610, 112.98746490, 32.50000000, 0.00000000
1, 43.5700, 4800, -0.09597512, -1.79551303, 0.28266382, -33.43569946, 87.33039856, -292.62176514, -26.19117165, 3.91698337, -107.07395172, 95.14196014, 20.88782883, 174.10676575, -0.16773096, -0.08482397, 0.73121238, 0.65574372, 0.44610935, 0.86239684, -0.20197612, 99.97500610, 112.98746490, 32.50000000, 0.00000000
1, 43.5750, 4801, -0.01981016, -1.62718582, -0.10564167, -36.50235367, 64.14000702, -267.75772095, -23.38497543, -0.11692487, -106.81087494, 95.12846375, 22.19277763, 174.57658386, -0.17321004, -0.09545518, 0.72956949, 0.65468705, 0.39262715, 0.70308590, 0.18593284, 99.97500610, 112.98746490, 32.50000000, 0.00000000
1, 43.5800, 4802, -0.28725651, -1.41339004, -0.25834465, -18.48041725, 32.16746140, -243.86218262, -23.38497543, -0.11692487, -106.81087494, 95.14511108, 23.39300537, 174.86643982, -0.17907615, -0.10426377, 0.72820491, 0.65328282, 0.68020451, 0.49769008, 0.33768719, 99.97500610, 112.98746490, 32.50000000, 0.00000000
1, 43.5850, 4803, -0.74466729, -1.30139172, -0.01157296, 4.39859104, -4.83586645, -221.97106934, -21.71879578, 3.59543991, -106.95703125, 95.19700623, 24.50069809, 174.94740295, -0.18557827, -0.11113301, 0.72722852, 0.65142065, 1.15507865, 0.39323926, 0.08995971, 99.97500610, 112.98746490, 32.50000000, 0.00000000
1, 43.5900, 4804, -1.15279460, -1.26769173, 0.44105539, 18.59112930, -26.48288727, -200.09410095, -21.71879578, 3.59543991, -106.95703125, 95.28122711, 25.46383095, 174.90792847, -0.19188738, -0.11632904, 0.72664899, 0.64932901, 1.57811117, 0.36625373, -0.36314332, 99.97500610, 112.98746490, 32.50000000, 0.00000000
1, 43.5950, 4805, -1.36981380, -1.21221030, 0.95763290, 15.93359947, -13.17329407, -176.36323547, -21.71879578, 3.59543991, -106.95703125, 95.36602783, 26.34815788, 174.92442322, -0.19738409, -0.12140659, 0.72605896, 0.64740896, 1.80793619, 0.31680232, -0.87940454, 99.97500610, 112.98746490, 32.50000000, 0.00000000
1, 43.6000, 4806, -1.32670426, -0.98582351, 1.26947105, 0.08855070, 22.12913513, -143.35247803, -20.02338409, 4.15083313, -107.10318756, 95.45371246, 27.05156708, 175.12214661, -0.20073536, -0.12656745, 0.72546697, 0.64605242, 1.77578926, 0.09585742, -1.18996644, 99.97500610, 112.98746490, 32.50000000, 0.00000000
1, 43.6050, 4807, -1.19845378, -0.66251016, 0.72448266, -3.98045373, 58.31713867, -105.24774933, -20.02338409, 4.15083313, -107.10318756, 95.60818481, 27.54777718, 175.50488281, -0.20183827, -0.13157582, 0.72526580, 0.64493316, 1.65742350, -0.22201431, -0.64253330, 99.97500610, 112.98746490, 32.50000000, 0.00000000
1, 43.6100, 4808, -1.06757247, -0.41580957, 0.04663518, 6.49856853, 84.12985229, -73.77976227, -19.14644814, 1.43232965, -107.13241577, 95.87871552, 27.87355995, 176.01875305, -0.20129409, -0.13622233, 0.72575015, 0.64359218, 1.53371763, -0.46436438, 0.03959413, 99.97500610, 112.98746490, 32.50000000, 0.00000000
1, 43.6150, 4809, -0.98482001, -0.44874886, -0.32581368, 38.84008408, 109.79898071, 5.21768284, -19.14644814, 1.43232965, -107.13241577, 96.35993195, 27.79051971, 176.63304138, -0.19790718, -0.13880630, 0.72782630, 0.64174330, 1.45239389, -0.42985898, 0.41871965, 99.97500610, 112.98746490, 32.50000000, 0.00000000
1, 43.6400, 4810, -0.84463131, -1.25445926, 0.20800786, 58.80759811, 35.87956238, 166.08909607, -19.90645981, 3.53697753, -105.02777100, 98.27416229, 24.80479240, 177.72209167, -0.17509969, -0.12580763, 0.74127513, 0.63562870, 1.26758623, 0.35747170, -0.08304164, 99.97500610, 112.98746490, 32.50000000, 0.00000000
1, 43.6450, 4811, -0.82993507, -1.42606771, 0.18080935, 54.85088730, 32.17313766, 185.71537781, -19.90645981, 3.53697753, -105.02777100, 98.56197357, 23.86340332, 177.74928284, -0.16920146, -0.12028025, 0.74404860, 0.63505530, 1.23786271, 0.52297962, -0.05040198, 99.97500610, 112.98746490, 32.50000000, 0.00000000
1, 43.6500, 4812, -0.65139461, -1.60957980, 0.01226814, 49.18697739, 35.06268311, 195.42559814, -21.42648315, 2.77696586, -105.29084778, 98.82208252, 22.87164688, 177.77905273, -0.16289671, -0.11455043, 0.74668086, 0.63467366, 1.04402637, 0.70061117, 0.12349664, 99.97500610, 112.98746490, 32.50000000, 0.00000000
1, 43.6550, 4813, -0.28737387, -1.79021454, -0.23962475, 42.09138107, 53.93946075, 194.42358398, -21.42648315, 2.77696586, -105.29084778, 99.08290100, 21.87009239, 177.90534973, -0.15595654, -0.10941748, 0.74918532, 0.63437116, 0.66451359, 0.87567192, 0.38118455, 99.97500610, 112.98746490, 32.50000000, 0.00000000
1, 43.6600, 4814, 0.19426826, -1.86054409, -0.34714991, 28.87470245, 66.40573883, 189.80641174, -22.30341911, 1.28617358, -104.26775360, 99.29923248, 20.88084984, 178.09626770, -0.14866132, -0.10486097, 0.75132746, 0.63435888, 0.16700742, 0.94046092, 0.49452430, 99.97500610, 112.98746490, 32.50000000, 0.00000000
1, 43.6650, 4815, 1.19280231, -1.76527500, -0.25367042, 14.28018570, 46.80617523, 176.76602173, -22.30341911, 1.28617358, -104.26775360, 99.40603638, 19.97106552, 178.19094849, -0.14229108, -0.10027392, 0.75282532, 0.63478547, -0.84707224, 0.83970445, 0.40685186, 99.97500610, 112.98746490, 32.50000000, 0.00000000
1, 43.6700, 4816, 1.63520944, -1.79094326, -0.29888886, 5.48641586, 25.43177795, 156.98463440, -22.30341911, 1.28617358, -104.26775360, 99.43494415, 19.17599487, 178.18907166, -0.13712358, -0.09579120, 0.75381678, 0.63543797, -1.30302870, 0.86072910, 0.45471656, 99.97500610, 112.98746490, 32.50000000, 0.00000000
1, 43.6750, 4817, 2.33083534, -1.85304904, -0.57078928, -17.54836845, 41.54536057, 115.63436890, -23.50189972, 2.28003502, -103.94621277, 99.38645172, 18.57161331, 178.30661011, -0.13247192, -0.09324710, 0.75405878, 0.63651514, -2.00859451, 0.91957295, 0.72828805, 99.97500610, 112.98746490, 32.50000000, 0.00000000
1, 43.6800, 4818, 2.81234431, -1.70973802, -1.03673792, -55.40392303, 88.11505127, 83.01533508, -23.50189972, 2.28003502, -103.94621277, 99.23233032, 18.09063530, 178.69447327, -0.12703647, -0.09328374, 0.75336009, 0.63844222, -2.49732924, 0.77392673, 1.19408059, 99.97500610, 112.98746490, 32.50000000, 0.00000000
1, 43.6850, 4819, 2.86645627, -1.41387796, -1.15990019, -65.77310944, 58.56505966, 75.39750671, -24.64191818, 1.75387311, -104.50160980, 98.97880554, 17.67148972, 178.93618774, -0.12273573, -0.09279938, 0.75215715, 0.64076829, -2.55833840, 0.47535026, 1.31445658, 99.97500610, 112.98746490, 32.50000000, 0.00000000
1, 43.6900, 4820, 2.55423188, -1.21685791, -1.02229953, -53.40061569, -54.96150208, 78.73829651, -24.64191818, 1.75387311, -104.50160980, 98.60215759, 17.33375740, 178.58645630, -0.12218800, -0.08900914, 0.75064445, 0.64318001, -2.25245810, 0.27534652, 1.17107058, 99.97500610, 112.98746490, 32.50000000, 0.00000000
1, 43.6950, 4821, 1.88505077, -1.03484297, -0.88345438, -36.62177277, -164.36065674, 85.87195587, -24.64191818, 1.75387311, -104.50160980, 98.14971924, 17.02661705, 177.67047119, -0.12499987, -0.08176629, 0.74905765, 0.64544713, -1.58877540, 0.09043851, 1.02383757, 99.97500610, 112.98746490, 32.50000000, 0.00000000
1, 43.7000, 4822, 1.13672006, -0.94522119, -0.80048496, -14.55458355, -242.49807739, 97.11853790, -25.40192986, 2.36772871, -105.05699921, 97.69395447, 16.71030235, 176.34619141, -0.13011226, -0.07182505, 0.74763286, 0.64726895, -0.84584236, -0.00195600, 0.93178940, 99.97500610, 112.98746490, 32.50000000, 0.00000000
1, 43.7050, 4823, 0.39668542, -0.96152592, -0.55246699, 6.14546299, -306.29421997, 114.12238312, -25.40192986, 2.36772871, -105.05699921, 97.25373840, 16.34106827, 174.68557739, -0.13686676, -0.05939746, 0.74636006, 0.64860332, -0.11233876, 0.01121694, 0.67480290, 99.97500610, 112.98746490, 32.50000000, 0.00000000
1, 43.7100, 4824, -0.29009888, -0.96882939, -0.22286421, 16.55039406, -352.88766479, 136.36431885, -27.12657166, 2.22157264, -105.20315552, 96.80842590, 15.87747192, 172.77684021, -0.14450140, -0.04485044, 0.74498439, 0.64969689, 0.56629211, 0.01493991, 0.33636642, 99.97500610, 112.98746490, 32.50000000, 0.00000000
1, 43.7150, 4825, -0.90369129, -0.92730105, 0.10278671, 26.39209175, -375.67236328, 162.02014160, -27.12657166, 2.22157264, -105.20315552, 96.39614105, 15.28562355, 170.74418640, -0.15212321, -0.02874855, 0.74357498, 0.65048313, 1.16969740, -0.03057746, 0.00246523, 99.97500610, 112.98746490, 32.50000000, 0.00000000
1, 43.7200, 4826, -1.47779834, -0.98876357, 0.58402580, 47.24537277, -369.89529419, 191.68675232, -27.12657166, 2.22157264, -105.20315552, 96.11727905, 14.53151035, 168.73504639, -0.15869121, -0.01170301, 0.74259025, 0.65056890, 1.73067307, 0.02630815, -0.48527700, 99.97500610, 112.98746490, 32.50000000, 0.00000000
1, 43.7250, 4827, -1.69566274, -1.14973044, 0.78845817, 70.17337036, -329.44592285, 209.81498718, -29.69891739, 2.13387895, -104.41390991, 96.03095245, 13.65968895, 166.93362427, -0.16339326, 0.00494143, 0.74230880, 0.64981228, 1.93378210, 0.18304622, -0.69275832, 99.97500610, 112.98746490, 32.50000000, 0.00000000
1, 43.7300, 4828, -1.65629447, -1.45928311, 1.11454082, 89.30918884, -258.85342407, 223.10162354, -29.69891739, 2.13387895, -104.41390991, 96.15145874, 12.68650150, 165.49209595, -0.16539484, 0.02014256, 0.74287581, 0.64836282, 1.87731123, 0.48837864, -1.01717854, 99.97500610, 112.98746490, 32.50000000, 0.00000000
1, 43.7550, 4829, -0.37530881, -1.03536248, 0.87457252, 51.66417694, -163.91166687, 169.05929565, -34.90207672, 2.45542240, -103.18620300, 96.66852570, 8.33764076, 160.46380615, -0.16600847, 0.07878157, 0.74245679, 0.64419919, 0.52130699, 0.05160028, -0.76289284, 99.97500610, 112.98746490, 32.50000000, 0.00000000
1, 43.7600, 4830, -0.33394486, -0.75080323, 0.66223532, 53.62747574, -171.31851196, 164.86180115, -36.97749329, -0.26308095, -101.95848846, 96.80612946, 7.61860037, 159.50845337, -0.16671617, 0.08932174, 0.74212760, 0.64301944, 0.46796709, -0.23412436, -0.54750425, 99.97500610, 112.98746490, 32.50000000, 0.00000000
1, 43.7650, 4831, -0.50092697, -0.62031198, 0.42135257, 60.38742447, -155.04046631, 159.52035522, -36.97749329, -0.26308095, -101.95848846, 96.99973297, 6.91917658, 158.63729858, -0.16700350, 0.09927078, 0.74204689, 0.64157742, 0.62333935, -0.36543864, -0.30359128, 99.97500610, 112.98746490, 32.50000000, 0.00000000
1, 43.7700, 4832, -0.67596060, -0.63268459, 0.18301299, 64.21128845, -109.48236847, 146.39648438, -36.97749329, -0.26308095, -101.95848846, 97.24932861, 6.26040649, 158.00032043, -0.16615564, 0.10753658, 0.74239689, 0.64005876, 0.78735662, -0.35353279, -0.06144113, 99.97500610, 112.98746490, 32.50000000, 0.00000000
1, 43.7750, 4833, -0.84423810, -0.64453769, 0.22628072, 56.04126740, -63.48551559, 132.45431519, -38.35136032, 2.74773455, -101.75387573, 97.48952484, 5.64433098, 157.59948730, -0.16423862, 0.11399923, 0.74287307, 0.63888150, 0.94464731, -0.34236020, -0.10074182, 99.97500610, 112.98746490, 32.50000000, 0.00000000
1, 43.7800, 4834, -0.98126012, -0.59944892, 0.44060153, 40.56172943, -48.28013611, 118.78260040, -38.35136032, 2.74773455, -101.75387573, 97.66406250, 5.08741999, 157.28146362, -0.16228063, 0.11947994, 0.74306387, 0.63815808, 1.07125401, -0.38831869, -0.31196648, 99.97500610, 112.98746490, 32.50000000, 0.00000000
1, 43.7850, 4835, -1.24023294, -0.48249221, 0.78340352, 30.39911461, -40.06481171, 106.55909729, -39.16983414, 2.74773455, -101.22770691, 97.79457092, 4.58633804, 157.01121521, -0.16044518, 0.12426078, 0.74306977, 0.63770205, 1.32037020, -0.50628233, -0.65266085, 99.97500610, 112.98746490, 32.50000000, 0.00000000
1, 43.7900, 4836, -1.40858209, -0.45645478, 0.92394745, 30.23360443, -8.59340477, 94.06161499, -39.16983414, 2.74773455, -101.22770691, 97.97382355, 4.06674194, 156.90916443, -0.15749006, 0.12811325, 0.74348664, 0.63719034, 1.47968018, -0.53285068, -0.79080594, 99.97500610, 112.98746490, 32.50000000, 0.00000000
1, 43.7950, 4837, -1.46434522, -0.57474363, 0.82909024, 32.72703171, 35.52694702, 82.32250977, -39.72522736, 2.80619693, -101.08155060, 98.14639282, 3.63486028, 157.02838135, -0.15386271, 0.13001300, 0.74418092, 0.63688123, 1.52753246, -0.41452217, -0.69302964, 99.97500610, 112.98746490, 32.50000000, 0.00000000
1, 43.8000, 4838, -1.40456581, -0.76826477, 0.54981995, 31.94212341, 60.59547424, 75.18347931, -39.72522736, 2.80619693, -101.08155060, 98.32178497, 3.22021770, 157.27557373, -0.14962308, 0.13097559, 0.74504834, 0.63667995, 1.46115613, -0.22055204, -0.41082799, 99.97500610, 112.98746490, 32.50000000, 0.00000000
1, 43.8150, 4839, -0.84340185, -1.24227262, -0.09238776, 38.76747513, 75.75469208, 62.73397446, -40.86524200, 2.71850324, -100.64308929, 98.87886047, 2.07802272, 158.07479858, -0.13716193, 0.13287503, 0.74797469, 0.63566089, 0.88148254, 0.25497147, 0.24156496, 99.97500610, 112.98746490, 32.50000000, 0.00000000
1, 43.8200, 4840, -0.47934759, -1.37390172, -0.17048742, 42.49767685, 95.99558258, 59.55857086, -40.95293808, 2.98158431, -100.40923309, 99.10622406, 1.71009135, 158.50325012, -0.13213205, 0.13239831, 0.74937832, 0.63517243, 0.51121157, 0.38711455, 0.32423839, 99.97500610, 112.98746490, 32.50000000, 0.00000000
1, 43.8250, 4841, -0.12153068, -1.45996356, -0.21364629, 45.11995697, 99.36705017, 57.88799667, -40.95293808, 2.98158431, -100.40923309, 99.34440613, 1.34602737, 158.94810486, -0.12701979, 0.13178459, 0.75086248, 0.63458997, 0.14712618, 0.47372347, 0.37223065, 99.97500610, 112.98746490, 32.50000000, 0.00000000
1, 43.8300, 4842, 0.17840035, -1.53098154, -0.03969549, 45.73060608, 95.45227814, 55.75388336, -40.95293808, 2.98158431, -100.40923309, 99.58242035, 0.99384516, 159.37380981, -0.12208784, 0.13120921, 0.75233275, 0.63393557, -0.15944374, 0.54500473, 0.20305745, 99.97500610, 112.98746490, 32.50000000, 0.00000000
1, 43.8350, 4843, 0.37537494, -1.54683483, 0.19916701, 41.21889114, 93.73712158, 50.09197998, -41.44986725, 2.89389062, -100.90616608, 99.79525757, 0.66926390, 159.79429626, -0.11739136, 0.13046877, 0.75368148, 0.63337302, -0.36277676, 0.56101298, -0.03156850, 99.97500610, 112.98746490, 32.50000000, 0.00000000
1, 43.8400, 4844, 0.62368071, -1.40471804, 0.33729470, 16.53539276, 74.81147003, 44.59210587, -41.44986725, 2.89389062, -100.90616608, 99.88861084, 0.43437868, 160.12484741, -0.11391506, 0.12968889, 0.75435054, 0.63337153, -0.61616242, 0.41899312, -0.16667107, 99.97500610, 112.98746490, 32.50000000, 0.00000000
1, 43.8450, 4845, 0.69627380, -1.20092964, 0.25841528, 7.57461739, 42.20756531, 44.31462479, -41.53756332, 2.89389062, -100.61385345, 99.92799377, 0.18017304, 160.29504395, -0.11125727, 0.13001391, 0.75452036, 0.63357508, -0.69268990, 0.21546370, -0.08638543, 99.97500610, 112.98746490, 32.50000000, 0.00000000
1, 43.8500, 4846, 0.61020732, -0.98224735, 0.12853754, 6.14686298, 5.25126791, 48.14892197, -41.53756332, 2.89389062, -100.61385345, 99.95937347, -0.06143332, 160.27973938, -0.10971553, 0.13148105, 0.75444502, 0.63363075, -0.61055052, -0.00292112, 0.04416946, 99.97500610, 112.98746490, 32.50000000, 0.00000000
1, 43.8550, 4847, 0.44985157, -0.83730555, 0.08273212, 12.78376102, -24.67513084, 53.69557190, -41.53756332, 2.89389062, -100.61385345, 100.02453613, -0.30455106, 160.11210632, -0.10896550, 0.13399000, 0.75437403, 0.63331920, -0.45430607, -0.14761391, 0.09074962, 99.97500610, 112.98746490, 32.50000000, 0.00000000
1, 43.8600, 4848, 0.26748377, -0.82309890, 0.12303909, 21.62480545, -42.86651230, 58.72272110, -42.15141678, 3.12774038, -100.26307678, 100.13536835, -0.55628681, 159.85014343, -0.10862222, 0.13720812, 0.75442481, 0.63262826, -0.27639407, -0.16155413, 0.05172591, 99.97500610, 112.98746490, 32.50000000, 0.00000000
1, 43.8800, 4849, -0.34387544, -0.98182535, 0.23508202, 19.99444962, -59.26194382, 53.30517578, -41.82987213, 2.42619109, -99.88307190, 100.62457275, -1.48485434, 158.51176453, -0.10924426, 0.15157728, 0.75443989, 0.62921417, 0.31826475, -0.00119599, -0.05369128, 99.97500610, 112.98746490, 32.50000000, 0.00000000
1, 43.8850, 4850, -0.48901725, -1.01424170, 0.27185237, 18.76110649, -49.44832993, 48.85779190, -43.11604691, 2.77696586, -99.53230286, 100.72694397, -1.67935252, 158.22380066, -0.10940172, 0.15463141, 0.75439590, 0.62849599, 0.45986500, 0.03158717, -0.08910409, 99.97500610, 112.98746490, 32.50000000, 0.00000000
1, 43.8900, 4851, -0.62778020, -1.04962647, 0.32324347, 17.56584740, -39.68588638, 45.10974884, -43.11604691, 2.77696586, -99.53230286, 100.84585571, -1.97486210, 157.98840332, -0.10857455, 0.15790208, 0.75438350, 0.62784076, 0.59428132, 0.06736832, -0.13906632, 99.97500610, 112.98746490, 32.50000000, 0.00000000
1, 43.8950, 4852, -0.68064505, -1.05613792, 0.37947908, 14.74058437, -16.67026711, 37.14157486, -43.78836441, 3.74159598, -99.64922333, 100.92421722, -2.14149714, 157.87170410, -0.10800169, 0.15964933, 0.75445408, 0.62741292, 0.64304912, 0.07423303, -0.19384292, 99.97500610, 112.98746490, 32.50000000, 0.00000000
1, 43.9000, 4853, -0.67167830, -1.05208600, 0.40625808, 14.02779198, -2.59428906, 33.80566788, -43.78836441, 3.74159598, -99.64922333, 100.99649811, -2.30488467, 157.82710266, -0.10706218, 0.16089702, 0.75459212, 0.62708908, 0.63115633, 0.07048713, -0.21935597, 99.97500610, 112.98746490, 32.50000000, 0.00000000
1, 43.9050, 4854, -0.60040027, -1.04759693, 0.43229353, 13.83326530, 12.80333710, 30.74004364, -43.78836441, 3.74159598, -99.64922333, 101.06461334, -2.46777916, 157.86085510, -0.10570154, 0.16162039, 0.75481623, 0.62686408, 0.55696970, 0.06629990, -0.24404630, 99.97500610, 112.98746490, 32.50000000, 0.00000000
1, 43.9100, 4855, -0.49597695, -1.04595184, 0.46958366, 13.29996204, 26.74166298, 27.39858055, -43.72990417, 3.65390229, -99.67845917, 101.12677002, -2.62761354, 157.96611023, -0.10397756, 0.16184898, 0.75511158, 0.62673777, 0.44965297, 0.06492865, -0.28000295, 99.97500610, 112.98746490, 32.50000000, 0.00000000
1, 43.9150, 4856, -0.41512448, -1.04598808, 0.51311433, 11.77292061, 37.66473389, 24.52367783, -43.72990417, 3.65390229, -99.67845917, 101.17830658, -2.78393102, 158.12762451, -0.10198337, 0.16167621, 0.75543207, 0.62672377, 0.36595184, 0.06520210, -0.32242537, 99.97500610, 112.98746490, 32.50000000, 0.00000000
1, 43.9200, 4857, -0.36683947, -1.03600192, 0.53556818, 9.30851269, 46.82379913, 22.24960136, -43.55451584, -0.05846244, -99.32768250, 101.21469879, -2.93807173, 158.33622742, -0.09976674, 0.16116615, 0.75573832, 0.62684262, 0.31491709, 0.05544586, -0.34407821, 99.97500610, 112.98746490, 32.50000000, 0.00000000
1, 43.9250, 4858, -0.32893115, -1.02205896, 0.52630365, 7.45306587, 55.60701752, 19.88871193, -43.55451584, -0.05846244, -99.32768250, 101.23884583, -3.08923936, 158.59019470, -0.09733794, 0.16032867, 0.75604403, 0.62707061, 0.27438098, 0.04174430, -0.33426476, 99.97500610, 112.98746490, 32.50000000, 0.00000000
1, 43.9650, 4859, 0.06383096, -0.96727204, 0.19526972, 6.65738630, 61.40297699, 14.63895416, -44.16837311, 3.82928967, -100.08769226, 101.38719177, -4.24837637, 161.15348816, -0.07535119, 0.14976273, 0.75895894, 0.62918568, -0.13782801, -0.01072228, 0.00015956, 99.97500610, 112.98746490, 32.50000000, 0.00000000
1, 43.9700, 4860, 0.05971579, -0.96131933, 0.16909806, 5.70737982, 57.75646973, 15.30022526, -43.78836441, 3.56620860, -100.76000977, 101.39569855, -4.37989521, 161.42247009, -0.07298287, 0.14869785, 0.75920486, 0.62942082, -0.13593590, -0.01643213, 0.02645563, 99.97500610, 112.98746490, 32.50000000, 0.00000000
1, 43.9750, 4861, 0.05950185, -0.96019387, 0.15545318, 5.58076715, 53.79063034, 16.50424004, -43.78836441, 3.56620860, -100.76000977, 101.40453339, -4.51347256, 161.67077637, -0.07071297, 0.14778061, 0.75942183, 0.62963414, -0.13799998, -0.01733069, 0.04021353, 99.97500610, 112.98746490, 32.50000000, 0.00000000
1, 43.9800, 4862, 0.05210180, -0.96546578, 0.16636823, 5.48197222, 50.51627731, 17.93469810, -43.78836441, 3.56620860, -100.76000977, 101.41372681, -4.65088892, 161.90161133, -0.06851220, 0.14699966, 0.75961256, 0.62983024, -0.13300200, -0.01186028, 0.02938861, 99.97500610, 112.98746490, 32.50000000, 0.00000000
1, 43.9850, 4863, 0.02444360, -0.98324835, 0.18536383, 5.68251467, 48.92060089, 19.19104004, -44.34375763, 3.88775206, -101.05232239, 101.42412567, -4.79294348, 162.12338257, -0.06632797, 0.14630410, 0.75979179, 0.63000965, -0.10783872, 0.00612265, 0.01042780, 99.97500610, 112.98746490, 32.50000000, 0.00000000
1, 43.9900, 4864, -0.02209882, -1.01007950, 0.20576118, 5.79445171, 48.81690216, 20.65933800, -44.34375763, 3.88775206, -101.05232239, 101.43669891, -4.91970110, 162.34266663, -0.06425643, 0.14554282, 0.75999629, 0.63015401, -0.06371228, 0.03315620, -0.00996902, 99.97500610, 112.98746490, 32.50000000, 0.00000000
1, 43.9950, 4865, -0.08049466, -1.02733696, 0.21490616, 5.71077585, 50.11231232, 21.81294823, -44.16837311, 3.27389646, -100.55538940, 101.44592285, -5.07585716, 162.56774902, -0.06195958, 0.14489980, 0.76015538, 0.63034040, -0.00783351, 0.05064750, -0.01915031, 99.97500610, 112.98746490, 32.50000000, 0.00000000
1, 44.0000, 4866, -0.13275784, -1.03092217, 0.23420329, 5.40398502, 52.14431763, 22.67148781, -44.16837311, 3.27389646, -100.55538940, 101.45217133, -5.23826790, 162.80201721, -0.05957323, 0.14422759, 0.76030153, 0.63054824, 0.04158467, 0.05447103, -0.03851300, 99.97500610, 112.98746490, 32.50000000, 0.00000000
1, 44.0050, 4867, -0.15319447, -1.02134132, 0.24108176, 4.67741966, 56.38331223, 22.85187721, -44.16837311, 3.27389646, -100.55538940, 101.45217133, -5.40576029, 163.05700684, -0.05704568, 0.14344183, 0.76043248, 0.63080329, 0.05912625, 0.04514873, -0.04543330, 99.97500610, 112.98746490, 32.50000000, 0.00000000
1, 44.0100, 4868, -0.15107255, -0.99637890, 0.24521385, 3.90740776, 64.14717102, 22.73126602, -43.81759644, 3.77082729, -100.00000000, 101.44389343, -5.58029127, 163.35044861, -0.05426848, 0.14243488, 0.76055634, 0.63112700, 0.05397940, 0.02043572, -0.04970381, 99.97500610, 112.98746490, 32.50000000, 0.00000000
1, 44.0200, 4869, -0.07256477, -0.95549488, 0.22820891, 5.65220737, 72.92711639, 23.26885033, -43.84682846, 3.65390229, -100.70154572, 101.43032074, -5.94501066, 164.00326538, -0.04823795, 0.14006963, 0.76087797, 0.63175809, -0.03076763, -0.01985316, -0.03280515, 99.97500610, 112.98746490, 32.50000000, 0.00000000
1, 44.0250, 4870, -0.01746453, -0.94297898, 0.23732626, 6.41541243, 77.65088654, 24.10782814, -43.84682846, 3.65390229, -100.70154572, 101.42491150, -6.13941526, 164.36228943, -0.04495821, 0.13873635, 0.76106876, 0.63206440, -0.08922328, -0.03205937, -0.04192551, 99.97500610, 112.98746490, 32.50000000, 0.00000000
1, 44.0300, 4871, 0.04816377, -0.94005477, 0.23820046, 6.91735363, 80.45597839, 24.97449875, -43.84682846, 3.65390229, -100.70154572, 101.41936493, -6.34078979, 164.73440552, -0.04155791, 0.13735354, 0.76126373, 0.63236427, -0.15832111, -0.03463526, -0.04279996, 99.97500610, 112.98746490, 32.50000000, 0.00000000
1, 44.0350, 4872, 0.10115103, -0.92855000, 0.22586133, 6.97229147, 79.07455444, 25.95738411, -44.13914108, 3.82928967, -101.22770691, 101.41364288, -6.54558086, 165.09893799, -0.03817534, 0.13603960, 0.76144165, 0.63264722, -0.21482033, -0.04575060, -0.03048711, 99.97500610, 112.98746490, 32.50000000, 0.00000000
1, 44.0400, 4873, 0.13987036, -0.91326725, 0.20210229, 6.87517071, 75.62950134, 27.24354172, -44.13914108, 3.82928967, -101.22770691, 101.41318512, -6.67055655, 165.44322205, -0.03543404, 0.13442892, 0.76170880, 0.63282943, -0.25634933, -0.06068011, -0.00672036, 99.97500610, 112.98746490, 32.50000000, 0.00000000
1, 44.0450, 4874, 0.16161260, -0.90065742, 0.18818718, 6.24073458, 72.49379730, 28.50885773, -44.13914108, 4.35545158, -101.37386322, 101.40583801, -6.88138056, 165.77299500, -0.03220238, 0.13337800, 0.76182443, 0.63308531, -0.28098130, -0.07294323, 0.00712487, 99.97500610, 112.98746490, 32.50000000, 0.00000000
1, 44.0500, 4875, 0.17729546, -0.88916636, 0.18496123, 6.05797005, 67.40092468, 30.21250725, -44.13914108, 4.35545158, -101.37386322, 101.39963531, -7.09551382, 166.07611084, -0.02909331, 0.13252272, 0.76190960, 0.63331288, -0.30035016, -0.08401123, 0.01020680, 99.97500610, 112.98746490, 32.50000000, 0.00000000
1, 44.0550, 4876, 0.17568858, -0.88979566, 0.16794515, 5.96821642, 60.65517044, 32.61167145, -44.13914108, 4.35545158, -101.37386322, 101.39632416, -7.31478262, 166.34365845, -0.02614196, 0.13193257, 0.76196247, 0.63350123, -0.30247170, -0.08290403, 0.02705565, 99.97500610, 112.98746490, 32.50000000, 0.00000000
1, 44.0600, 4877, 0.15926717, -0.89632964, 0.15966918, 5.57994413, 55.30900192, 36.09955597, -44.54837799, 4.56007004, -101.28617096, 101.39392090, -7.54590845, 166.58148193, -0.02327342, 0.13160473, 0.76197189, 0.63366979, -0.28998792, -0.07586274, 0.03513740, 99.97500610, 112.98746490, 32.50000000, 0.00000000
1, 44.0650, 4878, 0.11795724, -0.91758406, 0.14116064, 5.61764193, 44.08665466, 39.30175781, -44.54837799, 4.56007004, -101.28617096, 101.39860535, -7.78173304, 166.76075745, -0.02068838, 0.13169314, 0.76194710, 0.63377088, -0.25268480, -0.05403912, 0.05344323, 99.97500610, 112.98746490, 32.50000000, 0.00000000
1, 44.1150, 4879, -0.30288100, -1.02840352, 0.25346324, 4.64641428, 34.40826416, 44.58662796, -45.24992752, 4.53083897, -102.36772919, 101.46462250, -10.29624176, 167.81379700, 0.00216410, 0.13831924, 0.76068950, 0.63420391, 0.12459207, 0.06352809, -0.06030539, 99.97500610, 112.98746490, 32.50000000, 0.00000000
1, 44.1200, 4880, -0.29353184, -1.01294303, 0.25659361, 4.00810575, 40.02243423, 44.09762955, -46.06840134, 4.32622051, -101.52001953, 101.45710754, -10.55179501, 167.96910095, 0.00473791, 0.13867001, 0.76053149, 0.63430297, 0.11086317, 0.04882838, -0.06363323, 99.97500610, 112.98746490, 32.50000000, 0.00000000
1, 44.1250, 4881, -0.28611699, -1.00748527, 0.27010214, 4.64422703, 43.23920059, 43.81568146, -46.06840134, 4.32622051, -101.52001953, 101.44902802, -10.80910587, 168.14091492, 0.00741428, 0.13892105, 0.76038659, 0.63439590, 0.09900743, 0.04413075, -0.07741178, 99.97500610, 112.98746490, 32.50000000, 0.00000000
1, 44.1300, 4882, -0.27819228, -1.00442231, 0.31429917, 4.73141050, 47.67620468, 43.28938675, -45.24992752, 5.08623219, -102.25080109, 101.43628693, -11.06816864, 168.33558655, 0.01022351, 0.13903056, 0.76024026, 0.63450831, 0.08654010, 0.04179128, -0.12194440, 99.97500610, 112.98746490, 32.50000000, 0.00000000
1, 44.1350, 4883, -0.25850627, -1.00178015, 0.35352862, 4.73249722, 53.30191422, 42.54716110, -45.24992752, 5.08623219, -102.25080109, 101.41700745, -11.32907009, 168.55937195, 0.01319842, 0.13895822, 0.76008952, 0.63464993, 0.06229913, 0.03988451, -0.16159156, 99.97500610, 112.98746490, 32.50000000, 0.00000000
1, 44.1400, 4884, -0.23803681, -1.00866330, 0.38011387, 5.14369297, 60.29146576, 41.72706604, -45.24992752, 5.08623219, -102.25080109, 101.43981934, -11.59557629, 168.81109619, 0.01641689, 0.13872585, 0.76019746, 0.63449621, 0.03724148, 0.04762010, -0.18830615, 99.97500610, 112.98746490, 32.50000000, 0.00000000
1, 44.1450, 4885, -0.21027493, -1.01494658, 0.36592630, 4.56509829, 66.81547546, 41.08373260, -46.24378967, 5.34931278, -101.92926025, 101.40352631, -11.86255836, 169.10444641, 0.01979762, 0.13822874, 0.76002640, 0.63471317, 0.00493614, 0.05482006, -0.17440906, 99.97500610, 112.98746490, 32.50000000, 0.00000000
1, 44.1500, 4886, -0.19172728, -1.02963281, 0.31400079, 4.55783892, 70.17828369, 40.28767395, -46.24378967, 5.34931278, -101.92926025, 101.36207581, -12.12872219, 169.41593933, 0.02326727, 0.13761023, 0.75984776, 0.63494372, -0.01803255, 0.07039715, -0.12332963, 99.97500610, 112.98746490, 32.50000000, 0.00000000
1, 44.1550, 4887, -0.14801854, -1.05052519, 0.29278922, 4.60666752, 72.02461243, 40.29601288, -46.33148193, 3.30312777, -101.92926025, 101.31736755, -12.39651203, 169.73719788, 0.02679829, 0.13693902, 0.75965875, 0.63517570, -0.06624498, 0.09214236, -0.10297204, 99.97500610, 112.98746490, 32.50000000, 0.00000000
1, 44.1600, 4888, -0.10896312, -1.06899679, 0.29211241, 3.83064818, 74.54817200, 40.82171249, -46.33148193, 3.30312777, -101.92926025, 101.26454926, -12.66907024, 170.07116699, 0.03042248, 0.13621433, 0.75943208, 0.63543928, -0.10992163, 0.11145031, -0.10326393, 99.97500610, 112.98746490, 32.50000000, 0.00000000
1, 44.1750, 4889, 0.04154657, -1.05270541, 0.18958141, -2.46850467, 72.76570892, 44.64505005, -46.41917419, 5.49546909, -103.01081085, 101.03399658, -13.50836086, 171.07295227, 0.04135600, 0.13420473, 0.75831205, 0.63658589, -0.27437341, 0.09781268, -0.00468988, 99.97500610, 112.98746490, 32.50000000, 0.00000000
1, 44.1800, 4890, 0.13005444, -1.06163323, 0.18060829, -2.60860467, 70.29224396, 47.53226471, -46.65302658, 5.52470016, -102.98158264, 100.94860840, -13.80821133, 171.38188171, 0.04498673, 0.13382284, 0.75783312, 0.63699043, -0.36789301, 0.10767284, 0.00283571, 99.97500610, 112.98746490, 32.50000000, 0.00000000
1, 44.1850, 4891, 0.19881622, -1.07202017, 0.14597575, -3.90981150, 66.95375061, 51.21983337, -46.65302658, 5.52470016, -102.98158264, 100.85987854, -14.12260151, 171.67120361, 0.04860186, 0.13365649, 0.75729281, 0.63740212, -0.44183558, 0.11911070, 0.03590123, 99.97500610, 112.98746490, 32.50000000, 0.00000000
1, 44.1900, 4892, 0.22786656, -1.08274782, 0.11298606, -4.77317238, 62.61793518, 54.52754211, -46.65302658, 5.52470016, -102.98158264, 100.74855804, -14.33357048, 171.93830872, 0.05137310, 0.13308944, 0.75672573, 0.63797665, -0.47530279, 0.13069178, 0.06707980, 99.97500610, 112.98746490, 32.50000000, 0.00000000
1, 44.1950, 4893, 0.24505956, -1.08544040, 0.09653532, -6.35805321, 59.01844406, 57.37125778, -46.68225479, 5.90470600, -103.39082336, 100.65615845, -14.66992283, 172.18333435, 0.05488326, 0.13334863, 0.75608277, 0.63839239, -0.49712044, 0.13426970, 0.08163779, 99.97500610, 112.98746490, 32.50000000, 0.00000000
1, 44.2000, 4894, 0.27534413, -1.06954670, 0.05428861, -6.83451939, 54.97208786, 60.36545944, -46.68225479, 5.90470600, -103.39082336, 100.56571960, -15.01693916, 172.40589905, 0.05834031, 0.13381885, 0.75540906, 0.63878489, -0.53311372, 0.11966452, 0.12217880, 99.97500610, 112.98746490, 32.50000000, 0.00000000
1, 44.2050, 4895, 0.29651368, -1.04974115, -0.02223292, -5.30718756, 47.09999847, 63.83887100, -47.12072372, 6.46009922, -103.30312347, 100.49279785, -15.37356758, 172.58598328, 0.06164338, 0.13461743, 0.75476861, 0.63906389, -0.56005996, 0.10132720, 0.19719866, 99.97500610, 112.98746490, 32.50000000, 0.00000000
1, 44.2100, 4896, 0.28964511, -1.04556930, -0.08815876, -3.41710043, 38.85963440, 68.28033447, -47.12072372, 6.46009922, -103.30312347, 100.44046783, -15.74441433, 172.72056580, 0.06480984, 0.13578549, 0.75416815, 0.63921243, -0.55919993, 0.09876804, 0.26185805, 99.97500610, 112.98746490, 32.50000000, 0.00000000
1, 44.2150, 4897, 0.28041643, -1.05197930, -0.11310045, -2.93806481, 35.58322525, 72.92818451, -47.12072372, 6.46009922, -103.30312347, 100.39537048, -16.13506889, 172.83464050, 0.06800053, 0.13719477, 0.75355381, 0.63930446, -0.55638015, 0.10688522, 0.28567368, 99.97500610, 112.98746490, 32.50000000, 0.00000000
1, 44.2200, 4898, 0.28932106, -1.06870627, -0.11370404, -2.73766828, 31.84844208, 77.70887756, -47.76381302, 5.81701231, -103.65390015, 100.35707092, -16.54583359, 172.92562866, 0.07120268, 0.13886300, 0.75291818, 0.63934469, -0.57208586, 0.12543936, 0.28524432, 99.97500610, 112.98746490, 32.50000000, 0.00000000
1, 44.2400, 4899, 0.23976345, -1.12983286, 0.06566508, -5.51163960, 4.84964180, 101.70729065, -47.88073730, 6.95702982, -104.26775360, 100.25441742, -18.29575157, 172.85481262, 0.08233726, 0.14893916, 0.74988472, 0.63930488, -0.55283105, 0.19515234, 0.10239726, 99.97500610, 112.98746490, 32.50000000, 0.00000000
1, 44.2450, 4900, 0.21944146, -1.12122607, 0.14390065, -4.55534840, 3.25266647, 106.21382904, -49.07921600, 4.94007587, -103.77082825, 100.25906372, -18.82141113, 172.77285767, 0.08538363, 0.15233280, 0.74905437, 0.63907897, -0.54022872, 0.18885653, 0.02348423, 99.97500610, 112.98746490, 32.50000000, 0.00000000
1, 44.2500, 4901, 0.20741832, -1.11462235, 0.18136922, -2.32644057, 2.26301074, 110.54340363, -49.07921600, 4.94007587, -103.77082825, 100.27873230, -19.36746407, 172.68130493, 0.08853143, 0.15588352, 0.74824446, 0.63874310, -0.53722870, 0.18525666, -0.01429393, 99.97500610, 112.98746490, 32.50000000, 0.00000000
1, 44.2550, 4902, 0.20907749, -1.12056565, 0.18154979, -0.08029114, 2.74148321, 114.66236115, -50.01461411, 7.36626720, -104.29698944, 100.31120300, -19.93413734, 172.58782959, 0.09182296, 0.15954241, 0.74744970, 0.63830537, -0.54812360, 0.19450587, -0.01458922, 99.97500610, 112.98746490, 32.50000000, 0.00000000
1, 44.2600, 4903, 0.20900962, -1.13699436, 0.18468723, 3.43418455, 4.20767117, 118.71862793, -50.01461411, 7.36626720, -104.29698944, 100.36109924, -20.52196884, 172.49743652, 0.09529729, 0.16327396, 0.74669951, 0.63773030, -0.55761373, 0.21449718, -0.01765225, 99.97500610, 112.98746490, 32.50000000, 0.00000000
1, 44.2650, 4904, 0.21361341, -1.16741800, 0.20763908, 6.19035339, 3.61817503, 122.52523041, -50.01461411, 7.36626720, -104.29698944, 100.42847443, -21.12787247, 172.39930725, 0.09887545, 0.16712947, 0.74598098, 0.63702732, -0.57209897, 0.24871607, -0.04029448, 99.97500610, 112.98746490, 32.50000000, 0.00000000
1, 44.2700, 4905, 0.23634370, -1.19688177, 0.22660170, 7.46178675, 2.37797642, 126.79090881, -50.92078400, 7.86319780, -103.71236420, 100.50760651, -21.75351334, 172.28924561, 0.10253839, 0.17114772, 0.74525017, 0.63623631, -0.60496402, 0.28224021, -0.05873474, 99.97500610, 112.98746490, 32.50000000, 0.00000000
1, 44.2750, 4906, 0.25503999, -1.22971046, 0.22260964, 8.08189106, 2.10255551, 131.26310730, -50.92078400, 7.86319780, -103.71236420, 100.59375000, -22.40073013, 172.17187500, 0.10631812, 0.17531051, 0.74448085, 0.63538259, -0.63404560, 0.31943667, -0.05417326, 99.97500610, 112.98746490, 32.50000000, 0.00000000
1, 44.2800, 4907, 0.27956399, -1.27726054, 0.25846010, 9.27959442, 1.35466206, 136.76828003, -51.41771317, 5.99239969, -104.29698944, 100.69152069, -23.07413292, 172.04338074, 0.11023210, 0.17966081, 0.74368101, 0.63443643, -0.66938329, 0.37159014, -0.08936667, 99.97500610, 112.98746490, 32.50000000, 0.00000000
1, 44.2850, 4908, 0.28528547, -1.31685185, 0.26427853, 9.83422661, 0.59295100, 141.15965271, -51.41771317, 5.99239969, -104.29698944, 100.79769135, -23.76819992, 171.90441895, 0.11424349, 0.18416524, 0.74283850, 0.63342142, -0.68616855, 0.41614699, -0.09447447, 99.97500610, 112.98746490, 32.50000000, 0.00000000
1, 44.3050, 4909, 0.27557981, -1.44146645, 0.18937267, 11.11328506, 4.29748154, 157.18041992, -53.55159378, 9.23706532, -103.09851074, 101.26585388, -26.67835617, 171.30024719, 0.13104056, 0.20297332, 0.73897457, 0.62892514, -0.72199130, 0.56324923, -0.01665800, 99.97500610, 112.98746490, 32.50000000, 0.00000000
1, 44.3100, 4910, 0.27691439, -1.47682834, 0.15993507, 11.47949028, 7.11252737, 160.50271606, -53.55159378, 9.23706532, -103.09851074, 101.38729858, -27.47227097, 171.16389465, 0.13578364, 0.20787182, 0.73781902, 0.62767452, -0.73553860, 0.60513663, 0.01336115, 99.97500610, 112.98746490, 32.50000000, 0.00000000
1, 44.3150, 4911, 0.28315243, -1.50067472, 0.14376976, 12.79897976, 10.46326256, 163.61531067, -53.55159378, 9.23706532, -103.09851074, 101.51136780, -28.28447533, 171.03974915, 0.14072500, 0.21275997, 0.73661441, 0.62636161, -0.75422239, 0.63580620, 0.03007473, 99.97500610, 112.98746490, 32.50000000, 0.00000000
1, 44.3200, 4912, 0.29272330, -1.53585577, 0.14249481, 14.08454704, 16.44467926, 165.94981384, -54.89622879, 10.69862556, -103.62467194, 101.63007355, -29.11382484, 170.94342041, 0.14592676, 0.21754023, 0.73534822, 0.62501580, -0.77644372, 0.67808914, 0.03175399, 99.97500610, 112.98746490, 32.50000000, 0.00000000
1, 44.3250, 4913, 0.30204025, -1.57172406, 0.15906645, 15.31968212, 23.64575577, 168.24391174, -54.89622879, 10.69862556, -103.62467194, 101.73886108, -29.96145058, 170.88233948, 0.15142563, 0.22217730, 0.73400837, 0.62365007, -0.79863191, 0.72133374, 0.01535879, 99.97500610, 112.98746490, 32.50000000, 0.00000000
1, 44.3300, 4914, 0.29197687, -1.60894144, 0.18253961, 15.60788918, 32.62135696, 170.27687073, -55.36392975, 11.37094402, -103.94621277, 101.82642365, -30.82802773, 170.86758423, 0.15726124, 0.22662020, 0.73255593, 0.62231344, -0.80162609, 0.76620013, -0.00836532, 99.97500610, 112.98746490, 32.50000000, 0.00000000
1, 44.3350, 4915, 0.20746185, -1.68413091, 0.22743574, 17.03690720, 44.44921494, 172.88909912, -55.36392975, 11.37094402, -103.94621277, 101.88855743, -31.71942329, 170.91600037, 0.16355020, 0.23080128, 0.73099214, 0.62099332, -0.73045075, 0.84932303, -0.05421805, 99.97500610, 112.98746490, 32.50000000, 0.00000000
1, 44.3400, 4916, 0.11552681, -1.73749363, 0.24678914, 18.81599617, 56.57623291, 174.76791382, -55.36392975, 11.37094402, -103.94621277, 101.91859436, -32.59799957, 171.03334045, 0.17005530, 0.23450686, 0.72938377, 0.61974764, -0.65177798, 0.91082799, -0.07504374, 99.97500610, 112.98746490, 32.50000000, 0.00000000
1, 44.3700, 4917, 0.45964345, -1.74002516, 0.18971780, 2.51893258, 176.21089172, 141.72315979, -58.52090073, 15.11254025, -105.26161957, 100.19051361, -38.14686203, 175.05761719, 0.22430138, 0.24069864, 0.71528476, 0.61653936, -1.07489598, 0.96381915, -0.04991754, 99.97500610, 112.98746490, 32.50000000, 0.00000000
1, 44.3750, 4918, 0.26547754, -1.52098250, -0.13867940, -1.12743819, 170.12815857, 134.01828003, -58.52090073, 15.11254025, -105.26161957, 99.60952759, -38.95204544, 175.98348999, 0.23319730, 0.24028689, 0.71215975, 0.61701685, -0.89111292, 0.75264347, 0.26894137, 99.97500610, 112.98746490, 32.50000000, 0.00000000
1, 44.3800, 4919, 0.12171287, -1.32128131, -0.25823370, 10.52863026, 157.92910767, 128.32130432, -58.57936096, 13.24174213, -106.57702637, 99.10971832, -39.71223450, 176.85763550, 0.24166265, 0.23988719, 0.70947236, 0.61701089, -0.75747871, 0.56033790, 0.38007218, 99.97500610, 112.98746490, 32.50000000, 0.00000000
1, 44.3850, 4920, -0.00565064, -1.19366920, -0.13974741, 26.71300507, 148.50923157, 126.03298950, -58.57936096, 13.24174213, -106.57702637, 98.70855713, -40.44837189, 177.69056702, 0.24992494, 0.23948085, 0.70728987, 0.61638266, -0.64033204, 0.43983251, 0.25456470, 99.97500610, 112.98746490, 32.50000000, 0.00000000
1, 44.3900, 4921, -0.14829092, -1.14065421, 0.21610530, 39.21602249, 149.59057617, 124.63772583, -58.95936966, 15.96024513, -107.51242065, 98.37018585, -41.12222290, 178.53089905, 0.25793383, 0.23862043, 0.70561248, 0.61533850, -0.50787020, 0.39340889, -0.10738523, 99.97500610, 112.98746490, 32.50000000, 0.00000000
1, 44.3950, 4922, -0.24413550, -1.13559449, 0.46424448, 36.89352036, 156.86523438, 126.94381714, -58.95936966, 15.96024513, -107.51242065, 97.94809723, -41.86027145, 179.44882202, 0.26654568, 0.23787251, 0.70349747, 0.61437887, -0.42193890, 0.39529049, -0.36204845, 99.97500610, 112.98746490, 32.50000000, 0.00000000
1, 44.4000, 4923, -0.42554542, -1.13160622, 0.47822505, 12.40935707, 169.87680054, 127.53058624, -58.95936966, 15.96024513, -107.51242065, 97.32331085, -42.60380554, -179.52714539, 0.27529752, 0.23706046, 0.70050967, 0.61424744, -0.25016570, 0.39886558, -0.38493931, 99.97500610, 112.98746490, 32.50000000, 0.00000000
1, 44.4050, 4924, -0.43678096, -1.15884459, 0.38283718, 6.28980732, 171.73321533, 135.11885071, -59.19321823, 15.22946453, -108.27243042, 96.63729095, -43.37744141, -178.47245789, 0.28422278, 0.23648229, 0.69719559, 0.61417580, -0.24848783, 0.43418044, -0.29936340, 99.97500610, 112.98746490, 32.50000000, 0.00000000
1, 44.4100, 4925, -0.46346894, -1.19203365, 0.40832806, 5.11594296, 159.00878906, 143.90899658, -59.19321823, 15.22946453, -108.27243042, 95.98206329, -44.17879868, -177.48571777, 0.29296038, 0.23650596, 0.69385546, 0.61384350, -0.23191854, 0.47588530, -0.33441943, 99.97500610, 112.98746490, 32.50000000, 0.00000000
1, 44.4150, 4926, -0.50887203, -1.19127584, 0.37295628, -3.13142419, 136.02624512, 147.95286560, -59.33937454, 17.01256943, -108.94475555, 95.37226105, -44.98130035, -176.63650513, 0.30100310, 0.23735532, 0.69048893, 0.61342049, -0.19646436, 0.48416850, -0.30786228, 99.97500610, 112.98746490, 32.50000000, 0.00000000
1, 44.4400, 4927, -0.51419365, -1.41218793, 0.19261751, -24.46585464, 75.59339142, 116.81441498, -59.74861145, 18.38643646, -109.76322937, 92.65945435, -48.40964508, -173.41755676, 0.33223194, 0.24476439, 0.67490023, 0.61173701, -0.23274362, 0.74721444, -0.16401263, 99.97500610, 112.98746490, 32.50000000, 0.00000000
1, 44.4450, 4928, -0.46891022, -1.32814169, 0.42636520, -27.78669739, 53.95177078, 107.29737091, -59.74861145, 18.38643646, -109.76322937, 92.24040222, -48.95712280, -173.04277039, 0.33639070, 0.24687421, 0.67222577, 0.61156112, -0.28484532, 0.66961861, -0.40282798, 99.97500610, 112.98746490, 32.50000000, 0.00000000
1, 44.4500, 4929, -0.42307851, -1.24868047, 0.52139747, -29.33803558, 39.16227722, 98.83250427, -59.74861145, 18.38643646, -109.76322937, 91.88787079, -49.45811081, -172.76925659, 0.33986434, 0.24914823, 0.66979980, 0.61138016, -0.33673084, 0.59655148, -0.50201607, 99.97500610, 112.98746490, 32.50000000, 0.00000000
1, 44.4550, 4930, -0.43020073, -1.02635968, 0.54611272, -39.65779495, 20.23538971, 78.11236572, -60.62554932, 18.88336754, -110.84477997, 91.58474731, -49.85189819, -172.63041687, 0.34211317, 0.25147328, 0.66759026, 0.61159068, -0.33448863, 0.37972453, -0.53013313, 99.97500610, 112.98746490, 32.50000000, 0.00000000
1, 44.4600, 4931, -0.35327840, -0.77373052, 0.54144615, -41.58277893, 14.96611595, 66.12858582, -60.62554932, 18.88336754, -110.84477997, 91.29772186, -50.18472672, -172.52610779, 0.34386253, 0.25361627, 0.66552943, 0.61197054, -0.41528028, 0.13162877, -0.52829891, 99.97500610, 112.98746490, 32.50000000, 0.00000000
1, 44.4650, 4932, -0.36473238, -0.53410959, 0.52836961, -34.06637192, 6.59049463, 59.27849960, -61.12247849, 20.34492874, -111.13709259, 91.09528351, -50.48212433, -172.48341370, 0.34526485, 0.25566897, 0.66386366, 0.61213624, -0.40720966, -0.10391808, -0.51747930, 99.97500610, 112.98746490, 32.50000000, 0.00000000
1, 44.4700, 4933, -0.35826868, -0.32343677, 0.44747552, -25.67969513, -6.22336388, 51.89093399, -61.12247849, 20.34492874, -111.13709259, 91.01072693, -50.74135590, -172.53929138, 0.34618902, 0.25772226, 0.66269183, 0.61202294, -0.41645128, -0.31086272, -0.43756589, 99.97500610, 112.98746490, 32.50000000, 0.00000000
1, 44.4750, 4934, -0.42724666, -0.22243261, 0.33495358, -16.89923477, -16.31583023, 44.45806122, -61.12247849, 20.34492874, -111.13709259, 91.03141022, -50.96252060, -172.67417908, 0.34671891, 0.25969648, 0.66198659, 0.61165154, -0.34974244, -0.40855896, -0.32514513, 99.97500610, 112.98746490, 32.50000000, 0.00000000
1, 44.4800, 4935, -0.53093147, -0.24874076, 0.23108077, -10.55927181, -21.90914917, 35.90161896, -61.00555420, 20.60800934, -110.99093628, 91.11838531, -51.14025116, -172.85331726, 0.34692836, 0.26147628, 0.66162908, 0.61116111, -0.24787191, -0.37950748, -0.22082525, 99.97500610, 112.98746490, 32.50000000, 0.00000000
1, 44.4850, 4936, -0.60139167, -0.35964307, 0.17529583, -7.45688057, -27.30013847, 27.91699600, -61.00555420, 20.60800934, -110.99093628, 91.25456238, -51.27731323, -173.07539368, 0.34680295, 0.26312223, 0.66152447, 0.61063886, -0.17888163, -0.26648909, -0.16407366, 99.97500610, 112.98746490, 32.50000000, 0.00000000
1, 44.5350, 4937, -0.31340313, -0.04929291, 0.24980335, -37.53505707, -118.10094452, -70.92389679, -61.59017944, 20.19877243, -109.47091675, 94.38362122, -49.89669037, -178.88414001, 0.31543225, 0.28014216, 0.66793591, 0.61309421, -0.45326132, -0.59212899, -0.20294583, 99.97500610, 112.98746490, 32.50000000, 0.00000000
1, 44.5400, 4938, -0.27255967, -0.00677544, 0.21448812, -36.94335556, -134.67665100, -84.05046082, -61.79479599, 19.93569183, -109.23706055, 95.01075745, -49.45516586, -179.91352844, 0.30889603, 0.28206760, 0.66994476, 0.61334753, -0.48909342, -0.63987529, -0.16051525, 99.97500610, 112.98746490, 32.50000000, 0.00000000
1, 44.5450, 4939, -0.22501439, 0.00775637, 0.17082112, -35.06704330, -149.10375977, -99.17519379, -61.79479599, 19.93569183, -109.23706055, 95.64129639, -48.89381027, 179.02005005, 0.30144319, 0.28364000, 0.67220700, 0.61385512, -0.53057468, -0.66056782, -0.10875673, 99.97500610, 112.98746490, 32.50000000, 0.00000000
1, 44.5500, 4940, -0.17540209, 0.00622618, 0.14341292, -32.48715591, -160.12686157, -115.10404205, -61.79479599, 19.93569183, -109.23706055, 96.31304932, -48.23965454, 177.90560913, 0.29325038, 0.28498834, 0.67483276, 0.61431795, -0.57285124, -0.66645491, -0.07279472, 99.97500610, 112.98746490, 32.50000000, 0.00000000
1, 44.5550, 4941, -0.15104863, -0.00293927, 0.15335648, -28.46208572, -166.87939453, -129.93298340, -62.35018921, 19.29260445, -108.41858673, 97.00358582, -47.49921036, 176.78051758, 0.28448644, 0.28600758, 0.67778164, 0.61471879, -0.58883560, -0.66567576, -0.07366969, 99.97500610, 112.98746490, 32.50000000, 0.00000000
1, 44.5600, 4942, -0.12360387, -0.03157641, 0.23428100, -22.96327972, -168.77008057, -143.61325073, -62.35018921, 19.29260445, -108.41858673, 97.69011688, -46.68064499, 175.68409729, 0.27534115, 0.28657952, 0.68101025, 0.61504841, -0.60701704, -0.64632368, -0.14520212, 99.97500610, 112.98746490, 32.50000000, 0.00000000
1, 44.5650, 4943, -0.10749330, -0.08213177, 0.28972071, -17.93110085, -166.94779968, -155.41140747, -62.05787659, 18.21105003, -106.75241089, 98.35029602, -45.79614258, 174.64350891, 0.26596841, 0.28666425, 0.68443388, 0.61533296, -0.61289990, -0.60556591, -0.19124439, 99.97500610, 112.98746490, 32.50000000, 0.00000000
1, 44.5700, 4944, -0.10813762, -0.18939671, 0.37483022, -13.17961025, -163.30133057, -170.77288818, -62.05787659, 18.21105003, -106.75241089, 98.97006989, -44.83032608, 173.67620850, 0.25632226, 0.28610778, 0.68806303, 0.61563838, -0.60081875, -0.50904244, -0.26714075, 99.97500610, 112.98746490, 32.50000000, 0.00000000
1, 44.5750, 4945, -0.11407218, -0.27670535, 0.42001691, -15.09302044, -159.84892273, -178.93855286, -62.05787659, 18.21105003, -106.75241089, 99.52413940, -43.82004929, 172.77218628, 0.24650820, 0.28520411, 0.69162905, 0.61606950, -0.58256859, -0.43277285, -0.30352628, 99.97500610, 112.98746490, 32.50000000, 0.00000000
1, 44.5800, 4946, -0.13604267, -0.34150854, 0.44292232, -20.03484154, -152.94808960, -186.73811340, -61.06401443, 13.82636642, -106.22624969, 99.98445892, -42.77148438, 171.95161438, 0.23660326, 0.28390163, 0.69500822, 0.61675149, -0.54750800, -0.37930426, -0.31844902, 99.97500610, 112.98746490, 32.50000000, 0.00000000
1, 44.6100, 4947, -0.40888500, -0.48470321, 0.24939294, -37.46057129, -100.63324738, -227.96292114, -59.45629883, 12.68634892, -104.09236908, 101.03022766, -35.84893799, 168.84991455, 0.17762865, 0.26611322, 0.71184611, 0.62522554, -0.18168905, -0.30821350, -0.09673017, 99.97500610, 112.98746490, 32.50000000, 0.00000000
1, 44.6150, 4948, -0.42327470, -0.50621462, 0.24300052, -41.36645889, -93.94876099, -235.07975769, -58.02396774, 11.02016926, -103.62467194, 100.98912811, -34.60636139, 168.55766296, 0.16779478, 0.26170141, 0.71411514, 0.62721366, -0.14974107, -0.29906166, -0.08838376, 99.97500610, 112.98746490, 32.50000000, 0.00000000
1, 44.6200, 4949, -0.44152221, -0.51838231, 0.22089037, -48.91975403, -89.27804565, -245.24774170, -58.02396774, 11.02016926, -103.62467194, 100.88149261, -33.31866074, 168.30702209, 0.15771952, 0.25686756, 0.71616554, 0.62948436, -0.11300239, -0.29945326, -0.06528884, 99.97500610, 112.98746490, 32.50000000, 0.00000000
1, 44.6250, 4950, -0.46075460, -0.53312945, 0.17977957, -54.46141052, -77.54139709, -255.93887329, -58.02396774, 11.02016926, -103.62467194, 100.69808960, -31.98990822, 168.13648987, 0.14763266, 0.25138023, 0.71800393, 0.63204670, -0.07439499, -0.29736763, -0.02423022, 99.97500610, 112.98746490, 32.50000000, 0.00000000
1, 44.6300, 4951, -0.43516323, -0.53733802, 0.18398558, -56.10161209, -72.98925781, -263.38076782, -57.20549393, 11.10786343, -103.30312347, 100.48673248, -30.62925529, 167.99717712, 0.13744296, 0.24550903, 0.71974462, 0.63466722, -0.07989685, -0.30590719, -0.02910719, 99.97500610, 112.98746490, 32.50000000, 0.00000000
1, 44.6350, 4952, -0.44205931, -0.57091916, 0.20679136, -55.75130463, -70.86654663, -269.01309204, -57.20549393, 11.10786343, -103.30312347, 100.26723480, -29.24324989, 167.87179565, 0.12714648, 0.23936325, 0.72143382, 0.63723803, -0.05225541, -0.28490216, -0.05300973, 99.97500610, 112.98746490, 32.50000000, 0.00000000
1, 44.6400, 4953, -0.48645249, -0.58923936, 0.20839734, -57.19754791, -67.00778198, -273.59970093, -55.21777344, 8.53551579, -103.56620789, 100.03832245, -27.85259438, 167.76379395, 0.11690053, 0.23302594, 0.72301841, 0.63974810, 0.01342180, -0.27876604, -0.05610644, 99.97500610, 112.98746490, 32.50000000, 0.00000000
1, 44.6450, 4954, -0.49216357, -0.61103511, 0.20002681, -56.86880875, -59.61405945, -276.79266357, -55.21777344, 8.53551579, -103.56620789, 99.78027344, -26.43877792, 167.69874573, 0.10669176, 0.22625332, 0.72447300, 0.64231253, 0.04090934, -0.26877406, -0.04961746, 99.97500610, 112.98746490, 32.50000000, 0.00000000
1, 44.6500, 4955, -0.47631934, -0.61162460, 0.21836898, -55.50225830, -52.82936859, -280.36386108, -55.21777344, 8.53551579, -103.56620789, 99.51280212, -25.01326370, 167.66766357, 0.09659299, 0.21913512, 0.72585350, 0.64481497, 0.04731118, -0.27967328, -0.07019399, 99.97500610, 112.98746490, 32.50000000, 0.00000000
1, 44.6550, 4956, -0.46744403, -0.65859735, 0.21680208, -54.09585571, -46.45623016, -284.19076538, -52.85004425, 8.18474102, -103.82929230, 99.23892975, -23.57412338, 167.66748047, 0.08658565, 0.21167454, 0.72716576, 0.64724559, 0.06121713, -0.24371445, -0.07120429, 99.97500610, 112.98746490, 32.50000000, 0.00000000
1, 44.6600, 4957, -0.41379708, -0.70175028, 0.22500405, -54.81274796, -40.84641266, -287.44799805, -52.85004425, 8.18474102, -103.82929230, 98.95159912, -22.12331200, 167.69250488, 0.07664286, 0.20391996, 0.72834641, 0.64965695, 0.03076635, -0.21113119, -0.08226968, 99.97500610, 112.98746490, 32.50000000, 0.00000000
1, 44.6650, 4958, -0.35965249, -0.74521327, 0.22384332, -56.01326752, -39.47802734, -291.22079468, -50.51154709, 6.31394339, -103.85852051, 98.65798187, -20.65483475, 167.71966553, 0.06661291, 0.19597678, 0.72939891, 0.65202236, 0.00035476, -0.17775258, -0.08426122, 99.97500610, 112.98746490, 32.50000000, 0.00000000
1, 44.6700, 4959, -0.31467584, -0.76410770, 0.20594744, -57.60504150, -40.97693634, -294.67135620, -50.51154709, 6.31394339, -103.85852051, 98.36162567, -19.16809845, 167.73333740, 0.05641190, 0.18793760, 0.73031384, 0.65432322, -0.02031406, -0.16841716, -0.06973498, 99.97500610, 112.98746490, 32.50000000, 0.00000000
1, 44.6750, 4960, -0.30197003, -0.76360178, 0.19832230, -58.39438629, -41.71566772, -300.49755859, -50.51154709, 6.31394339, -103.85852051, 98.06404114, -17.65195656, 167.73925781, 0.04600413, 0.17970268, 0.73112530, 0.65654129, -0.00805155, -0.17801651, -0.06571972, 99.97500610, 112.98746490, 32.50000000, 0.00000000
1, 44.6800, 4961, -0.27351785, -0.76031590, 0.21038203, -54.88412094, -42.70328140, -308.94326782, -48.11458588, 4.99853849, -104.20929718, 97.78612518, -16.09326744, 167.73800659, 0.03534080, 0.17118680, 0.73196864, 0.65853477, -0.01076727, -0.18990651, -0.08128068, 99.97500610, 112.98746490, 32.50000000, 0.00000000
1, 44.6850, 4962, -0.28616679, -0.82230496, 0.23410212, -49.34508514, -43.40293503, -315.58520508, -48.11458588, 4.99853849, -104.20929718, 97.53750610, -14.50114918, 167.73027039, 0.02449794, 0.16243708, 0.73287934, 0.66022879, 0.02843764, -0.13594419, -0.10839621, 99.97500610, 112.98746490, 32.50000000, 0.00000000
1, 44.6900, 4963, -0.32575908, -0.90472901, 0.24675433, -43.57475281, -45.31338120, -321.03216553, -45.98070526, 4.12160206, -104.29698944, 97.33126068, -12.89021015, 167.70817566, 0.01353942, 0.15359123, 0.73389679, 0.66153002, 0.09522933, -0.06080452, -0.12407036, 99.97500610, 112.98746490, 32.50000000, 0.00000000
1, 44.6950, 4964, -0.35655832, -0.98627508, 0.23752631, -39.03173447, -48.50638199, -325.72283936, -45.98070526, 4.12160206, -104.29698944, 97.14020538, -11.24459743, 167.66903687, 0.00230423, 0.14459030, 0.73488051, 0.66260028, 0.15390667, 0.01423081, -0.11751410, 99.97500610, 112.98746490, 32.50000000, 0.00000000
1, 44.7000, 4965, -0.38129711, -1.08000362, 0.22949494, -33.82433701, -50.75352097, -330.39947510, -42.91143036, 2.89389062, -104.73545837, 96.97647095, -9.57446766, 167.61648560, -0.00910656, 0.13547319, 0.73588836, 0.66334945, 0.20718963, 0.10219802, -0.11193283, 99.97500610, 112.98746490, 32.50000000, 0.00000000
1, 44.7050, 4966, -0.41865692, -1.16772497, 0.21646075, -27.20907974, -51.89557648, -335.62854004, -42.91143036, 2.89389062, -104.73545837, 96.84524536, -7.87777281, 167.55725098, -0.02066499, 0.12619430, 0.73695749, 0.66373312, 0.27369311, 0.18499741, -0.10094985, 99.97500610, 112.98746490, 32.50000000, 0.00000000
1, 44.7500, 4967, -0.39774305, -1.56249356, 0.52724886, 0.51579124, -34.00575256, -380.56207275, -30.45892906, -0.32154340, -103.97544098, 96.49635315, 8.65474510, 167.55635071, -0.12792479, 0.03067381, 0.74497294, 0.65399522, 0.53866625, 0.57817960, -0.41886431, 99.97500610, 112.98746490, 32.50000000, 0.00000000
1, 44.7550, 4968, -0.45373461, -1.67750776, 0.59228039, 7.72138214, -35.06027603, -377.55929565, -30.45892906, -0.32154340, -103.97544098, 96.53651428, 10.55034828, 167.59378052, -0.13983043, 0.01945536, 0.74537051, 0.65153039, 0.62723500, 0.69837344, -0.48429030, 99.97500610, 112.98746490, 32.50000000, 0.00000000
1, 44.7600, 4969, -0.48069069, -1.83600867, 0.64141154, 13.61407852, -29.25608826, -369.04840088, -30.45892906, -0.32154340, -103.97544098, 96.61289978, 12.40043449, 167.65795898, -0.15126298, 0.00837825, 0.74576581, 0.64875472, 0.68600714, 0.86309791, -0.53330290, 99.97500610, 112.98746490, 32.50000000, 0.00000000
1, 44.7650, 4970, -0.88610935, -1.95617235, 0.69826001, 14.51925182, -9.45061111, -353.51538086, -27.12657166, 0.23384975, -103.71236420, 96.71799469, 14.16193390, 167.81755066, -0.16157342, -0.00275163, 0.74612725, 0.64589524, 1.12167120, 0.99023271, -0.59051871, 99.97500610, 112.98746490, 32.50000000, 0.00000000
1, 44.7700, 4971, -1.24885511, -2.09212136, 0.65970880, 19.36836243, 11.26813507, -335.41702271, -27.12657166, 0.23384975, -103.71236420, 96.87826538, 15.82117748, 168.07812500, -0.17066392, -0.01384336, 0.74660558, 0.64285493, 1.51294446, 1.13386893, -0.55153060, 99.97500610, 112.98746490, 32.50000000, 0.00000000
1, 44.7750, 4972, -1.16734540, -2.18493652, 0.59157091, 24.68424034, 38.91167831, -324.16986084, -24.58345413, 0.46769950, -103.80005646, 97.11376953, 17.40716171, 168.48294067, -0.17850658, -0.02530386, 0.74729085, 0.63957131, 1.45849037, 1.23499370, -0.48067981, 99.97500610, 112.98746490, 32.50000000, 0.00000000
1, 44.7800, 4973, -0.68220741, -2.09418106, 0.58818436, 7.61535168, 71.89588165, -306.86712646, -24.58345413, 0.46769950, -103.80005646, 97.32767487, 18.88501167, 169.05889893, -0.18473431, -0.03725088, 0.74763036, 0.63681591, 0.99841732, 1.15268469, -0.47313780, 99.97500610, 112.98746490, 32.50000000, 0.00000000
1, 44.7850, 4974, -0.11101736, -1.75113797, 0.13354912, -31.44583130, 78.45383453, -280.45019531, -24.58345413, 0.46769950, -103.80005646, 97.36819458, 20.22595215, 169.66007996, -0.18991332, -0.04882542, 0.74684960, 0.63542479, 0.45112225, 0.81844479, -0.01602171, 99.97500610, 112.98746490, 32.50000000, 0.00000000
1, 44.7900, 4975, -0.11817896, -1.51648903, -0.23682755, -39.39712906, 53.27376938, -255.71162415, -21.51417732, -0.70154923, -103.80005646, 97.29073334, 21.42493629, 170.10047913, -0.19502281, -0.05871850, 0.74539870, 0.63474327, 0.47952062, 0.59184206, 0.35296661, 99.97500610, 112.98746490, 32.50000000, 0.00000000
1, 44.7950, 4976, -0.36720869, -1.16964436, -0.50437891, -10.80157280, 4.90494537, -222.56192017, -21.51417732, -0.70154923, -103.80005646, 97.29974365, 22.52576828, 170.27688599, -0.20100150, -0.06617501, 0.74451584, 0.63317889, 0.74721134, 0.25246653, 0.61899078, 99.97500610, 112.98746490, 32.50000000, 0.00000000
1, 44.8250, 4977, -1.00606763, -0.43164510, -0.23027636, 18.07490921, 58.90563583, -48.90520859, -17.12949371, 0.32154340, -103.85852051, 97.91904449, 26.48015404, 170.59255981, -0.22457621, -0.08966711, 0.74405611, 0.62282097, 1.45195246, -0.45496687, 0.34930485, 99.97500610, 112.98746490, 32.50000000, 0.00000000
1, 44.8300, 4978, -0.98452359, -0.42713231, -0.62942123, 40.60054398, 64.94281769, -4.70704365, -17.12949371, 0.32154340, -103.85852051, 98.28380585, 26.45877266, 170.95545959, -0.22275977, -0.09119290, 0.74577230, 0.62119704, 1.43193102, -0.45781860, 0.75376111, 99.97500610, 112.98746490, 32.50000000, 0.00000000
1, 44.8350, 4979, -0.86605710, -0.53524232, -0.46149895, 54.08855820, 44.33863449, 37.46391678, -17.12949371, 0.32154340, -103.85852051, 98.64995575, 26.24190712, 171.16984558, -0.22052017, -0.09065683, 0.74781650, 0.61961502, 1.31037974, -0.35044202, 0.59192818, 99.97500610, 112.98746490, 32.50000000, 0.00000000
1, 44.8400, 4980, -0.69814324, -0.77482402, 0.02002295, 59.78704834, 8.25115967, 76.10513306, -17.45103836, 1.54925454, -103.18620300, 98.92999268, 25.66448212, 171.15112305, -0.21717800, -0.08674712, 0.74995428, 0.61877072, 1.13437903, -0.11425262, 0.11567824, 99.97500610, 112.98746490, 32.50000000, 0.00000000
1, 44.8450, 4981, -0.59142393, -1.04748309, 0.17360894, 59.73939133, -1.88153839, 105.16784668, -17.45103836, 1.54925454, -103.18620300, 99.18667603, 25.14731216, 171.05009460, -0.21462354, -0.08269392, 0.75194496, 0.61780030, 1.01835334, 0.15456906, -0.03339266, 99.97500610, 112.98746490, 32.50000000, 0.00000000
1, 44.8500, 4982, -0.52236432, -1.38495886, 0.21863630, 49.98055267, 6.58559990, 138.05735779, -18.29874229, 1.49079216, -103.06927490, 99.40225983, 24.46124649, 170.96434021, -0.21085976, -0.07787895, 0.75384706, 0.61740392, 0.93870407, 0.48772886, -0.07450052, 99.97500610, 112.98746490, 32.50000000, 0.00000000
1, 44.8550, 4983, -0.58264560, -1.54282248, -0.01549103, 32.88401413, 9.31995869, 154.53428650, -18.29874229, 1.49079216, -103.06927490, 99.53292847, 23.69173431, 170.87683105, -0.20649314, -0.07274862, 0.75533807, 0.61768323, 0.98763579, 0.64107502, 0.16252561, 99.97500610, 112.98746490, 32.50000000, 0.00000000
1, 44.8600, 4984, -0.68089312, -1.60033882, -0.28298178, 19.46043015, 5.08244228, 169.64154053, -18.29874229, 1.49079216, -103.06927490, 99.58315277, 22.85114098, 170.75230408, -0.20180365, -0.06712264, 0.75643957, 0.61852163, 1.07336831, 0.69356322, 0.43168357, 99.97500610, 112.98746490, 32.50000000, 0.00000000
1, 44.8950, 4985, 2.49448299, -1.66580164, -0.91241628, -31.28519249, 30.13428307, 75.01692963, -21.74802589, 1.05232382, -102.77696228, 99.68341064, 18.06903648, 172.31411743, -0.16242883, -0.05045357, 0.75987405, 0.62742555, -2.18050623, 0.73077130, 1.07637715, 99.97500610, 112.98746490, 32.50000000, 0.00000000
1, 44.9000, 4986, 1.86699498, -1.52091205, -0.86671716, -18.49181175, -60.30017471, 87.35034180, -22.44957542, -0.58462435, -103.15696716, 99.47289276, 17.68770790, 171.92599487, -0.16198604, -0.04603468, 0.75913167, 0.62877697, -1.55942714, 0.58324134, 1.02643597, 99.97500610, 112.98746490, 32.50000000, 0.00000000
1, 44.9050, 4987, 0.80108291, -1.31446636, -0.69655734, 2.67035389, -213.76840210, 110.93892670, -22.44957542, -0.58462435, -103.15696716, 99.12704468, 17.31107521, 170.72673035, -0.16600366, -0.03646530, 0.75788492, 0.62986004, -0.50015104, 0.37373075, 0.84917331, 99.97500610, 112.98746490, 32.50000000, 0.00000000
1, 44.9100, 4988, -0.03937713, -1.20953417, -0.41458389, 16.70561218, -257.14205933, 135.31449890, -22.44957542, -0.58462435, -103.15696716, 98.78993988, 16.84082985, 169.28880310, -0.17078343, -0.02479105, 0.75664687, 0.63063776, 0.33219519, 0.26517951, 0.56002772, 99.97500610, 112.98746490, 32.50000000, 0.00000000
1, 44.9150, 4989, -0.68654490, -1.16757321, -0.16012968, 27.73908997, -269.57931519, 161.30696106, -23.58959389, -1.43232965, -103.42005157, 98.49892426, 16.24388695, 167.77334595, -0.17523924, -0.01183103, 0.75551659, 0.63114661, 0.96931148, 0.21923831, 0.29941112, 99.97500610, 112.98746490, 32.50000000, 0.00000000
1, 44.9200, 4990, -1.15581632, -1.21958375, 0.07498957, 40.97843552, -252.57359314, 187.69270325, -23.58959389, -1.43232965, -103.42005157, 98.31198883, 15.49817085, 166.33329773, -0.17838126, 0.00163132, 0.75475192, 0.63128996, 1.42611635, 0.26695067, 0.05995111, 99.97500610, 112.98746490, 32.50000000, 0.00000000
1, 44.9250, 4991, -1.47033596, -1.31550252, 0.31115890, 53.18870926, -208.27326965, 205.52340698, -25.43115997, -1.98772287, -103.06927490, 98.26330566, 14.62996292, 165.11437988, -0.17954233, 0.01455153, 0.75453246, 0.63105750, 1.72588801, 0.35845515, -0.17798470, 99.97500610, 112.98746490, 32.50000000, 0.00000000
1, 44.9300, 4992, -1.48272824, -1.45536661, 0.52960694, 54.28173447, -147.65791321, 210.00381470, -25.43115997, -1.98772287, -103.06927490, 98.31480408, 13.69650745, 164.20640564, -0.17856029, 0.02595329, 0.75470257, 0.63076681, 1.72217369, 0.49408537, -0.39559782, 99.97500610, 112.98746490, 32.50000000, 0.00000000
1, 44.9350, 4993, -1.22107935, -1.49147475, 0.68627292, 41.84114838, -90.72046661, 204.61402893, -25.43115997, -1.98772287, -103.06927490, 98.38629913, 12.74969864, 163.59437561, -0.17584786, 0.03550894, 0.75489348, 0.63083488, 1.44407463, 0.52630937, -0.54991424, 99.97500610, 112.98746490, 32.50000000, 0.00000000
1, 44.9400, 4994, -0.91693544, -1.36016023, 0.75924712, 27.11069870, -65.42214966, 197.41262817, -28.06196976, 0.49693072, -102.63080597, 98.44178772, 11.78468800, 163.12258911, -0.17223941, 0.04421262, 0.75491726, 0.63125181, 1.12351370, 0.39145073, -0.62045252, 99.97500610, 112.98746490, 32.50000000, 0.00000000
1, 44.9550, 4995, -0.50155640, -0.72911727, 1.49975324, 23.39737320, -122.46932983, 173.80697632, -30.48816109, 0.90616781, -101.92926025, 98.43935394, 9.28333759, 161.17980957, -0.16689414, 0.07125449, 0.75322163, 0.63223928, 0.66245794, -0.24900869, -1.35741675, 99.97500610, 112.98746490, 32.50000000, 0.00000000
1, 44.9600, 4996, -0.35832295, -0.33155456, 1.45600533, 41.07871628, -139.86642456, 163.31758118, -30.48816109, 0.90616781, -101.92926025, 98.51943970, 8.57790661, 160.35906982, -0.16683587, 0.08077584, 0.75280738, 0.63160288, 0.50686812, -0.64834034, -1.31143880, 99.97500610, 112.98746490, 32.50000000, 0.00000000
1, 44.9650, 4997, -0.33785447, -0.19652389, 1.24721515, 60.60009766, -145.81015015, 161.06962585, -32.18357086, 0.43846828, -101.69541168, 98.70288849, 7.89006329, 159.51025391, -0.16695118, 0.09052044, 0.75282460, 0.63022894, 0.47498673, -0.78437382, -1.09947014, 99.97500610, 112.98746490, 32.50000000, 0.00000000
1, 44.9700, 4998, -0.42928058, -0.30363292, 0.83505505, 76.75622559, -135.67849731, 156.86413574, -32.18357086, 0.43846828, -101.69541168, 98.98387146, 7.21892691, 158.71372986, -0.16677190, 0.09995575, 0.75330472, 0.62827396, 0.55573392, -0.67747080, -0.68302464, 99.97500610, 112.98746490, 32.50000000, 0.00000000
1, 44.9750, 4999, -0.66827399, -0.51947474, 0.32494572, 75.23367310, -112.42101288, 145.06445313, -33.64513397, 0.70154923, -100.78924561, 99.28074646, 6.59181356, 158.03990173, -0.16614673, 0.10834546, 0.75389928, 0.62633264, 0.78491783, -0.46133390, -0.16853651, 99.97500610, 112.98746490, 32.50000000, 0.00000000
1, 44.9800, 5000, -1.05298042, -0.64183462, 0.13061838, 57.62399673, -77.93679810, 127.00713348, -33.64513397, 0.70154923, -100.78924561, 99.51649475, 6.02883816, 157.54978943, -0.16495544, 0.11506464, 0.75429994, 0.62496513, 1.16004515, -0.33906448, 0.02917052, 99.97500610, 112.98746490, 32.50000000, 0.00000000
1, 44.9850, 5001, -1.33761990, -0.63909721, 0.40387559, 34.85017014, -42.84049606, 109.17034149, -33.64513397, 0.70154923, -100.78924561, 99.66155243, 5.52623177, 157.24696350, -0.16320468, 0.12007180, 0.75439143, 0.62437218, 1.43503475, -0.34268236, -0.24176054, 99.97500610, 112.98746490, 32.50000000, 0.00000000
1, 44.9900, 5002, -1.40843904, -0.58901668, 0.69297701, 18.58902168, -21.95092392, 94.94303894, -34.98976898, 0.64308679, -100.23384857, 99.77054596, 5.00099087, 157.06430054, -0.16067959, 0.12435362, 0.75436360, 0.62422270, 1.49644351, -0.39373127, -0.52897555, 99.97500610, 112.98746490, 32.50000000, 0.00000000
1, 44.9950, 5003, -1.36686766, -0.62183523, 0.64189225, 12.17959213, -14.51507378, 86.08829498, -34.98976898, 0.64308679, -100.23384857, 99.82040405, 4.58908749, 156.91973877, -0.15873973, 0.12766445, 0.75412756, 0.62433577, 1.44703865, -0.36129898, -0.47652313, 99.97500610, 112.98746490, 32.50000000, 0.00000000
1, 45.0000, 5004, -1.32075238, -0.74759042, 0.37172365, 13.70147800, -8.77754974, 82.66540527, -35.98363113, 0.64308679, -100.35077667, 99.88124847, 4.18933630, 156.80613708, -0.15669404, 0.13071476, 0.75398117, 0.62439829, 1.39461243, -0.23547462, -0.20539136, 99.97500610, 112.98746490, 32.50000000, 0.00000000
1, 45.0150, 5005, -0.72168350, -1.42452097, -0.19881618, 34.48926163, 46.55998611, 73.09896851, -36.24671173, 0.29231218, -100.52616119, 100.31427002, 2.97688270, 157.00976563, -0.14717959, 0.13665207, 0.75546598, 0.62364709, 0.77581286, 0.44227338, 0.37265131, 99.97500610, 112.98746490, 32.50000000, 0.00000000
1, 45.0200, 5006, -0.27310398, -1.54847431, -0.16763867, 34.79529190, 52.37159348, 67.59018707, -36.24671173, 0.29231218, -100.52616119, 100.49868774, 2.59793401, 157.20719910, -0.14340538, 0.13766970, 0.75634629, 0.62323546, 0.32047111, 0.56643164, 0.34566092, 99.97500610, 112.98746490, 32.50000000, 0.00000000
1, 45.0250, 5007, 0.06760078, -1.59336925, -0.10094728, 30.53407478, 45.45270538, 65.51658630, -36.94826126, 0.32154340, -99.76615143, 100.65911102, 2.23484707, 157.37126160, -0.13993898, 0.13877912, 0.75706828, 0.62290055, -0.02678678, 0.61147577, 0.28266543, 99.97500610, 112.98746490, 32.50000000, 0.00000000
1, 45.0300, 5008, 0.33685654, -1.58256137, 0.07156626, 22.73051834, 37.73029709, 65.18649292, -36.94826126, 0.32154340, -99.76615143, 100.77807617, 1.87999654, 157.49668884, -0.13678125, 0.14003925, 0.75752300, 0.62276703, -0.30269954, 0.60057569, 0.11310959, 99.97500610, 112.98746490, 32.50000000, 0.00000000
1, 45.0350, 5009, 0.56767696, -1.48157954, 0.24338011, 15.37432671, 28.02196884, 63.57654190, -36.62671661, -0.11692487, -100.08769226, 100.85813141, 1.54178393, 157.57527161, -0.13403073, 0.14146569, 0.75772160, 0.62280118, -0.53992790, 0.49941850, -0.05640623, 99.97500610, 112.98746490, 32.50000000, 0.00000000
1, 45.0400, 5010, 0.67836785, -1.29107821, 0.31743535, 10.93887711, 9.33212566, 62.80194855, -36.62671661, -0.11692487, -100.08769226, 100.92340851, 1.30515492, 157.56124878, -0.13246748, 0.14292793, 0.75782257, 0.62267888, -0.65572393, 0.30888665, -0.12872121, 99.97500610, 112.98746490, 32.50000000, 0.00000000
1, 45.0450, 5011, 0.64731896, -1.08597219, 0.30295029, 9.58343601, -13.72027397, 63.49656677, -36.62671661, -0.11692487, -100.08769226, 100.96959686, 1.00638652, 157.43411255, -0.13113120, 0.14545311, 0.75760972, 0.62263602, -0.62922543, 0.10388193, -0.11306818, 99.97500610, 112.98746490, 32.50000000, 0.00000000
1, 45.0500, 5012, 0.50366801, -0.91982794, 0.24262686, 12.90406799, -35.20095062, 64.23921967, -37.09441757, -1.25694239, -100.20462036, 101.03141785, 0.72445250, 157.20051575, -0.13046174, 0.14860488, 0.75735211, 0.62234563, -0.49041831, -0.06205485, -0.05184288, 99.97500610, 112.98746490, 32.50000000, 0.00000000
1, 45.0550, 5013, 0.29467225, -0.85208595, 0.20079874, 16.99845886, -53.17510986, 64.28446960, -37.09441757, -1.25694239, -100.20462036, 101.11390686, 0.45975530, 156.87832642, -0.13035640, 0.15226845, 0.75709385, 0.62179625, -0.28601333, -0.12952055, -0.00907791, 99.97500610, 112.98746490, 32.50000000, 0.00000000
1, 45.0600, 5014, 0.08913302, -0.82572472, 0.15753232, 18.16656113, -61.77735138, 63.18825531, -38.05904770, 1.37386727, -100.29231262, 101.20340729, 0.20919557, 156.51460266, -0.13055511, 0.15613388, 0.75681412, 0.62113607, -0.08479868, -0.15554379, 0.03523686, 99.97500610, 112.98746490, 32.50000000, 0.00000000
1, 45.0650, 5015, -0.18583868, -0.84733236, 0.18322083, 19.48591423, -62.67522049, 60.41598511, -38.05904770, 1.37386727, -100.29231262, 101.30101013, -0.02630222, 156.14874268, -0.13084775, 0.15993735, 0.75657219, 0.62040102, 0.18592551, -0.13366440, 0.01046764, 99.97500610, 112.98746490, 32.50000000, 0.00000000
1, 45.0700, 5016, -0.28374660, -0.87509847, 0.22673109, 17.50950050, -58.50086212, 58.47256088, -38.05904770, 1.37386727, -100.29231262, 101.39011383, -0.25574708, 155.80485535, -0.13106760, 0.16355008, 0.75630307, 0.61974066, 0.27971342, -0.10564075, -0.03171824, 99.97500610, 112.98746490, 32.50000000, 0.00000000
1, 45.0750, 5017, -0.40314430, -0.91402042, 0.32130033, 11.97905254, -48.74163055, 56.21676636, -39.46214676, 0.87693655, -99.38614655, 101.45260620, -0.48333481, 155.51069641, -0.13106439, 0.16679081, 0.75594687, 0.61931199, 0.39489609, -0.06661917, -0.12549500, 99.97500610, 112.98746490, 32.50000000, 0.00000000
1, 45.0800, 5018, -0.45403630, -0.94019222, 0.37950921, 8.27860260, -37.39620209, 53.83528137, -39.46214676, 0.87693655, -99.38614655, 101.49709320, -0.71022666, 155.27427673, -0.13077736, 0.16962346, 0.75556540, 0.61906874, 0.44168139, -0.04033708, -0.18304595, 99.97500610, 112.98746490, 32.50000000, 0.00000000
1, 45.0850, 5019, -0.48947474, -0.95966029, 0.40432873, 6.44120312, -24.38129997, 50.76882172, -39.34521866, 0.64308679, -99.03536987, 101.53237152, -0.93482065, 155.10452271, -0.13015743, 0.17199123, 0.75522590, 0.61896032, 0.47312605, -0.02073021, -0.20736712, 99.97500610, 112.98746490, 32.50000000, 0.00000000
1, 45.0900, 5020, -0.51260906, -0.97669220, 0.41949725, 6.71037960, -12.07535934, 47.51844406, -39.34521866, 0.64308679, -99.03536987, 101.64484406, -1.32882261, 155.00306702, -0.12792912, 0.17490278, 0.75518471, 0.61865932, 0.49083918, -0.00336796, -0.22138351, 99.97500610, 112.98746490, 32.50000000, 0.00000000
1, 45.0950, 5021, -0.52615839, -0.99717689, 0.41372988, 8.78564262, -2.14788556, 43.87290955, -39.34521866, 0.64308679, -99.03536987, 101.69067383, -1.54146445, 154.94856262, -0.12674552, 0.17645307, 0.75507712, 0.61859411, 0.49914092, 0.01752929, -0.21432067, 99.97500610, 112.98746490, 32.50000000, 0.00000000
1, 45.1000, 5022, -0.52509761, -1.03751481, 0.42070308, 11.06363201, 5.72578239, 40.24595261, -40.28062057, 1.87079799, -98.88921356, 101.74684143, -1.74420428, 154.93608093, -0.12538321, 0.17768292, 0.75509948, 0.61849219, 0.49448234, 0.05814417, -0.22045520, 99.97500610, 112.98746490, 32.50000000, 0.00000000
1, 45.1050, 5023, -0.49048695, -1.06409264, 0.43130070, 11.82498360, 12.57304001, 36.75403976, -40.28062057, 1.87079799, -98.88921356, 101.80563354, -1.93675625, 154.96046448, -0.12388392, 0.17861627, 0.75520438, 0.61839741, 0.45644265, 0.08501807, -0.23002690, 99.97500610, 112.98746490, 32.50000000, 0.00000000
1, 45.1200, 5024, -0.27279821, -1.01482344, 0.37342444, 4.18976736, 33.19360352, 28.15906334, -40.45600510, 2.07541656, -99.56153107, 101.90016937, -2.46941066, 155.25723267, -0.11859874, 0.17960565, 0.75547951, 0.61881083, 0.22952467, 0.03656767, -0.16979888, 99.97500610, 112.98746490, 32.50000000, 0.00000000
1, 45.1250, 5025, -0.22037448, -0.99823582, 0.35930470, 3.76129770, 36.00485611, 26.96964836, -40.54370117, 1.75387311, -99.18152618, 101.91267395, -2.63820624, 155.40599060, -0.11665392, 0.17953856, 0.75555718, 0.61910522, 0.17417341, 0.02017610, -0.15533042, 99.97500610, 112.98746490, 32.50000000, 0.00000000
1, 45.1300, 5026, -0.17173964, -0.98979187, 0.34351751, 3.58553839, 38.53651810, 25.91055870, -40.54370117, 1.75387311, -99.18152618, 101.92322540, -2.80445409, 155.56823730, -0.11465523, 0.17936648, 0.75564814, 0.61941731, 0.12267770, 0.01193047, -0.13924873, 99.97500610, 112.98746490, 32.50000000, 0.00000000
1, 45.1350, 5027, -0.13169648, -0.98657191, 0.32145911, 3.11704373, 38.99074936, 25.68198586, -40.71908569, 1.52002335, -99.26921844, 101.93082428, -2.97006798, 155.73294067, -0.11265096, 0.17917138, 0.75572741, 0.61974484, 0.07980146, 0.00891756, -0.11697094, 99.97500610, 112.98746490, 32.50000000, 0.00000000
1, 45.1400, 5028, -0.09903108, -0.97961295, 0.29251325, 2.45171356, 38.11534882, 25.63453674, -40.71908569, 1.52002335, -99.26921844, 101.97507477, -3.15349698, 155.89308167, -0.11049446, 0.17913638, 0.75597346, 0.61984301, 0.04416735, 0.00225347, -0.08753861, 99.97500610, 112.98746490, 32.50000000, 0.00000000
1, 45.1450, 5029, -0.08566564, -0.97004068, 0.27249104, 2.07046437, 37.21434021, 25.30244446, -40.71908569, 1.52002335, -99.26921844, 101.97692871, -3.31557679, 156.04937744, -0.10856616, 0.17897108, 0.75601214, 0.62018424, 0.02785176, -0.00704223, -0.06712355, 99.97500610, 112.98746490, 32.50000000, 0.00000000
1, 45.1500, 5030, -0.08260095, -0.96031153, 0.24661349, 2.35579419, 36.92694855, 24.31049728, -41.01139832, 1.98772287, -98.94767761, 101.97978973, -3.47251964, 156.20529175, -0.10667159, 0.17878163, 0.75606191, 0.62050676, 0.02208997, -0.01656182, -0.04121318, 99.97500610, 112.98746490, 32.50000000, 0.00000000
1, 45.1550, 5031, -0.08181863, -0.95456123, 0.21598719, 2.54657531, 35.56620789, 23.01375961, -41.01139832, 1.98772287, -98.94767761, 101.98350525, -3.62172103, 156.35591125, -0.10485519, 0.17858656, 0.75611794, 0.62080437, 0.01875143, -0.02209087, -0.01054772, 99.97500610, 112.98746490, 32.50000000, 0.00000000
1, 45.1600, 5032, -0.09183004, -0.95449448, 0.19670425, 2.78192425, 33.50459671, 21.91005707, -41.44986725, 1.54925454, -99.29844666, 101.98855591, -3.76340437, 156.49755859, -0.10313458, 0.17841151, 0.75617677, 0.62107122, 0.02630800, -0.02195232, 0.00875882, 99.97500610, 112.98746490, 32.50000000, 0.00000000
1, 45.1650, 5033, -0.09935009, -0.95195568, 0.19404574, 2.76372862, 31.85514069, 20.95961761, -41.44986725, 1.54925454, -99.29844666, 101.99365234, -3.89875269, 156.63212585, -0.10149394, 0.17824934, 0.75623286, 0.62131971, 0.03145429, -0.02431389, 0.01145611, 99.97500610, 112.98746490, 32.50000000, 0.00000000
1, 45.1850, 5034, -0.09914018, -0.95938528, 0.19225778, 2.78905034, 29.51316643, 19.85190773, -41.24525070, -1.66617942, -99.56153107, 102.00553894, -4.41828918, 157.16629028, -0.09510633, 0.17750186, 0.75643033, 0.62230301, 0.02217668, -0.01619837, 0.01329853, 99.97500610, 112.98746490, 32.50000000, 0.00000000
1, 45.1900, 5035, -0.11960008, -0.96241093, 0.19767174, 3.36025953, 29.46924782, 20.43947601, -41.24525070, -1.66617942, -99.56153107, 102.01163483, -4.57763767, 157.29054260, -0.09335655, 0.17753547, 0.75644183, 0.62254447, 0.04011841, -0.01296870, 0.00788979, 99.97500610, 112.98746490, 32.50000000, 0.00000000
1, 45.1950, 5036, -0.13263126, -0.96827269, 0.21035534, 4.11856794, 31.55640411, 20.83009338, -41.24525070, -1.66617942, -99.56153107, 102.02169037, -4.71208668, 157.42385864, -0.09171732, 0.17737958, 0.75652182, 0.62273532, 0.05054422, -0.00689317, -0.00472815, 99.97500610, 112.98746490, 32.50000000, 0.00000000
1, 45.2000, 5037, -0.14178118, -0.98226976, 0.22432292, 4.12241650, 34.26429749, 21.21005630, -41.80064392, 1.40309846, -99.29844666, 102.03038025, -4.85121965, 157.57005310, -0.08997817, 0.17716201, 0.75660765, 0.62294662, 0.05725904, 0.00730911, -0.01862696, 99.97500610, 112.98746490, 32.50000000, 0.00000000
1, 45.2050, 5038, -0.15556726, -0.99218965, 0.23364834, 3.81257963, 36.32049179, 21.05270004, -41.80064392, 1.40309846, -99.29844666, 102.03627777, -4.99173212, 157.72653198, -0.08817758, 0.17688149, 0.75669199, 0.62318140, 0.06857979, 0.01744253, -0.02793102, 99.97500610, 112.98746490, 32.50000000, 0.00000000
1, 45.2100, 5039, -0.16869952, -0.99551022, 0.23447636, 2.78363156, 38.90499496, 20.39130402, -41.59602356, -0.32154340, -99.41537476, 102.03545380, -5.13170338, 157.89643860, -0.08631734, 0.17650418, 0.75676060, 0.62346542, 0.07927617, 0.02097514, -0.02882338, 99.97500610, 112.98746490, 32.50000000, 0.00000000
1, 45.2150, 5040, -0.17960228, -0.99775755, 0.23465005, 2.31185937, 42.50151443, 19.85209465, -41.59602356, -0.32154340, -99.41537476, 102.03019714, -5.27274370, 158.08459473, -0.08435658, 0.17600867, 0.75683111, 0.62378812, 0.08773408, 0.02342282, -0.02914689, 99.97500610, 112.98746490, 32.50000000, 0.00000000
1, 45.2200, 5041, -0.18095806, -1.00430238, 0.24801056, 2.26349497, 46.44325256, 19.59614182, -41.59602356, -0.32154340, -99.41537476, 102.02239227, -5.41659021, 158.29243469, -0.08227276, 0.17539620, 0.75691336, 0.62413907, 0.08657031, 0.03014499, -0.04269431, 99.97500610, 112.98746490, 32.50000000, 0.00000000
1, 45.2250, 5042, -0.17924923, -1.00497079, 0.25856152, 1.96849692, 50.27000809, 19.69110870, -41.71294785, 1.75387311, -99.91230774, 102.01081085, -5.56482744, 158.51905823, -0.08006191, 0.17468059, 0.75699681, 0.62452596, 0.08227814, 0.03099723, -0.05347021, 99.97500610, 112.98746490, 32.50000000, 0.00000000
1, 45.2300, 5043, -0.15192783, -0.99742174, 0.25260702, 1.89274061, 53.67428589, 20.05363464, -41.71294785, 1.75387311, -99.91230774, 101.99662018, -5.71829891, 158.76214600, -0.07772895, 0.17388260, 0.75708288, 0.62493896, 0.05233003, 0.02366222, -0.04772163, 99.97500610, 112.98746490, 32.50000000, 0.00000000
1, 45.2650, 5044, 0.14665501, -0.92047822, 0.18201236, 8.03588581, 53.17320633, 27.21929169, -41.74217987, 1.95849168, -100.64308929, 101.90238953, -6.84986925, 160.71803284, -0.05957760, 0.16693409, 0.75797039, 0.62774551, -0.26555783, -0.05144595, 0.02157653, 99.97500610, 112.98746490, 32.50000000, 0.00000000
1, 45.2700, 5045, 0.11544488, -0.95087957, 0.19852218, 7.68965101, 46.92588806, 29.07276535, -41.74217987, 1.95849168, -100.64308929, 101.91685486, -7.04010105, 160.91940308, -0.05717367, 0.16662548, 0.75809187, 0.62790436, -0.23768364, -0.02062913, 0.00510653, 99.97500610, 112.98746490, 32.50000000, 0.00000000
1, 45.2750, 5046, 0.08287837, -0.97626722, 0.19114102, 5.01444721, 41.86651611, 29.93263817, -41.94680023, 2.04618526, -100.35077667, 101.92050171, -7.22942924, 161.09500122, -0.05493216, 0.16647686, 0.75811690, 0.62811357, -0.20838004, 0.00519430, 0.01239781, 99.97500610, 112.98746490, 32.50000000, 0.00000000
1, 45.2800, 5047, 0.04580625, -0.98000681, 0.17897923, 2.63107514, 36.24772644, 30.98577309, -41.94680023, 2.04618526, -100.35077667, 101.91532898, -7.41817379, 161.24185181, -0.05286425, 0.16651098, 0.75805193, 0.62836033, -0.17454931, 0.00934963, 0.02431314, 99.97500610, 112.98746490, 32.50000000, 0.00000000
1, 45.2850, 5048, 0.00280861, -0.97518051, 0.15953483, 2.47392249, 31.83238029, 32.03924942, -41.68371964, 1.92926037, -100.14615631, 101.91188049, -7.60754490, 161.36589050, -0.05091413, 0.16670018, 0.75796175, 0.62858009, -0.13477415, 0.00495891, 0.04349554, 99.97500610, 112.98746490, 32.50000000, 0.00000000
1, 45.2900, 5049, -0.04363443, -0.97019136, 0.15413739, 4.00180626, 29.36986923, 33.60856247, -41.68371964, 1.92926037, -100.14615631, 101.89456940, -7.75905418, 161.47738647, -0.04930753, 0.16676424, 0.75782692, 0.62885368, -0.09127863, 0.00033655, 0.04855812, 99.97500610, 112.98746490, 32.50000000, 0.00000000
1, 45.2950, 5050, -0.05661736, -0.96920049, 0.16993307, 5.19392061, 28.16262627, 35.00175095, -41.68371964, 1.92926037, -100.14615631, 101.90689087, -7.95910263, 161.58039856, -0.04737710, 0.16715634, 0.75777686, 0.62895828, -0.08139920, -0.00027116, 0.03263070, 99.97500610, 112.98746490, 32.50000000, 0.00000000
1, 45.3000, 5051, -0.07258468, -0.97882318, 0.21298571, 6.17381334, 26.94429970, 36.78295135, -42.26834106, 0.64308679, -100.52616119, 101.92488861, -8.16663933, 161.67555237, -0.04543059, 0.16764203, 0.75773525, 0.62902266, -0.06909904, 0.00983325, -0.01028685, 99.97500610, 112.98746490, 32.50000000, 0.00000000
1, 45.3050, 5052, -0.08544756, -0.98847902, 0.24642955, 5.56988335, 27.09127998, 37.70549774, -42.26834106, 0.64308679, -100.52616119, 101.93955231, -8.37887573, 161.77043152, -0.04345806, 0.16815239, 0.75766766, 0.62910736, -0.05996624, 0.02000671, -0.04361727, 99.97500610, 112.98746490, 32.50000000, 0.00000000
1, 45.3100, 5053, -0.09954529, -0.99459386, 0.24185972, 4.59252501, 28.60430527, 38.17462921, -42.12218475, 1.98772287, -100.49693298, 101.94794464, -8.59499741, 161.87236023, -0.04142956, 0.16863410, 0.75756931, 0.62923360, -0.04957435, 0.02670306, -0.03904164, 99.97500610, 112.98746490, 32.50000000, 0.00000000
1, 45.3650, 5054, -0.19423555, -1.05185604, 0.21619286, 1.29360580, 45.69435883, 38.97449112, -43.87606049, 2.74773455, -100.87693787, 101.82339478, -11.10684681, 163.56315613, -0.01536594, 0.17082255, 0.75587589, 0.63185060, 0.00207314, 0.09087889, -0.01718437, 99.97500610, 112.98746490, 32.50000000, 0.00000000
1, 45.3700, 5055, -0.17525195, -1.07097900, 0.26270837, 1.53920245, 46.13240814, 39.68284988, -43.26220322, 2.92312193, -100.61385345, 101.79474640, -11.34794712, 163.75234985, -0.01273820, 0.17085563, 0.75565416, 0.63216531, -0.02113410, 0.11062080, -0.06432164, 99.97500610, 112.98746490, 32.50000000, 0.00000000
1, 45.3750, 5056, -0.11559559, -1.08796418, 0.29923046, 0.51480240, 45.81639862, 40.88013458, -43.26220322, 2.92312193, -100.61385345, 101.76070404, -11.59449863, 163.93902588, -0.01009521, 0.17093511, 0.75538981, 0.63250744, -0.08507615, 0.12826133, -0.10144007, 99.97500610, 112.98746490, 32.50000000, 0.00000000
1, 45.3800, 5057, -0.06440975, -1.08640945, 0.27801353, -0.66043299, 46.19695663, 42.02583313, -43.26220322, 2.92312193, -100.61385345, 101.71980286, -11.84693336, 164.12673950, -0.00741663, 0.17104009, 0.75507921, 0.63288689, -0.14050089, 0.12747183, -0.08092937, 99.97500610, 112.98746490, 32.50000000, 0.00000000
1, 45.3850, 5058, -0.03318025, -1.07985616, 0.19852358, -0.91512245, 46.83859253, 42.78046417, -44.05144501, 1.78310430, -100.93539429, 101.67620850, -12.10358524, 164.31726074, -0.00469787, 0.17115083, 0.75475031, 0.63327503, -0.17589861, 0.12180020, -0.00226563, 99.97500610, 112.98746490, 32.50000000, 0.00000000
1, 45.3900, 5059, -0.00362836, -1.07209694, 0.15800133, -0.02321841, 46.79251480, 43.57421494, -44.05144501, 1.78310430, -100.93539429, 101.61558533, -12.28610229, 164.50857544, -0.00249979, 0.17086256, 0.75443506, 0.63374090, -0.20911121, 0.11472240, 0.03731921, 99.97500610, 112.98746490, 32.50000000, 0.00000000
1, 45.3950, 5060, 0.03909862, -1.06658053, 0.16465177, 0.69276214, 46.72984695, 45.00075150, -44.22683334, 3.82928967, -101.08155060, 101.57907104, -12.55316162, 164.69708252, 0.00028908, 0.17104642, 0.75412458, 0.63406575, -0.25571066, 0.10986206, 0.02982430, 99.97500610, 112.98746490, 32.50000000, 0.00000000
1, 45.4000, 5061, 0.12858257, -1.06008959, 0.11758915, 0.77427167, 46.33317947, 47.05833435, -44.22683334, 3.82928967, -101.08155060, 101.54294586, -12.82980824, 164.88186646, 0.00312264, 0.17130764, 0.75379491, 0.63437945, -0.34974512, 0.10434794, 0.07630181, 99.97500610, 112.98746490, 32.50000000, 0.00000000
1, 45.4050, 5062, 0.18748131, -1.05910099, 0.07343428, 1.05862439, 44.10218048, 50.15623474, -44.22683334, 3.82928967, -101.08155060, 101.51052094, -13.11930275, 165.05265808, 0.00597097, 0.17173082, 0.75344414, 0.63466126, -0.41337383, 0.10440184, 0.11981355, 99.97500610, 112.98746490, 32.50000000, 0.00000000
1, 45.4100, 5063, 0.24776752, -1.06144917, 0.01979308, 1.47470379, 40.25653076, 55.28204727, -44.40222168, 3.77082729, -101.37386322, 101.48493958, -13.43004131, 165.19921875, 0.00883842, 0.17242751, 0.75306123, 0.63489324, -0.47874242, 0.10794568, 0.17291039, 99.97500610, 112.98746490, 32.50000000, 0.00000000
1, 45.4600, 5064, 0.22196802, -1.07683814, 0.08287094, 6.59814072, 10.82307243, 108.28532410, -46.82841110, 4.88161373, -101.37386322, 101.56429291, -17.55495644, 165.59677124, 0.03895745, 0.19170786, 0.74753827, 0.63475740, -0.52154469, 0.14189124, 0.10697857, 99.97500610, 112.98746490, 32.50000000, 0.00000000
1, 45.4650, 5065, 0.19361691, -1.09895349, 0.11946017, 7.26231718, 6.92336082, 112.84585571, -46.82841110, 4.88161373, -101.37386322, 101.62729645, -18.11466980, 165.51423645, 0.04237655, 0.19517562, 0.74678236, 0.63437128, -0.50250018, 0.16702536, 0.07065862, 99.97500610, 112.98746490, 32.50000000, 0.00000000
1, 45.4700, 5066, 0.16354525, -1.11948729, 0.11350332, 7.64355278, 2.69387913, 116.52582550, -48.11458588, 5.37854433, -101.11078644, 101.70144653, -18.68805885, 165.40501404, 0.04576224, 0.19887462, 0.74599481, 0.63391364, -0.48185918, 0.19086049, 0.07703957, 99.97500610, 112.98746490, 32.50000000, 0.00000000
1, 45.4750, 5067, 0.12998979, -1.13581002, 0.10290314, 8.53949070, 0.03471129, 120.27173615, -48.11458588, 5.37854433, -101.11078644, 101.78736877, -19.27694893, 165.27680969, 0.04917196, 0.20276183, 0.74518514, 0.63337898, -0.45794085, 0.21070616, 0.08819794, 99.97500610, 112.98746490, 32.50000000, 0.00000000
1, 45.4800, 5068, 0.08944306, -1.16329193, 0.10795978, 9.66301441, -0.94140583, 123.63421631, -48.11458588, 5.37854433, -101.11078644, 101.88361359, -19.88111115, 165.13841248, 0.05265160, 0.20677710, 0.74435782, 0.63277364, -0.42728910, 0.24190843, 0.08379562, 99.97500610, 112.98746490, 32.50000000, 0.00000000
1, 45.4850, 5069, 0.04830633, -1.19771290, 0.14264660, 10.14535522, -1.88341081, 126.79537964, -48.78690338, 5.29085064, -100.99385834, 101.98713684, -20.49954224, 164.99000549, 0.05619089, 0.21091358, 0.74349523, 0.63211781, -0.39631987, 0.28021431, 0.04982387, 99.97500610, 112.98746490, 32.50000000, 0.00000000
1, 45.4900, 5070, 0.03028209, -1.22700822, 0.18398003, 10.23776150, -2.93332529, 129.95890808, -48.78690338, 5.29085064, -100.99385834, 102.08531189, -21.06029129, 164.83245850, 0.05928665, 0.21479735, 0.74266630, 0.63150144, -0.38808900, 0.31335920, 0.00927615, 99.97500610, 112.98746490, 32.50000000, 0.00000000
1, 45.4950, 5071, 0.03768277, -1.26254916, 0.20615314, 10.36803341, -4.22158098, 132.90599060, -49.78076553, 5.78778124, -101.37386322, 102.20119476, -21.70564079, 164.66136169, 0.06291774, 0.21918248, 0.74171346, 0.63076276, -0.40540570, 0.35298318, -0.01201738, 99.97500610, 112.98746490, 32.50000000, 0.00000000
1, 45.5000, 5072, 0.05957357, -1.30538034, 0.21719977, 10.98937988, -4.88468266, 136.10707092, -49.78076553, 5.78778124, -101.37386322, 102.32556152, -22.36559486, 164.48086548, 0.06661949, 0.22367992, 0.74072337, 0.62996668, -0.43795443, 0.40038651, -0.02204811, 99.97500610, 112.98746490, 32.50000000, 0.00000000
1, 45.5050, 5073, 0.09130796, -1.35170960, 0.23136424, 11.39263821, -5.22889757, 139.00306702, -49.78076553, 5.78778124, -101.37386322, 102.45685577, -23.03896332, 164.29273987, 0.07039144, 0.22827113, 0.73969036, 0.62912285, -0.48052439, 0.45151734, -0.03512695, 99.97500610, 112.98746490, 32.50000000, 0.00000000
1, 45.5250, 5074, 0.18693013, -1.48403561, 0.24555896, 10.22416782, -8.77330017, 151.37698364, -52.20695496, 7.54165459, -101.28617096, 103.04408264, -25.87183571, 163.42083740, 0.08598602, 0.24783801, 0.73492563, 0.62535357, -0.62103009, 0.60559094, -0.04472909, 99.97500610, 112.98746490, 32.50000000, 0.00000000
1, 45.5300, 5075, 0.18305862, -1.48881149, 0.21583301, 9.97620201, -8.15357304, 154.51454163, -52.20695496, 7.54165459, -101.28617096, 103.20130157, -26.61520004, 163.18241882, 0.09005845, 0.25296342, 0.73355037, 0.62434202, -0.62867558, 0.61649269, -0.01391212, 99.97500610, 112.98746490, 32.50000000, 0.00000000
1, 45.5350, 5076, 0.18138988, -1.48382294, 0.19036314, 9.73856735, -5.50711060, 157.38482666, -53.28851318, 8.12627888, -101.28617096, 103.35702515, -27.37497139, 162.95091248, 0.09428705, 0.25809750, 0.73209250, 0.62332678, -0.63871378, 0.61789238, 0.01256932, 99.97500610, 112.98746490, 32.50000000, 0.00000000
1, 45.5400, 5077, 0.18338104, -1.48805749, 0.17812349, 10.96631145, -0.41906986, 160.64517212, -53.28851318, 8.12627888, -101.28617096, 103.49901581, -28.09612656, 162.74351501, 0.09836404, 0.26286849, 0.73065764, 0.62238592, -0.65220875, 0.62853265, 0.02564775, 99.97500610, 112.98746490, 32.50000000, 0.00000000
1, 45.5450, 5078, 0.18414061, -1.50421429, 0.20993577, 13.37450695, 7.07988071, 164.01808167, -53.75621033, 7.36626720, -100.87693787, 103.65296936, -28.90170670, 162.56520081, 0.10320672, 0.26783046, 0.72910047, 0.62131131, -0.66486835, 0.65136421, -0.00546768, 99.97500610, 112.98746490, 32.50000000, 0.00000000
1, 45.5500, 5079, 0.15795688, -1.54548430, 0.26253998, 15.98149014, 18.50549316, 166.39540100, -53.75621033, 7.36626720, -100.87693787, 103.79445648, -29.73186493, 162.44354248, 0.10850187, 0.27253157, 0.72749680, 0.62024385, -0.65138245, 0.69987226, -0.05770510, 99.97500610, 112.98746490, 32.50000000, 0.00000000
1, 45.5550, 5080, 0.16216795, -1.62415016, 0.27475768, 17.69790840, 32.89393234, 168.36396790, -53.75621033, 7.36626720, -100.87693787, 103.90842438, -30.58842468, 162.39683533, 0.11432073, 0.27688161, 0.72580808, 0.61924958, -0.66847169, 0.78614569, -0.07002111, 99.97500610, 112.98746490, 32.50000000, 0.00000000
1, 45.5600, 5081, 0.22234982, -1.71090519, 0.23013672, 19.53032112, 49.91637039, 172.39181519, -55.27623367, 9.93861389, -101.16925049, 103.98649597, -31.48484612, 162.43884277, 0.12080236, 0.28087255, 0.72399294, 0.61834592, -0.74181557, 0.88097310, -0.02603120, 99.97500610, 112.98746490, 32.50000000, 0.00000000
1, 45.5650, 5082, 0.35804650, -1.84178948, 0.24501754, 24.37235069, 71.00555420, 176.40815735, -55.27623367, 9.93861389, -101.16925049, 104.02770233, -32.42607880, 162.59516907, 0.12810898, 0.28437540, 0.72210085, 0.61748618, -0.89135772, 1.02029753, -0.04212551, 99.97500610, 112.98746490, 32.50000000, 0.00000000
1, 45.5700, 5083, 0.63312167, -2.03727674, 0.32923245, 29.29966736, 96.38938141, 178.56285095, -56.70856476, 11.16632557, -100.90616608, 104.01255035, -33.40830994, 162.89648438, 0.13632345, 0.28721207, 0.72011948, 0.61672777, -1.18092489, 1.22454715, -0.12814784, 99.97500610, 112.98746490, 32.50000000, 0.00000000
1, 45.6150, 5084, 0.10976544, -1.36441875, 0.38200599, 2.21150732, 203.45953369, 110.51414490, -58.28704834, 13.56328583, -103.71236420, 100.41998291, -40.99008942, 169.84405518, 0.21491936, 0.28690004, 0.69709945, 0.62092710, -0.76424521, 0.61985409, -0.24451828, 99.97500610, 112.98746490, 32.50000000, 0.00000000
1, 45.6200, 5085, -0.05855303, -1.14861083, 0.34036374, -7.10201502, 205.48564148, 108.36754608, -58.17012405, 13.70944118, -104.79392242, 99.57722473, -41.70072556, 171.06800842, 0.22400554, 0.28466418, 0.69359720, 0.62266427, -0.60523510, 0.41029465, -0.21506277, 99.97500610, 112.98746490, 32.50000000, 0.00000000
1, 45.6250, 5086, -0.32974526, -0.91075790, 0.19392040, -8.69065189, 202.45120239, 112.34645081, -58.17012405, 13.70944118, -104.79392242, 98.71303558, -42.41481400, 172.29537964, 0.23306596, 0.28261667, 0.68996173, 0.62430841, -0.34288701, 0.17900188, -0.08132844, 99.97500610, 112.98746490, 32.50000000, 0.00000000
1, 45.6300, 5087, -0.42030734, -0.91079938, 0.15181738, -0.31223756, 187.90966797, 120.44592285, -58.95936966, 14.49868488, -106.08009338, 97.93238831, -43.14522171, 173.44500732, 0.24199064, 0.28109425, 0.68653584, 0.62537605, -0.26155859, 0.18603650, -0.05117415, 99.97500610, 112.98746490, 32.50000000, 0.00000000
1, 45.6350, 5088, -0.49113956, -1.06291366, 0.20158413, 5.77136660, 155.65022278, 134.53179932, -58.95936966, 14.49868488, -106.08009338, 97.31388092, -43.91401291, 174.38755798, 0.25038874, 0.28078699, 0.68338317, 0.62566102, -0.20048562, 0.34597573, -0.11065208, 99.97500610, 112.98746490, 32.50000000, 0.00000000
1, 45.6400, 5089, -0.49363655, -1.05805743, 0.31868568, -13.26129436, 131.32762146, 142.67694092, -58.95936966, 14.49868488, -106.08009338, 96.72051239, -44.66326904, 175.16131592, 0.25776523, 0.28142363, 0.68001324, 0.62605095, -0.20789659, 0.34923661, -0.23636520, 99.97500610, 112.98746490, 32.50000000, 0.00000000
1, 45.6450, 5090, -0.48930129, -1.19117904, 0.31111479, -25.32674980, 110.74253845, 139.74603271, -58.95936966, 14.14791012, -107.42472839, 96.12166595, -45.41910172, 175.83111572, 0.26455739, 0.28280750, 0.67634749, 0.62656474, -0.22145213, 0.49065971, -0.23738903, 99.97500610, 112.98746490, 32.50000000, 0.00000000
1, 45.6500, 5091, -0.45887053, -1.30381310, 0.36861899, -30.74844742, 95.71361542, 132.62165833, -58.95936966, 14.14791012, -107.42472839, 95.54862213, -46.12715149, 176.41857910, 0.27062950, 0.28444019, 0.67275536, 0.62709945, -0.26081711, 0.61139125, -0.30293119, 99.97500610, 112.98746490, 32.50000000, 0.00000000
1, 45.6950, 5092, -0.62593526, -0.46356541, 0.43440592, -95.52429199, -71.22196960, 41.34605026, -61.53171539, 19.84799767, -108.50628662, 92.79614258, -49.94758987, 175.64743042, 0.28177717, 0.31588840, 0.64491075, 0.63632256, -0.14009556, -0.18046889, -0.40521637, 99.97500610, 112.98746490, 32.50000000, 0.00000000
1, 45.7000, 5093, -0.61853492, -0.33090046, 0.50723124, -89.71205139, -74.28452301, 33.10201645, -61.53171539, 19.84799767, -108.50628662, 92.79987335, -50.09652710, 175.05772400, 0.27937776, 0.31998828, 0.64286482, 0.63740140, -0.14946908, -0.31112409, -0.47798735, 99.97500610, 112.98746490, 32.50000000, 0.00000000
1, 45.7050, 5094, -0.58919454, -0.25672296, 0.53114021, -87.08248901, -76.03916931, 24.36882782, -61.94095230, 19.84799767, -108.88629150, 92.82679749, -50.20129395, 174.45593262, 0.27671453, 0.32385176, 0.64101762, 0.63847131, -0.18016592, -0.38377738, -0.50152409, 99.97500610, 112.98746490, 32.50000000, 0.00000000
1, 45.7100, 5095, -0.62057149, -0.25060469, 0.43253082, -87.85689545, -78.87995148, 14.67162132, -61.94095230, 19.84799767, -108.88629150, 92.86537170, -50.25671768, 173.83448792, 0.27368262, 0.32752466, 0.63930261, 0.63962311, -0.14930356, -0.38880369, -0.40263039, 99.97500610, 112.98746490, 32.50000000, 0.00000000
1, 45.7150, 5096, -0.68890774, -0.36214340, 0.33213857, -87.89431000, -83.77645111, 5.26655960, -61.94095230, 19.84799767, -108.88629150, 92.93087006, -50.26362991, 173.17793274, 0.27024314, 0.33106422, 0.63776112, 0.64080101, -0.08092769, -0.27681714, -0.30196863, 99.97500610, 112.98746490, 32.50000000, 0.00000000
1, 45.7200, 5097, -0.77280682, -0.53299332, 0.31548557, -90.29656982, -92.55036926, -1.60695803, -61.97018433, 20.25723457, -108.53551483, 93.03464508, -50.23340988, 172.45570374, 0.26632458, 0.33467737, 0.63633537, 0.64198101, 0.00325557, -0.10617863, -0.28474039, 99.97500610, 112.98746490, 32.50000000, 0.00000000
1, 45.7250, 5098, -0.77668417, -0.65327477, 0.33571404, -95.39171600, -104.48024750, -5.64714050, -61.97018433, 20.25723457, -108.53551483, 93.18222046, -50.17894363, 171.64282227, 0.26187849, 0.33856124, 0.63494152, 0.64315259, 0.00763091, 0.01349289, -0.30362153, 99.97500610, 112.98746490, 32.50000000, 0.00000000
1, 45.7300, 5099, -0.68361115, -0.69603324, 0.36699888, -101.74887848, -117.57377625, -8.08659267, -62.67173386, 20.43262100, -107.83396912, 93.37383270, -50.10719681, 170.73034668, 0.25689712, 0.34280446, 0.63352740, 0.64430749, -0.08476572, 0.05541214, -0.33267072, 99.97500610, 112.98746490, 32.50000000, 0.00000000
1, 45.7350, 5100, -0.57119995, -0.63343143, 0.38098902, -109.52808380, -128.10273743, -11.95406055, -62.67173386, 20.43262100, -107.83396912, 93.58558655, -50.01105118, 169.73974609, 0.25138727, 0.34730801, 0.63203806, 0.64553040, -0.19621137, -0.00826511, -0.34387106, 99.97500610, 112.98746490, 32.50000000, 0.00000000
1, 45.7400, 5101, -0.52407968, -0.54323232, 0.36439598, -118.84537506, -132.94038391, -19.87255669, -62.67173386, 20.43262100, -107.83396912, 93.84547424, -49.85826492, 168.66476440, 0.24520446, 0.35188353, 0.63071060, 0.64672792, -0.24175075, -0.10010047, -0.32431781, 99.97500610, 112.98746490, 32.50000000, 0.00000000
1, 45.7650, 5102, -0.39050812, -0.09522921, 0.30946890, -128.40953064, -173.02134705, -66.16883850, -63.37328339, 21.22186470, -107.16164398, 94.84854126, -48.40783310, 163.10185242, 0.20796029, 0.37305695, 0.62360430, 0.65475100, -0.35934579, -0.56546021, -0.25554740, 99.97500610, 112.98746490, 32.50000000, 0.00000000
1, 45.7700, 5103, -0.36719000, -0.10195702, 0.28186223, -127.61641693, -193.96965027, -76.98358154, -64.07482910, 19.40952873, -106.40163422, 95.25228882, -47.94218826, 161.70252991, 0.19840610, 0.37766349, 0.62292141, 0.65572429, -0.37739199, -0.56412113, -0.22300586, 99.97500610, 112.98746490, 32.50000000, 0.00000000
1, 45.7750, 5104, -0.33236527, -0.13465689, 0.26239002, -128.76263428, -216.54719543, -88.82899475, -64.07482910, 19.40952873, -106.40163422, 95.74513245, -47.39965439, 160.16362000, 0.18785584, 0.38255870, 0.62251729, 0.65637743, -0.40603837, -0.53759927, -0.19735461, 99.97500610, 112.98746490, 32.50000000, 0.00000000
1, 45.7800, 5105, -0.29836369, -0.17228703, 0.25758424, -131.39619446, -236.95288086, -101.72537231, -64.16252136, 20.87108994, -105.70008850, 96.29821777, -46.77299881, 158.50975037, 0.17631030, 0.38765478, 0.62232709, 0.65677047, -0.43285471, -0.50701863, -0.18536270, 99.97500610, 112.98746490, 32.50000000, 0.00000000
1, 45.7850, 5106, -0.27918375, -0.20575708, 0.29446009, -133.54191589, -250.50700378, -114.00897217, -64.16252136, 20.87108994, -105.70008850, 96.86949921, -46.06666183, 156.79760742, 0.16397847, 0.39275837, 0.62228137, 0.65697634, -0.44388443, -0.48149878, -0.21448022, 99.97500610, 112.98746490, 32.50000000, 0.00000000
1, 45.7900, 5107, -0.26190838, -0.26029900, 0.42799735, -134.37541199, -254.41996765, -124.04643250, -64.16252136, 20.87108994, -105.70008850, 97.47036743, -45.29084396, 155.05940247, 0.15114744, 0.39774746, 0.62251872, 0.65682721, -0.45227677, -0.43573725, -0.33988413, 99.97500610, 112.98746490, 32.50000000, 0.00000000
1, 45.7950, 5108, -0.25620148, -0.30597162, 0.53465557, -136.63998413, -251.73045349, -133.94338989, -64.71791840, 18.24028015, -103.82929230, 97.93962860, -44.46194458, 153.42376709, 0.13809577, 0.40221554, 0.62250710, 0.65699095, -0.44814399, -0.39944756, -0.43896547, 99.97500610, 112.98746490, 32.50000000, 0.00000000
1, 45.8000, 5109, -0.24762176, -0.33197352, 0.62626433, -145.02499390, -233.54786682, -141.36012268, -64.71791840, 18.24028015, -103.82929230, 98.23602295, -43.60128784, 151.95173645, 0.12515144, 0.40593654, 0.62216032, 0.65762395, -0.44630060, -0.38326979, -0.52488971, 99.97500610, 112.98746490, 32.50000000, 0.00000000
1, 45.8050, 5110, -0.26310134, -0.33137053, 0.69351262, -146.83273315, -220.48594666, -146.38874817, -64.95176697, 19.99415398, -103.33235931, 98.42522430, -42.72068405, 150.59936523, 0.11236212, 0.40908381, 0.62166846, 0.65844786, -0.41987222, -0.39398554, -0.58796728, 99.97500610, 112.98746490, 32.50000000, 0.00000000
1, 45.8100, 5111, -0.31500080, -0.32479864, 0.74708831, -144.79557800, -207.23350525, -149.25350952, -64.95176697, 19.99415398, -103.33235931, 98.53277588, -41.83300781, 149.36067200, 0.09986627, 0.41169298, 0.62111610, 0.65935606, -0.35669506, -0.41074926, -0.63852108, 99.97500610, 112.98746490, 32.50000000, 0.00000000
1, 45.8200, 5112, -0.49914467, -0.38317388, 0.73293239, -135.75413513, -184.05329895, -148.15008545, -65.01023102, 19.46799088, -102.89389038, 98.58584595, -40.08620453, 147.16929626, 0.07606904, 0.41566324, 0.61994636, 0.66113859, -0.14949399, -0.37211716, -0.62092495, 99.97500610, 112.98746490, 32.50000000, 0.00000000
1, 45.8250, 5113, -0.60097349, -0.44149923, 0.62434947, -133.79489136, -178.08149719, -146.63061523, -65.01023102, 19.46799088, -102.89389038, 98.55574036, -39.23143005, 146.16543579, 0.06459548, 0.41727480, 0.61927426, 0.66197324, -0.03590583, -0.32314861, -0.51155084, 99.97500610, 112.98746490, 32.50000000, 0.00000000
1, 45.8300, 5114, -0.70962244, -0.51114309, 0.48634592, -136.06504822, -175.31529236, -145.13369751, -64.19175720, 18.82490540, -101.34463501, 98.48566437, -38.38676834, 145.18888855, 0.05319003, 0.41879690, 0.61841828, 0.66282636, 0.08456929, -0.26260096, -0.37334275, 99.97500610, 112.98746490, 32.50000000, 0.00000000
1, 45.8350, 5115, -0.79576772, -0.57054758, 0.36669484, -142.30625916, -171.16915894, -145.97192383, -64.19175720, 18.82490540, -101.34463501, 98.35086823, -37.54238510, 144.24851990, 0.04175117, 0.42013490, 0.61730456, 0.66383624, 0.18258432, -0.21223515, -0.25424731, 99.97500610, 112.98746490, 32.50000000, 0.00000000
1, 45.8400, 5116, -0.85078841, -0.61043406, 0.29695725, -151.33370972, -160.87463379, -150.02821350, -64.19175720, 18.82490540, -101.34463501, 98.13160706, -36.70763779, 143.37379456, 0.03043966, 0.42115930, 0.61589247, 0.66511261, 0.24945953, -0.18145230, -0.18618014, 99.97500610, 112.98746490, 32.50000000, 0.00000000
1, 45.8450, 5117, -0.86686116, -0.61925876, 0.31262952, -161.33648682, -146.69120789, -155.38145447, -64.48406982, 18.35720444, -100.58462524, 97.77846527, -35.83961487, 142.60408020, 0.01902626, 0.42145091, 0.61419666, 0.66691798, 0.27748680, -0.18205366, -0.20505628, 99.97500610, 112.98746490, 32.50000000, 0.00000000
1, 45.8500, 5118, -0.86538774, -0.60211039, 0.37680846, -170.87580872, -132.89048767, -162.04669189, -64.48406982, 18.35720444, -100.58462524, 97.31582642, -34.95203781, 141.92449951, 0.00761013, 0.42111245, 0.61224955, 0.66914648, 0.28835690, -0.20900384, -0.27411789, 99.97500610, 112.98746490, 32.50000000, 0.00000000
1, 45.8550, 5119, -0.85524172, -0.59433770, 0.40602636, -177.74334717, -118.97600555, -166.67512512, -63.63636398, 16.69102669, -100.32154083, 96.76203918, -34.05480957, 141.32995605, -0.00369754, 0.42018682, 0.61009777, 0.67172182, 0.29099751, -0.22660765, -0.30965602, 99.97500610, 112.98746490, 32.50000000, 0.00000000
1, 45.8600, 5120, -0.81764239, -0.58250511, 0.42296338, -185.96951294, -98.72103882, -171.83619690, -63.63636398, 16.69102669, -100.32154083, 96.09327698, -33.14865494, 140.85446167, -0.01476805, 0.41847077, 0.60771561, 0.67479330, 0.26646298, -0.24827267, -0.33482569, 99.97500610, 112.98746490, 32.50000000, 0.00000000
1, 45.8650, 5121, -0.76702780, -0.58409297, 0.40077493, -191.13682556, -87.09823608, -176.15531921, -63.63636398, 16.69102669, -100.32154083, 95.35826111, -32.23169708, 140.44195557, -0.02575037, 0.41623533, 0.60518110, 0.67811573, 0.22929443, -0.25635436, -0.32210445, 99.97500610, 112.98746490, 32.50000000, 0.00000000
1, 45.8850, 5122, -0.58957177, -0.69839537, 0.23506574, -201.16928101, -65.37683868, -198.18861389, -61.99941635, 15.11254025, -102.04618073, 92.05642700, -28.36993980, 139.09400940, -0.06997748, 0.40323260, 0.59429812, 0.69232684, 0.10996199, -0.17908925, -0.20292759, 99.97500610, 112.98746490, 32.50000000, 0.00000000
1, 45.8900, 5123, -0.51280379, -0.69001627, 0.23151600, -201.56834412, -68.87480927, -203.55978394, -61.99941635, 15.11254025, -102.04618073, 91.23325348, -27.35583496, 138.72753906, -0.08136958, 0.39951634, 0.59156096, 0.69557273, 0.04880687, -0.19621097, -0.21176159, 99.97500610, 112.98746490, 32.50000000, 0.00000000
1, 45.8950, 5124, -0.44032258, -0.66835439, 0.21008033, -201.20121765, -73.81081390, -208.23890686, -61.79479599, 14.79099655, -101.75387573, 90.40468597, -26.31260490, 138.32867432, -0.09309382, 0.39565831, 0.58874440, 0.69869035, -0.00756071, -0.22627807, -0.20273979, 99.97500610, 112.98746490, 32.50000000, 0.00000000
1, 45.9000, 5125, -0.33998296, -0.62959361, 0.16052291, -199.38940430, -77.49404907, -212.34570313, -61.79479599, 14.79099655, -101.75387573, 89.59313202, -25.25405312, 137.89637756, -0.10499097, 0.39174688, 0.58593774, 0.70156139, -0.09123366, -0.27308768, -0.16564444, 99.97500610, 112.98746490, 32.50000000, 0.00000000
1, 45.9050, 5126, -0.15183036, -0.59059608, 0.09731644, -193.38502502, -83.75341034, -216.46214294, -60.04092407, 13.65097904, -102.71850586, 88.82391357, -24.18083191, 137.41699219, -0.11705381, 0.38788167, 0.58325428, 0.70403183, -0.26231611, -0.31973350, -0.11435658, 99.97500610, 112.98746490, 32.50000000, 0.00000000
1, 45.9100, 5127, -0.06094988, -0.60384500, 0.08958634, -183.29284668, -98.20825195, -218.68774414, -60.04092407, 13.65097904, -102.71850586, 88.13287354, -23.10430336, 136.84739685, -0.12936181, 0.38439003, 0.58074081, 0.70586830, -0.33599752, -0.31381682, -0.11813517, 99.97500610, 112.98746490, 32.50000000, 0.00000000
1, 45.9150, 5128, 0.09307023, -0.65983915, 0.10467483, -167.44137573, -129.84594727, -219.85392761, -60.04092407, 13.65097904, -102.77696228, 87.58021545, -22.03347969, 136.09843445, -0.14221838, 0.38186410, 0.57845575, 0.70664191, -0.47279084, -0.26479045, -0.14246391, 99.97500610, 112.98746490, 32.50000000, 0.00000000
1, 45.9200, 5129, 0.23201522, -0.74471653, 0.13588552, -157.99827576, -163.56178284, -219.44578552, -59.36860657, 12.33557415, -102.77696228, 87.12976074, -20.97875404, 135.16416931, -0.15572882, 0.38037717, 0.57613850, 0.70648873, -0.59464478, -0.18647555, -0.18147680, 99.97500610, 112.98746490, 32.50000000, 0.00000000
1, 45.9250, 5130, 0.34773824, -0.86201620, 0.19502071, -152.05229187, -204.86245728, -217.73678589, -59.36860657, 12.33557415, -102.77696228, 86.77043152, -19.94995880, 134.00892639, -0.17009261, 0.38017070, 0.57357818, 0.70536995, -0.69360501, -0.07534290, -0.24705154, 99.97500610, 112.98746490, 32.50000000, 0.00000000
1, 45.9300, 5131, 0.44448501, -0.99204957, 0.25214389, -151.17027283, -250.78625488, -215.33740234, -58.17012405, 11.22478771, -101.92926025, 86.47660065, -18.95318985, 132.61262512, -0.18547505, 0.38135719, 0.57052988, 0.70332175, -0.77398396, 0.04898481, -0.30954897, 99.97500610, 112.98746490, 32.50000000, 0.00000000
1, 45.9450, 5132, 0.66179216, -1.35335028, 0.36564353, -162.08233643, -401.92355347, -204.67489624, -57.05933762, 10.14323330, -101.43232727, 85.81607056, -16.17067909, 126.87976837, -0.23859812, 0.39354056, 0.55685687, 0.69145298, -0.94479358, 0.39586926, -0.43544042, 99.97500610, 112.98746490, 32.50000000, 0.00000000
1, 45.9500, 5133, 0.69917989, -1.45526540, 0.46458369, -163.32540894, -453.19195557, -196.55720520, -57.05933762, 10.14323330, -101.43232727, 85.65559387, -15.36507416, 124.45478058, -0.25826156, 0.40066746, 0.55040300, 0.68543655, -0.96861434, 0.49388576, -0.53756404, 99.97500610, 112.98746490, 32.50000000, 0.00000000
1, 45.9550, 5134, 0.67286325, -1.53422046, 0.59820646, -165.10398865, -503.78750610, -186.17329407, -57.14703369, 9.93861389, -99.41537476, 85.51979828, -14.63713264, 121.77971649, -0.27871254, 0.40931448, 0.54283667, 0.67831361, -0.93003488, 0.56939268, -0.67401350, 99.97500610, 112.98746490, 32.50000000, 0.00000000
1, 45.9600, 5135, 0.57773572, -1.57501256, 0.88686424, -168.65222168, -551.79071045, -174.12773132, -57.14703369, 9.93861389, -99.41537476, 85.39361572, -13.99451637, 118.86946869, -0.29982328, 0.41936100, 0.53401595, 0.67012644, -0.82440245, 0.60698998, -0.96534699, 99.97500610, 112.98746490, 32.50000000, 0.00000000
1, 45.9650, 5136, 0.45193020, -1.56949186, 1.03718853, -175.41038513, -593.13830566, -161.88269043, -56.94241333, 9.82168961, -97.33995819, 85.25104523, -13.43687439, 115.75871277, -0.32143995, 0.43050390, 0.52383614, 0.66101325, -0.68899691, 0.59895968, -1.11851335, 99.97500610, 112.98746490, 32.50000000, 0.00000000
1, 45.9700, 5137, 0.26479772, -1.52585268, 1.25911772, -186.87605286, -644.08569336, -144.61878967, -56.94241333, 9.82168961, -97.33995819, 85.08260345, -12.99525547, 112.39965057, -0.34366295, 0.44299379, 0.51185375, 0.65089023, -0.49460167, 0.55333769, -1.34369218, 99.97500610, 112.98746490, 32.50000000, 0.00000000
1, 45.9750, 5138, 0.09329417, -1.49304318, 1.39482498, -192.64840698, -661.07647705, -132.40159607, -56.94241333, 9.82168961, -97.33995819, 84.87957764, -12.63274193, 108.96341705, -0.36571288, 0.45574734, 0.49874824, 0.64015532, -0.31692255, 0.51910514, -1.48320222, 99.97500610, 112.98746490, 32.50000000, 0.00000000
1, 45.9800, 5139, -0.10988614, -1.45705402, 1.51126087, -195.84541321, -667.27154541, -119.15368652, -56.29932785, 8.97398376, -94.82607269, 84.64675903, -12.35182381, 105.50483704, -0.38724518, 0.46848217, 0.48472279, 0.62897497, -0.10890115, 0.48213205, -1.60400963, 99.97500610, 112.98746490, 32.50000000, 0.00000000
1, 45.9850, 5140, -0.33801010, -1.37645555, 1.60734057, -198.09730530, -666.44421387, -106.45146179, -56.29932785, 8.97398376, -94.82607269, 84.38594055, -12.14831638, 102.05879211, -0.40809035, 0.48098251, 0.46993339, 0.61747938, 0.12277636, 0.40096250, -1.70492029, 99.97500610, 112.98746490, 32.50000000, 0.00000000
1, 45.9900, 5141, -0.51167655, -1.31082416, 1.66352010, -195.44294739, -657.53582764, -97.82533264, -56.06547546, 8.38935947, -92.37065125, 84.13390350, -12.00135231, 98.66114044, -0.42801702, 0.49310479, 0.45482141, 0.60562921, 0.29903349, 0.33509481, -1.76590061, 99.97500610, 112.98746490, 32.50000000, 0.00000000
1, 46.0350, 5142, -1.29462504, -0.62431335, 1.37736273, -139.59127808, -257.89511108, -69.27632141, -53.75621033, 7.36626720, -87.89827728, 80.64330292, -11.63372898, 76.95829010, -0.55297261, 0.55202705, 0.34006733, 0.52329892, 1.08892894, -0.34453416, -1.53904867, 99.97500610, 112.98746490, 32.50000000, 0.00000000
1, 46.0400, 5143, -1.26972389, -0.63501000, 1.19148922, -125.78341675, -214.94468689, -71.68820190, -53.17158508, 4.53083897, -88.04443359, 80.27287292, -11.48985958, 75.80930328, -0.56055516, 0.55307931, 0.33364344, 0.51823086, 1.06702685, -0.33294582, -1.35983241, 99.97500610, 112.98746490, 32.50000000, 0.00000000
1, 46.0450, 5144, -1.27617562, -0.66858578, 0.99317753, -111.53970337, -181.47439575, -73.70065308, -53.17158508, 4.53083897, -88.04443359, 79.90715790, -11.28593731, 74.83269501, -0.56752110, 0.55336213, 0.32842448, 0.51366097, 1.07709694, -0.29861671, -1.16776824, 99.97500610, 112.98746490, 32.50000000, 0.00000000
1, 46.0500, 5145, -1.30298626, -0.70596361, 0.79485762, -95.88824463, -155.01922607, -73.16416931, -53.17158508, 4.53083897, -88.04443359, 79.59043121, -11.06643295, 73.98870087, -0.57367152, 0.55339885, 0.32417238, 0.50947332, 1.10811019, -0.26064295, -0.97526062, 99.97500610, 112.98746490, 32.50000000, 0.00000000
1, 46.0550, 5146, -1.38181138, -0.72773528, 0.65096098, -82.05259705, -133.53663635, -69.25291443, -52.79158020, 6.57702398, -87.54750061, 79.31873322, -10.85039234, 73.25536346, -0.57906133, 0.55332279, 0.32065210, 0.50567192, 1.19103026, -0.23847157, -0.83648461, 99.97500610, 112.98746490, 32.50000000, 0.00000000
1, 46.0600, 5147, -1.50671625, -0.69102025, 0.50879961, -67.55165863, -125.37436676, -63.03873444, -52.79158020, 6.57702398, -87.54750061, 79.10835266, -10.66009617, 72.56837463, -0.58382070, 0.55349118, 0.31749284, 0.50199538, 1.31969249, -0.27486211, -0.69854748, 99.97500610, 112.98746490, 32.50000000, 0.00000000
1, 46.0650, 5148, -1.50875831, -0.67689824, 0.67413342, -51.62582397, -154.70747375, -52.72393417, -51.91464615, 6.02163124, -87.51826477, 79.00104523, -10.55023098, 71.74474335, -0.58834511, 0.55482250, 0.31367010, 0.49762756, 1.32363045, -0.28924578, -0.86620396, 99.97500610, 112.98746490, 32.50000000, 0.00000000
1, 46.0700, 5149, -1.45060837, -0.65597463, 1.26104271, -39.76354218, -199.80308533, -37.26496887, -51.91464615, 6.02163124, -87.51826477, 78.99097443, -10.56027603, 70.71118164, -0.59282124, 0.55761170, 0.30855200, 0.49236962, 1.26436806, -0.31108576, -1.45350480, 99.97500610, 112.98746490, 32.50000000, 0.00000000
1, 46.0750, 5150, -1.23412418, -0.62926662, 1.53719223, -29.94793701, -217.50119019, -11.66282845, -51.91464615, 6.02163124, -87.51826477, 79.04360962, -10.71234894, 69.61396027, -0.59669310, 0.56133246, 0.30254072, 0.48716784, 1.04507029, -0.33799300, -1.72828245, 99.97500610, 112.98746490, 32.50000000, 0.00000000
1, 46.0800, 5151, -0.83369923, -0.61354351, 1.40521431, 7.06540585, -221.07624817, 20.16900635, -51.27155685, 6.13855600, -86.58287048, 79.28372192, -11.02104473, 68.52833557, -0.59897250, 0.56646031, 0.29641911, 0.48217261, 0.64050364, -0.35325521, -1.59202838, 99.97500610, 112.98746490, 32.50000000, 0.00000000
1, 46.0950, 5152, -0.74073273, -0.69157147, 1.37815297, 81.01772308, -249.41757202, 66.81894684, -51.65156174, 6.08009338, -84.74130249, 80.98519135, -12.53994942, 64.94422150, -0.59967709, 0.58914053, 0.27647302, 0.46568626, 0.52243537, -0.27480948, -1.53697062, 99.97500610, 112.98746490, 32.50000000, 0.00000000
1, 46.1000, 5153, -0.88208526, -0.77510440, 1.43862236, 80.57693481, -231.46243286, 63.04626846, -51.65156174, 6.08009338, -84.74130249, 81.63749695, -13.02723312, 63.82063293, -0.59907126, 0.59668064, 0.27041775, 0.46039125, 0.65508580, -0.19120878, -1.58652675, 99.97500610, 112.98746490, 32.50000000, 0.00000000
1, 46.1050, 5154, -0.94070643, -0.74527884, 1.35770249, 71.70813751, -194.38459778, 53.31695557, -51.41771317, 6.95702982, -82.84127045, 82.21397400, -13.42836189, 62.87116241, -0.59839332, 0.60306633, 0.26537856, 0.45586273, 0.70669168, -0.22068870, -1.49542618, 99.97500610, 112.98746490, 32.50000000, 0.00000000
1, 46.1100, 5155, -0.94382638, -0.70343196, 1.32324803, 71.60904694, -154.21897888, 38.50210190, -51.41771317, 6.95702982, -82.84127045, 82.75093842, -13.72052002, 62.11106491, -0.59750628, 0.60843420, 0.26175696, 0.45197076, 0.70446432, -0.26241964, -1.45157480, 99.97500610, 112.98746490, 32.50000000, 0.00000000
1, 46.1150, 5156, -0.92338949, -0.72716951, 1.29403841, 68.35497284, -107.14293671, 19.05492020, -51.62233353, 7.51242304, -82.51972961, 83.22069550, -13.88058090, 61.57575607, -0.59652776, 0.61253816, 0.25980327, 0.44883627, 0.68078911, -0.23886025, -1.41403389, 99.97500610, 112.98746490, 32.50000000, 0.00000000
1, 46.1200, 5157, -0.84837890, -0.79399467, 1.03004408, 62.97576523, -70.88838959, -6.02118301, -51.62233353, 7.51242304, -82.51972961, 83.62346649, -13.89111233, 61.20948029, -0.59576166, 0.61549163, 0.25935102, 0.44606632, 0.60562766, -0.17223206, -1.14288497, 99.97500610, 112.98746490, 32.50000000, 0.00000000
1, 46.1250, 5158, -0.82454062, -0.89522433, 0.55256122, 56.93804932, -47.43037033, -29.32583618, -51.62233353, 7.51242304, -82.51972961, 83.96984863, -13.77070713, 60.95010757, -0.59533978, 0.61755788, 0.26001152, 0.44338131, 0.58449078, -0.07125803, -0.65950602, 99.97500610, 112.98746490, 32.50000000, 0.00000000
1, 46.1300, 5159, -0.89663231, -1.09326184, 0.40168926, 52.35113907, -25.60113907, -49.53308105, -50.42385101, 7.39549828, -81.40894318, 84.26824188, -13.53708458, 60.79253769, -0.59517998, 0.61884516, 0.26169068, 0.44080546, 0.66041720, 0.12563916, -0.50397485, 99.97500610, 112.98746490, 32.50000000, 0.00000000
1, 46.1550, 5160, -0.10427409, -1.79896021, -0.14903943, 73.00241089, 36.86730576, -38.28207779, -50.68693161, 7.68781042, -79.97661591, 85.60091400, -12.27829456, 61.37281418, -0.59028268, 0.62100017, 0.27728003, 0.43478841, -0.10887032, 0.82525301, 0.06944228, 99.97500610, 112.98746490, 32.50000000, 0.00000000
1, 46.1600, 5161, 0.13148534, -2.05272651, -0.31059536, 79.61431122, 38.30204773, -33.24948120, -50.68693161, 7.68781042, -79.97661591, 85.96005249, -12.09713364, 61.55531693, -0.58829564, 0.62191242, 0.28067958, 0.43399581, -0.34104478, 1.07814085, 0.23715462, 99.97500610, 112.98746490, 32.50000000, 0.00000000
1, 46.1650, 5162, 0.37166160, -2.26050234, -0.37849563, 74.52106476, 42.06436157, -32.18361282, -50.01461411, 5.78778124, -79.68430328, 86.28999329, -11.92113209, 61.75838089, -0.58637059, 0.62262541, 0.28404555, 0.43338811, -0.57805133, 1.28498697, 0.31106126, 99.97500610, 112.98746490, 32.50000000, 0.00000000
1, 46.1700, 5163, 0.65350682, -2.30847359, -0.34046471, 60.60329056, 36.81655121, -33.32329941, -50.01461411, 5.78778124, -79.68430328, 86.55635071, -11.74232101, 61.93515396, -0.58490151, 0.62305933, 0.28704002, 0.43277642, -0.85694218, 1.33194780, 0.27844489, 99.97500610, 112.98746490, 32.50000000, 0.00000000
1, 46.1750, 5164, 0.86145741, -2.13685703, -0.22294168, 42.12556839, 17.74127769, -33.22728348, -50.01461411, 5.78778124, -79.68430328, 86.75033569, -11.57061481, 62.01536560, -0.58416533, 0.62337834, 0.28919148, 0.43187794, -1.06220233, 1.15930724, 0.16529909, 99.97500610, 112.98746490, 32.50000000, 0.00000000
1, 46.1800, 5165, 0.89022189, -1.80619323, -0.17177933, 24.20728111, -14.88222408, -31.53344345, -49.54691696, 7.13241720, -79.33352661, 86.88789368, -11.41713619, 61.93037033, -0.58429158, 0.62387508, 0.29012382, 0.43036199, -1.08838463, 0.82786453, 0.11727173, 99.97500610, 112.98746490, 32.50000000, 0.00000000
1, 46.1850, 5166, 0.49921411, -1.29946065, -0.42293963, 15.16492081, -54.80052185, -28.93469238, -49.54691696, 7.13241720, -79.33352661, 87.01983643, -11.28747845, 61.64322281, -0.58511543, 0.62492156, 0.28979403, 0.42793986, -0.69440806, 0.32095343, 0.37048376, 99.97500610, 112.98746490, 32.50000000, 0.00000000
1, 46.1900, 5167, 0.21455954, -1.13952529, -0.53358340, 18.63570213, -79.39596558, -26.05989838, -49.19614029, 6.48933077, -78.80736542, 87.09771729, -11.13815403, 61.25077438, -0.58668667, 0.62590545, 0.28879502, 0.42501602, -0.40718007, 0.16064835, 0.48249257, 99.97500610, 112.98746490, 32.50000000, 0.00000000
1, 46.1950, 5168, -0.23019809, -0.97341871, -0.60615736, 28.12987137, -93.49876404, -24.27356529, -49.19614029, 6.48933077, -78.80736542, 87.33075714, -11.04009438, 60.76876068, -0.58754170, 0.62804776, 0.28757876, 0.42148456, 0.03977996, -0.00588587, 0.55725777, 99.97500610, 112.98746490, 32.50000000, 0.00000000
1, 46.2000, 5169, -0.48377341, -0.91659570, -0.55499154, 33.73540497, -83.74172974, -25.33918381, -49.19614029, 6.48933077, -78.80736542, 87.58148193, -10.93240356, 60.33672333, -0.58813018, 0.63012958, 0.28674066, 0.41811433, 0.29502106, -0.06333385, 0.50977397, 99.97500610, 112.98746490, 32.50000000, 0.00000000
1, 46.2050, 5170, -0.64291257, -0.89075053, -0.46168149, 36.14116287, -68.29140472, -26.75415039, -48.43613052, 4.82315111, -78.31043243, 87.82846832, -10.81254959, 59.98363113, -0.58847713, 0.63196361, 0.28637826, 0.41509554, 0.45593330, -0.08989353, 0.42036444, 99.97500610, 112.98746490, 32.50000000, 0.00000000
1, 46.2200, 5171, -0.66855466, -0.77683675, -0.35759130, 37.67495728, -7.68975496, -30.30662155, -48.28997421, 6.43086815, -78.25197601, 88.46070099, -10.39476299, 59.52753830, -0.58808929, 0.63525730, 0.28850839, 0.40909925, 0.48834592, -0.20566592, 0.32740211, 99.97500610, 112.98746490, 32.50000000, 0.00000000
1, 46.2250, 5172, -0.50767541, -0.76910651, -0.26934004, 40.49068451, 11.86401081, -32.75066757, -48.55305481, 6.84010506, -77.93042755, 88.65276337, -10.22899914, 59.58333969, -0.58740556, 0.63566792, 0.29044300, 0.40807348, 0.33002883, -0.21413499, 0.24286148, 99.97500610, 112.98746490, 32.50000000, 0.00000000
1, 46.2300, 5173, -0.32355765, -0.79389751, -0.14396451, 42.22851181, 23.43777466, -35.44131851, -48.55305481, 6.84010506, -77.93042755, 88.84326172, -10.04856682, 59.69811249, -0.58657199, 0.63587856, 0.29277852, 0.40727445, 0.14863852, -0.19016933, 0.12116547, 99.97500610, 112.98746490, 32.50000000, 0.00000000
1, 46.2350, 5174, -0.15854569, -0.83765328, -0.03657870, 43.42619324, 26.93914032, -37.23086929, -48.55305481, 6.84010506, -77.93042755, 89.03696442, -9.85920048, 59.83102417, -0.58568835, 0.63603008, 0.29527259, 0.40650827, -0.01341222, -0.14722256, 0.01741551, 99.97500610, 112.98746490, 32.50000000, 0.00000000
1, 46.2400, 5175, -0.00203355, -0.91069090, 0.08866137, 44.13884354, 23.97556305, -36.85490036, -48.20227814, 7.19087982, -78.10581970, 89.27901459, -9.59967422, 59.94714355, -0.58484256, 0.63628012, 0.29823458, 0.40517035, -0.16637501, -0.07511503, -0.10379067, 99.97500610, 112.98746490, 32.50000000, 0.00000000
1, 46.2450, 5176, 0.08542685, -0.96208537, 0.12756921, 43.81647873, 15.83856010, -34.62614441, -48.20227814, 7.19087982, -78.10581970, 89.48473358, -9.42500496, 60.02523804, -0.58403599, 0.63666248, 0.30037454, 0.40415096, -0.25021255, -0.02445887, -0.13870600, 99.97500610, 112.98746490, 32.50000000, 0.00000000
1, 46.2500, 5177, 0.13745135, -1.01071441, 0.17952685, 42.10140991, -0.19710870, -30.32458496, -48.08535385, 5.02776957, -77.66735077, 89.69524384, -9.27285385, 60.02288437, -0.58340698, 0.63733733, 0.30195394, 0.40281674, -0.29967546, 0.02361078, -0.18699637, 99.97500610, 112.98746490, 32.50000000, 0.00000000
1, 46.2550, 5178, 0.11839002, -1.02214503, 0.20833927, 39.09650803, -12.92595673, -27.85566139, -48.08535385, 5.02776957, -77.66735077, 89.90096283, -9.13340855, 59.95667648, -0.58298224, 0.63818920, 0.30308577, 0.40122974, -0.27823538, 0.03457974, -0.21230415, 99.97500610, 112.98746490, 32.50000000, 0.00000000
1, 46.2600, 5179, 0.05036372, -1.01010811, 0.21590926, 35.82695389, -24.55626488, -26.26854134, -48.08535385, 5.02776957, -77.66735077, 90.09939575, -9.00181293, 59.83213043, -0.58277112, 0.63917989, 0.30381826, 0.39940140, -0.20793115, 0.02215950, -0.21657419, 99.97500610, 112.98746490, 32.50000000, 0.00000000
1, 46.2650, 5180, -0.05586974, -0.98969555, 0.20020157, 32.74868393, -34.56094742, -25.59151459, -47.50072861, 6.43086815, -77.55042267, 90.28995514, -8.87312889, 59.65742111, -0.58276314, 0.64027262, 0.30422160, 0.39735046, -0.09943327, 0.00142978, -0.19777468, 99.97500610, 112.98746490, 32.50000000, 0.00000000
1, 46.2850, 5181, -0.36153507, -0.92118168, 0.20851938, 22.81617546, -54.61677551, -26.57406044, -47.23764801, 7.54165459, -76.64425659, 90.96371460, -8.34272289, 58.66749954, -0.58420855, 0.64494270, 0.30392319, 0.38778871, 0.21532370, -0.06836227, -0.19494152, 99.97500610, 112.98746490, 32.50000000, 0.00000000
1, 46.2900, 5182, -0.39281583, -0.91814852, 0.20515932, 21.29052353, -55.13083649, -27.47824669, -47.09149170, 5.70008755, -76.76117706, 91.17211914, -8.28613949, 58.37896347, -0.58420122, 0.64662331, 0.30331376, 0.38547117, 0.24830207, -0.07158212, -0.18856020, 99.97500610, 112.98746490, 32.50000000, 0.00000000
1, 46.2950, 5183, -0.39650151, -0.92067945, 0.20269151, 19.91065407, -53.09059906, -28.81414032, -47.09149170, 5.70008755, -76.76117706, 91.30919647, -8.13653088, 58.11372757, -0.58482653, 0.64763939, 0.30310363, 0.38297427, 0.25380605, -0.06924810, -0.18314990, 99.97500610, 112.98746490, 32.50000000, 0.00000000
1, 46.3000, 5184, -0.38070974, -0.91762280, 0.19893371, 17.63426781, -50.68432999, -31.21651459, -46.21455765, 7.07395506, -76.58579254, 91.43235016, -7.97461987, 57.86136627, -0.58552021, 0.64852059, 0.30298233, 0.38051140, 0.24077570, -0.07263909, -0.17716220, 99.97500610, 112.98746490, 32.50000000, 0.00000000
1, 46.3050, 5185, -0.33578759, -0.90635300, 0.20982157, 16.38617325, -47.89849091, -33.09714508, -46.21455765, 7.07395506, -76.58579254, 91.54647827, -7.80315590, 57.62373734, -0.58623964, 0.64929396, 0.30296230, 0.37809309, 0.19874060, -0.08428138, -0.18589821, 99.97500610, 112.98746490, 32.50000000, 0.00000000
1, 46.3100, 5186, -0.28639206, -0.90703976, 0.23175672, 16.45404053, -47.93494415, -34.46591568, -46.21455765, 7.07395506, -76.58579254, 91.66015625, -7.62436438, 57.38654327, -0.58697623, 0.65004694, 0.30297908, 0.37563509, 0.15235460, -0.08399368, -0.20573038, 99.97500610, 112.98746490, 32.50000000, 0.00000000
1, 46.3150, 5187, -0.23736179, -0.93408489, 0.21338232, 15.01330948, -46.57505798, -35.04610062, -45.39608383, 6.54779291, -75.97193909, 91.76491547, -7.44243717, 57.15673828, -0.58774108, 0.65072846, 0.30302128, 0.37321720, 0.10650811, -0.05728103, -0.18540424, 99.97500610, 112.98746490, 32.50000000, 0.00000000
1, 46.3200, 5188, -0.20293769, -0.96303654, 0.17491135, 12.78336716, -41.64234543, -35.28571701, -45.39608383, 6.54779291, -75.97193909, 91.85458374, -7.25969696, 56.95222855, -0.58850414, 0.65126520, 0.30315861, 0.37096027, 0.07533920, -0.02862587, -0.14526910, 99.97500610, 112.98746490, 32.50000000, 0.00000000
1, 46.3250, 5189, -0.16507606, -0.99018884, 0.16835643, 12.42328262, -35.47203827, -35.62479019, -45.39608383, 6.84010506, -76.05963135, 91.93785095, -7.07592678, 56.77920532, -0.58919829, 0.65168452, 0.30345669, 0.36887237, 0.04067097, -0.00181709, -0.13719463, 99.97500610, 112.98746490, 32.50000000, 0.00000000
1, 46.3300, 5190, -0.11199333, -1.02038360, 0.19303611, 13.30519962, -32.03919220, -36.11502838, -45.39608383, 6.84010506, -76.05963135, 92.02281189, -6.89001703, 56.62389374, -0.58982694, 0.65206146, 0.30386984, 0.36685580, -0.00926319, 0.02799149, -0.16031788, 99.97500610, 112.98746490, 32.50000000, 0.00000000
1, 46.3550, 5191, -0.13057353, -1.11193419, 0.08734771, 9.59994984, -28.43022728, -35.42100525, -44.66530228, 6.69394922, -75.41654205, 92.41735077, -5.93813038, 55.85576630, -0.59310549, 0.65372723, 0.30596805, 0.35672152, 0.02610371, 0.11811227, -0.04781410, 99.97500610, 112.98746490, 32.50000000, 0.00000000
1, 46.3600, 5192, -0.12695232, -1.11034834, 0.10832461, 8.55384827, -24.07236481, -34.49761581, -44.66530228, 6.69394922, -75.41654205, 92.47126770, -5.76073599, 55.74199677, -0.59372181, 0.65386033, 0.30645838, 0.35502729, 0.02553459, 0.11621317, -0.06779240, 99.97500610, 112.98746490, 32.50000000, 0.00000000
1, 46.3650, 5193, -0.12403424, -1.09598076, 0.12093098, 7.75597048, -22.88582230, -34.87980270, -44.19760132, 4.96930695, -76.05963135, 92.52024841, -5.58160734, 55.63445282, -0.59434879, 0.65394723, 0.30697688, 0.35336649, 0.02568270, 0.10155310, -0.07948157, 99.97500610, 112.98746490, 32.50000000, 0.00000000
1, 46.3700, 5194, -0.11028506, -1.13294280, 0.10253730, 7.87906885, -21.22124100, -34.52622223, -44.19760132, 4.96930695, -76.05963135, 92.56869507, -5.40450478, 55.53536987, -0.59494257, 0.65401411, 0.30752942, 0.35175943, 0.01508057, 0.13828167, -0.06026589, 99.97500610, 112.98746490, 32.50000000, 0.00000000
1, 46.3750, 5195, -0.13521944, -1.11868012, 0.08777616, 7.72134066, -19.58838463, -32.94299698, -43.90528870, 6.08009338, -74.89038086, 92.61534119, -5.23557138, 55.44430542, -0.59549272, 0.65407109, 0.30807608, 0.35024095, 0.04301492, 0.12380253, -0.04470728, 99.97500610, 112.98746490, 32.50000000, 0.00000000
1, 46.3800, 5196, -0.14316955, -1.09953320, 0.06959320, 8.09976578, -18.41307640, -32.42907333, -43.90528870, 6.08009338, -74.89038086, 92.66307831, -5.06940031, 55.35919571, -0.59600669, 0.65412492, 0.30864355, 0.34876332, 0.05391172, 0.10445938, -0.02568557, 99.97500610, 112.98746490, 32.50000000, 0.00000000
1, 46.3850, 5197, -0.17099296, -1.09594476, 0.04527529, 8.72818089, -17.21242142, -31.42699051, -43.90528870, 6.08009338, -74.89038086, 92.71322632, -4.90842628, 55.28004074, -0.59646958, 0.65418863, 0.30922264, 0.34733653, 0.08461586, 0.10070322, -0.00055068, 99.97500610, 112.98746490, 32.50000000, 0.00000000
1, 46.3900, 5198, -0.21155937, -1.07898998, 0.00097487, 7.95645142, -15.10073757, -31.15652275, -42.91143036, 5.23238802, -74.91961670, 92.72618866, -4.81888056, 55.21039200, -0.59688866, 0.65421563, 0.30935282, 0.34644890, 0.12746014, 0.08366087, 0.04421321, 99.97500610, 112.98746490, 32.50000000, 0.00000000
1, 46.4150, 5199, -0.04306766, -0.97594416, 0.01594550, 10.12751770, -0.61582178, -31.61005211, -42.91143036, 6.31394339, -75.12422943, 92.95188141, -4.03624773, 55.11857224, -0.59832644, 0.65363324, 0.31376436, 0.34105867, -0.02805554, -0.02024211, 0.03348319, 99.97500610, 112.98746490, 32.50000000, 0.00000000
1, 46.4200, 5200, -0.00833679, -0.96234381, 0.05601054, 11.31479740, -1.87911868, -32.25116730, -42.91143036, 6.31394339, -75.12422943, 93.00813293, -3.87458825, 55.11732864, -0.59851211, 0.65351266, 0.31480131, 0.34000686, -0.06008724, -0.03405355, -0.00550087, 99.97500610, 112.98746490, 32.50000000, 0.00000000
1, 46.4250, 5201, 0.01062400, -0.97181118, 0.07829738, 11.47201157, -3.22455359, -32.74091721, -42.06372452, 5.84624386, -75.35807800, 93.06559753, -3.71012044, 55.10961914, -0.59871781, 0.65340793, 0.31581861, 0.33890086, -0.07624970, -0.02476100, -0.02674932, 99.97500610, 112.98746490, 32.50000000, 0.00000000
1, 46.4300, 5202, 0.00954472, -0.97678757, 0.11191652, 11.45497513, -4.82023811, -33.02410126, -42.06372452, 5.84624386, -75.35807800, 93.12343597, -3.54382348, 55.09416199, -0.59894872, 0.65332103, 0.31680116, 0.33774149, -0.07236572, -0.01997045, -0.05936501, 99.97500610, 112.98746490, 32.50000000, 0.00000000
1, 46.4350, 5203, 0.01489967, -0.97878790, 0.14101742, 11.91603088, -4.80611181, -33.45025253, -42.06372452, 5.84624386, -75.35807800, 93.18350983, -3.37537766, 55.07907104, -0.59917110, 0.65323842, 0.31780231, 0.33656418, -0.07486776, -0.01814008, -0.08741428, 99.97500610, 112.98746490, 32.50000000, 0.00000000
1, 46.4400, 5204, 0.02813096, -0.98393893, 0.14852582, 12.03307915, -5.76896620, -33.93037796, -42.47296143, 5.40777540, -75.06577301, 93.31053162, -3.14189959, 55.05962753, -0.59922349, 0.65334737, 0.31932333, 0.33481508, -0.08460426, -0.01311198, -0.09325105, 99.97500610, 112.98746490, 32.50000000, 0.00000000
1, 46.4450, 5205, 0.07068256, -0.97784054, 0.16843100, 11.24653530, -8.44985676, -34.26467896, -42.47296143, 5.40777540, -75.06577301, 93.36808777, -2.96832013, 55.02711487, -0.59952372, 0.65328503, 0.32024083, 0.33352035, -0.12364843, -0.01934474, -0.11143509, 99.97500610, 112.98746490, 32.50000000, 0.00000000
1, 46.4500, 5206, 0.09978415, -0.96119416, 0.17631872, 10.50853443, -12.20950508, -34.62531662, -42.00526047, 4.67699480, -74.15959930, 93.42276764, -2.79183364, 54.97607803, -0.59990120, 0.65325135, 0.32105836, 0.33211869, -0.14970542, -0.03610354, -0.11825106, 99.97500610, 112.98746490, 32.50000000, 0.00000000
1, 46.4550, 5207, 0.11725388, -0.93925071, 0.15920074, 10.18441010, -14.91858768, -35.07133865, -42.00526047, 4.67699480, -74.15959930, 93.47627258, -2.61228800, 54.91181564, -0.60033059, 0.65324038, 0.32181185, 0.33063191, -0.16401425, -0.05811211, -0.10011110, 99.97500610, 112.98746490, 32.50000000, 0.00000000
1, 46.4600, 5208, 0.15100922, -0.92154181, 0.16545399, 10.19655323, -15.95951557, -35.23651123, -42.00526047, 4.67699480, -74.15959930, 93.52984619, -2.43153501, 54.84256744, -0.60077488, 0.65324038, 0.32254192, 0.32910988, -0.19463897, -0.07591531, -0.10531367, 99.97500610, 112.98746490, 32.50000000, 0.00000000
1, 46.4800, 5209, 0.45959169, -0.84413683, 0.10261097, 9.76386166, -26.77556038, -33.17536926, -41.65448761, 5.32008171, -74.68576050, 93.73957825, -1.71137238, 54.43918991, -0.60289764, 0.65358114, 0.32469642, 0.32236397, -0.49046224, -0.15345070, -0.03789498, 99.97500610, 112.98746490, 32.50000000, 0.00000000
1, 46.4850, 5210, 0.54202950, -0.82522726, 0.07385915, 10.57738972, -31.70636940, -30.60422897, -41.65448761, 5.32008171, -74.68576050, 93.79628754, -1.54837072, 54.29072952, -0.60347712, 0.65386951, 0.32488006, 0.32050452, -0.56993258, -0.17233385, -0.00793152, 99.97500610, 112.98746490, 32.50000000, 0.00000000
1, 46.4900, 5211, 0.62255371, -0.81426132, 0.08529180, 10.50799561, -34.14438248, -27.71706963, -41.24525070, 5.08623219, -74.89038086, 93.86798859, -1.09544325, 54.14335251, -0.60482109, 0.65346593, 0.32665703, 0.31696835, -0.64516914, -0.18337098, -0.01801184, 99.97500610, 112.98746490, 32.50000000, 0.00000000
1, 46.4950, 5212, 0.71266383, -0.80154443, 0.09885364, 9.92456818, -32.42924881, -25.35531998, -41.24525070, 5.08623219, -74.89038086, 93.92005157, -0.95806944, 53.98994064, -0.60535198, 0.65381318, 0.32665810, 0.31523296, -0.73021746, -0.19614513, -0.03026894, 99.97500610, 112.98746490, 32.50000000, 0.00000000
1, 46.5000, 5213, 0.78913975, -0.78955519, 0.08438128, 11.06082249, -31.71253777, -22.86399841, -40.63139343, 5.81701231, -74.36421967, 93.97742462, -0.83321536, 53.83941650, -0.60580379, 0.65421396, 0.32662186, 0.31356665, -0.80442226, -0.20808056, -0.01462036, 99.97500610, 112.98746490, 32.50000000, 0.00000000
1, 46.5050, 5214, 0.82911706, -0.79263902, 0.07878197, 14.64972305, -36.50444031, -19.27331734, -40.63139343, 5.81701231, -74.36421967, 94.05279541, -0.72441220, 53.66389847, -0.60617012, 0.65482426, 0.32640472, 0.31180626, -0.84241098, -0.20493008, -0.00770621, 99.97500610, 112.98746490, 32.50000000, 0.00000000
1, 46.5100, 5215, 0.82320845, -0.82436109, 0.13005053, 19.18084717, -42.52975845, -14.74256611, -40.63139343, 5.81701231, -73.92575073, 94.15096283, -0.63578606, 53.45692062, -0.60642809, 0.65569842, 0.32595941, 0.30992770, -0.83499432, -0.17319702, -0.05742598, 99.97500610, 112.98746490, 32.50000000, 0.00000000
1, 46.5150, 5216, 0.81538194, -0.88220823, 0.19970012, 22.51465988, -49.76163864, -11.17174339, -40.36831284, 5.11546326, -73.92575073, 94.26596069, -0.56193906, 53.21276855, -0.60664165, 0.65680611, 0.32526425, 0.30788782, -0.82599854, -0.11533704, -0.12525210, 99.97500610, 112.98746490, 32.50000000, 0.00000000
1, 46.5200, 5217, 0.79113066, -0.95284224, 0.27795884, 25.10103989, -60.20602036, -8.99996185, -40.36831284, 5.11546326, -73.92575073, 94.39407349, -0.49450859, 52.91589737, -0.60689557, 0.65814888, 0.32426265, 0.30556750, -0.80074322, -0.04467925, -0.20151079, 99.97500610, 112.98746490, 32.50000000, 0.00000000
1, 46.5250, 5218, 0.74709696, -0.98326898, 0.31455669, 27.49277306, -72.34375000, -7.46195030, -39.84215164, 5.37854433, -73.57497406, 94.53430939, -0.42939940, 52.55808640, -0.60722578, 0.65973240, 0.32292387, 0.30290294, -0.75566024, -0.01413607, -0.23586643, 99.97500610, 112.98746490, 32.50000000, 0.00000000
1, 46.5650, 5219, -0.84646553, -1.36456120, -0.06193560, 8.27590847, -86.73254395, 16.41540337, -38.99444580, 6.02163124, -72.37649536, 95.59684753, -0.20433241, 48.65793991, -0.61154217, 0.67549300, 0.30409339, 0.27794376, 0.84323001, 0.36941862, 0.15496588, 99.97500610, 112.98746490, 32.50000000, 0.00000000
1, 46.5700, 5220, -0.84454530, -1.38969076, -0.11407382, 5.93210697, -75.22795105, 16.61430359, -38.99444580, 6.02163124, -72.37649536, 95.62821960, -0.25076959, 48.27555084, -0.61215770, 0.67678237, 0.30166453, 0.27609265, 0.84065068, 0.39469212, 0.20763358, 99.97500610, 112.98746490, 32.50000000, 0.00000000
1, 46.5750, 5221, -0.73432511, -1.37878120, -0.11464646, 5.85066938, -60.00614548, 15.12039089, -38.76059723, 6.22624969, -72.28880310, 95.65912628, -0.29693365, 47.96962738, -0.61258787, 0.67785984, 0.29968327, 0.27464905, 0.72961503, 0.38384059, 0.20903787, 99.97500610, 112.98746490, 32.50000000, 0.00000000
1, 46.5800, 5222, -0.60506064, -1.33543432, -0.10868642, 5.33651304, -47.82555389, 11.00069237, -38.76059723, 6.22624969, -72.28880310, 95.68729401, -0.32836154, 47.72628784, -0.61292022, 0.67871934, 0.29814175, 0.27346000, 0.59972942, 0.34053659, 0.20396778, 99.97500610, 112.98746490, 32.50000000, 0.00000000
1, 46.5850, 5223, -0.43666637, -1.26401782, -0.14196683, 6.07328463, -30.14345741, 7.41682482, -38.61444092, 5.08623219, -72.11341858, 95.71866608, -0.35046956, 47.57267761, -0.61304224, 0.67933810, 0.29718769, 0.27268749, 0.43098184, 0.26922947, 0.23830810, 99.97500610, 112.98746490, 32.50000000, 0.00000000
1, 46.5900, 5224, -0.25184950, -1.21585000, -0.10802978, 6.75175858, -27.79887009, 5.74651432, -38.61444092, 5.08623219, -72.11341858, 95.67057037, -0.44457307, 47.42649460, -0.61342829, 0.67967886, 0.29570109, 0.27258611, 0.24510388, 0.22100025, 0.20478371, 99.97500610, 112.98746490, 32.50000000, 0.00000000
1, 46.5950, 5225, -0.05237342, -1.15818143, 0.00513861, 5.36773014, -28.30666161, 4.63035870, -38.61444092, 5.08623219, -72.11341858, 95.69860077, -0.45375827, 47.28338242, -0.61357790, 0.68021911, 0.29486912, 0.27180201, 0.04447085, 0.16313368, 0.09201834, 99.97500610, 112.98746490, 32.50000000, 0.00000000
1, 46.6000, 5226, 0.13209471, -1.07018006, 0.09210735, 2.12857580, -28.31212807, 3.69000149, -38.64366913, 4.91084480, -71.73341370, 95.71041870, -0.45825264, 47.14070511, -0.61383390, 0.68065953, 0.29402578, 0.27103412, -0.14030965, 0.07501838, 0.00592918, 99.97500610, 112.98746490, 32.50000000, 0.00000000
1, 46.6050, 5227, 0.25694939, -0.97065639, 0.13734297, 0.37524721, -30.35104370, 3.83898282, -38.64366913, 4.91084480, -71.73341370, 95.71357727, -0.46249259, 46.98778915, -0.61416525, 0.68107796, 0.29310185, 0.27023181, -0.26534528, -0.02457102, -0.03875314, 99.97500610, 112.98746490, 32.50000000, 0.00000000
1, 46.6100, 5228, 0.31321377, -0.89545000, 0.18772964, 0.48116806, -35.88389206, 5.10784435, -38.23443222, 5.99239969, -71.87957001, 95.71753693, -0.47033221, 46.80672836, -0.61454761, 0.68157953, 0.29199243, 0.26929742, -0.32185280, -0.09985287, -0.08881719, 99.97500610, 112.98746490, 32.50000000, 0.00000000
1, 46.6500, 5229, -0.11020292, -1.00650120, 0.21985121, -3.23012042, -52.62344742, 17.76045418, -38.17597198, 6.19701815, -71.47032928, 95.79444885, -0.78035814, 44.72550964, -0.61810303, 0.68786550, 0.27805755, 0.25975704, 0.09630720, 0.01134363, -0.12076463, 99.97500610, 112.98746490, 32.50000000, 0.00000000
1, 46.6550, 5230, -0.16995466, -1.01928103, 0.18255775, -3.74505782, -51.10713196, 18.25883102, -38.17597198, 6.19701815, -71.47032928, 95.77967072, -0.84590036, 44.46214676, -0.61862409, 0.68856531, 0.27608648, 0.25876316, 0.15502366, 0.02417473, -0.08389279, 99.97500610, 112.98746490, 32.50000000, 0.00000000
1, 46.6600, 5231, -0.20378478, -1.02787089, 0.17375174, -3.82426858, -47.42354584, 18.59300041, -37.79596710, 5.75855017, -70.88570404, 95.76455688, -0.91499072, 44.21696091, -0.61909604, 0.68922180, 0.27420267, 0.25788832, 0.18768463, 0.03277057, -0.07544818, 99.97500610, 112.98746490, 32.50000000, 0.00000000
1, 46.6650, 5232, -0.20126256, -1.02603984, 0.16223791, -3.73865151, -42.78520584, 18.38700104, -37.79596710, 5.75855017, -70.88570404, 95.74977875, -0.98541617, 43.99497223, -0.61950958, 0.68982267, 0.27245027, 0.25714508, 0.18396342, 0.03095157, -0.06419009, 99.97500610, 112.98746490, 32.50000000, 0.00000000
1, 46.6700, 5233, -0.17263602, -1.02800620, 0.16064666, -3.00400853, -38.90444565, 18.04952431, -37.79596710, 5.75855017, -70.88570404, 95.73857117, -1.05610621, 43.79246521, -0.61985648, 0.69039297, 0.27082032, 0.25649953, 0.15410830, 0.03292096, -0.06274150, 99.97500610, 112.98746490, 32.50000000, 0.00000000
1, 46.6750, 5234, -0.14571868, -1.02547300, 0.16807985, -2.89829755, -36.03133774, 17.38056183, -37.62057877, 5.93393755, -71.20724487, 95.72789001, -1.12492621, 43.60461044, -0.62017155, 0.69092387, 0.26928869, 0.25592020, 0.12596008, 0.03037982, -0.07028923, 99.97500610, 112.98746490, 32.50000000, 0.00000000
1, 46.6800, 5235, -0.12751620, -1.01953566, 0.15702085, -3.26283002, -35.46004868, 16.66272545, -37.62057877, 5.93393755, -71.20724487, 95.71552277, -1.19048905, 43.41995621, -0.62049723, 0.69142795, 0.26778916, 0.25534210, 0.10662785, 0.02446290, -0.05938391, 99.97500610, 112.98746490, 32.50000000, 0.00000000
1, 46.6850, 5236, -0.11965436, -1.00825810, 0.13449918, -3.68602896, -35.86988068, 16.16761208, -38.23443222, 5.99239969, -71.38263702, 95.70125580, -1.25343144, 43.23350906, -0.62084436, 0.69191718, 0.26628792, 0.25474253, 0.09771377, 0.01322162, -0.03706603, 99.97500610, 112.98746490, 32.50000000, 0.00000000
1, 46.6900, 5237, -0.10701621, -0.98967850, 0.13579738, -4.03893852, -36.17798615, 15.81423759, -38.23443222, 5.99239969, -71.38263702, 95.71109009, -1.36332524, 43.04326248, -0.62093931, 0.69264019, 0.26455906, 0.25434744, 0.08357281, -0.00533104, -0.03835069, 99.97500610, 112.98746490, 32.50000000, 0.00000000
1, 46.6950, 5238, -0.10009403, -0.98118949, 0.14450787, -4.35973740, -36.14352417, 15.71398830, -38.23443222, 5.99239969, -71.38263702, 95.69405365, -1.42390680, 42.85567093, -0.62131071, 0.69310504, 0.26305512, 0.25373298, 0.07514487, -0.01380600, -0.04710071, 99.97500610, 112.98746490, 32.50000000, 0.00000000
1, 46.7200, 5239, -0.04457745, -0.95520091, 0.13007812, -6.39222908, -38.60517883, 15.96160316, -37.76673508, 6.51856184, -70.88570404, 95.57844543, -1.72499990, 41.87678528, -0.62343866, 0.69530338, 0.25521591, 0.25048441, 0.01441258, -0.03982373, -0.03447857, 99.97500610, 112.98746490, 32.50000000, 0.00000000
1, 46.7250, 5240, -0.04561007, -0.95567083, 0.12897877, -6.38511181, -39.22840881, 15.80644703, -38.02981567, 5.29085064, -71.23648071, 95.55290985, -1.78504491, 41.67389297, -0.62389308, 0.69573486, 0.25359771, 0.24979743, 0.01439500, -0.03936326, -0.03382858, 99.97500610, 112.98746490, 32.50000000, 0.00000000
1, 46.7300, 5241, -0.04309644, -0.95846212, 0.13723744, -6.52234173, -39.71032715, 15.51629066, -38.02981567, 5.29085064, -71.23648071, 95.52698517, -1.84350812, 41.46876144, -0.62435794, 0.69616222, 0.25197279, 0.24908860, 0.01083532, -0.03659709, -0.04253689, 99.97500610, 112.98746490, 32.50000000, 0.00000000
1, 46.7350, 5242, -0.04838796, -0.96527028, 0.15218514, -6.69618130, -40.12127304, 15.15818691, -38.11750793, 6.72318029, -71.29494476, 95.50047302, -1.90010273, 41.26177597, -0.62483412, 0.69658309, 0.25034469, 0.24835858, 0.01509299, -0.02982553, -0.05797053, 99.97500610, 112.98746490, 32.50000000, 0.00000000
1, 46.7400, 5243, -0.06110074, -0.97392714, 0.15023322, -7.15797949, -40.28691864, 14.63433552, -38.11750793, 6.72318029, -71.29494476, 95.50258636, -1.97085285, 41.05282593, -0.62510628, 0.69718820, 0.24868721, 0.24763970, 0.02671017, -0.02114981, -0.05628675, 99.97500610, 112.98746490, 32.50000000, 0.00000000
1, 46.7450, 5244, -0.08046963, -0.97926784, 0.13913554, -7.64634037, -41.24848557, 13.88153648, -38.11750793, 6.72318029, -71.29494476, 95.47192383, -2.02066827, 40.84083176, -0.62563300, 0.69757640, 0.24705516, 0.24684873, 0.04507150, -0.01577998, -0.04550463, 99.97500610, 112.98746490, 32.50000000, 0.00000000
1, 46.7500, 5245, -0.08580758, -0.97950387, 0.12918609, -7.82311106, -41.41577148, 13.52927780, -38.32212830, 6.13855600, -71.23648071, 95.44055939, -2.06875968, 40.62818527, -0.62616855, 0.69795507, 0.24542633, 0.24604400, 0.04959070, -0.01555014, -0.03611709, 99.97500610, 112.98746490, 32.50000000, 0.00000000
1, 46.7550, 5246, -0.08751226, -0.98329735, 0.11964019, -7.53777170, -41.51432800, 13.38308716, -38.32212830, 6.13855600, -71.23648071, 95.41082001, -2.11619258, 40.41514969, -0.62669557, 0.69833845, 0.24380147, 0.24522832, 0.05049045, -0.01176106, -0.02711104, 99.97500610, 112.98746490, 32.50000000, 0.00000000
1, 46.7600, 5247, -0.08252323, -0.98657644, 0.12411476, -7.17282867, -42.30926895, 13.25433731, -37.91289139, 6.69394922, -71.44110107, 95.38323212, -2.16272163, 40.19822693, -0.62721896, 0.69873631, 0.24216177, 0.24438012, 0.04467516, -0.00850531, -0.03207006, 99.97500610, 112.98746490, 32.50000000, 0.00000000
1, 46.7650, 5248, -0.06777966, -0.99122667, 0.13168883, -6.69271708, -43.76878357, 13.28354168, -37.91289139, 6.69394922, -71.44110107, 95.35848236, -2.20880938, 39.97402191, -0.62774038, 0.69916040, 0.24048531, 0.24348211, 0.02910646, -0.00387866, -0.04006094, 99.97500610, 112.98746490, 32.50000000, 0.00000000
1, 46.7800, 5249, -0.09582224, -0.98078883, 0.15962751, -5.80657864, -43.51720428, 13.27825832, -38.05904770, 6.28471184, -71.49955750, 95.28807068, -2.34882140, 39.29351425, -0.62928671, 0.70044929, 0.23540059, 0.24073982, 0.05464593, -0.01438433, -0.06932586, 99.97500610, 112.98746490, 32.50000000, 0.00000000
1, 46.7850, 5250, -0.03373095, -1.02322984, 0.16969886, -3.67576861, -40.26400375, 13.46888447, -37.91289139, 6.48933077, -71.79187012, 95.27841949, -2.39772248, 39.08674240, -0.62966806, 0.70090991, 0.23384303, 0.23991878, -0.00832060, 0.02805796, -0.07949829, 99.97500610, 112.98746490, 32.50000000, 0.00000000
1, 46.7900, 5251, -0.01052074, -1.02710760, 0.19390477, -6.17257452, -42.77687454, 12.77478123, -37.91289139, 6.48933077, -71.79187012, 95.30810547, -2.42519617, 38.86693954, -0.62988323, 0.70157057, 0.23240644, 0.23881620, -0.03223791, 0.03193624, -0.10351482, 99.97500610, 112.98746490, 32.50000000, 0.00000000
1, 46.7950, 5252, -0.01801076, -1.00775492, 0.18234570, -9.61470413, -46.36091232, 12.83832645, -37.91289139, 6.48933077, -71.79187012, 95.27030182, -2.46825004, 38.63004303, -0.63051027, 0.70191967, 0.23063639, 0.23784985, -0.02532507, 0.01261413, -0.09209757, 99.97500610, 112.98746490, 32.50000000, 0.00000000
1, 46.8000, 5253, -0.02527221, -0.98560262, 0.18548115, -10.51675320, -45.28975677, 12.87534142, -38.02981567, 6.72318029, -71.44110107, 95.22792816, -2.51214647, 38.39849472, -0.63115090, 0.70223004, 0.22888425, 0.23692533, -0.01883108, -0.00957717, -0.09594257, 99.97500610, 112.98746490, 32.50000000, 0.00000000
1, 46.8050, 5254, -0.02267626, -0.97468805, 0.19747348, -10.57031727, -43.69887924, 13.33456898, -38.02981567, 6.72318029, -71.44110107, 95.18514252, -2.55921865, 38.17469788, -0.63176978, 0.70252401, 0.22716044, 0.23606177, -0.02226521, -0.02054369, -0.10865647, 99.97500610, 112.98746490, 32.50000000, 0.00000000
1, 46.8100, 5255, -0.03161125, -0.98243618, 0.19971862, -11.37935925, -44.37503433, 13.64422226, -36.97749329, 5.99239969, -70.35954285, 95.13867188, -2.60771251, 37.94742584, -0.63241416, 0.70280290, 0.22539917, 0.23519304, -0.01417558, -0.01283296, -0.11172539, 99.97500610, 112.98746490, 32.50000000, 0.00000000
1, 46.8150, 5256, -0.03491696, -0.99370384, 0.17958164, -12.31435680, -43.54536057, 13.57074261, -36.97749329, 5.99239969, -70.35954285, 95.08751678, -2.65640521, 37.72434235, -0.63307714, 0.70304364, 0.22365241, 0.23435590, -0.01166695, -0.00157161, -0.09248953, 99.97500610, 112.98746490, 32.50000000, 0.00000000
1, 46.8200, 5257, -0.03813610, -1.00822055, 0.17778614, -12.96715450, -42.53742981, 13.42781639, -36.97749329, 5.99239969, -70.88570404, 95.03303528, -2.70504284, 37.50638580, -0.63374919, 0.70325172, 0.22193021, 0.23355117, -0.00929224, 0.01290465, -0.09165943, 99.97500610, 112.98746490, 32.50000000, 0.00000000
1, 46.8250, 5258, -0.04438374, -1.01795590, 0.17797843, -14.12244034, -41.18251801, 13.15934849, -37.97135162, 6.51856184, -70.88570404, 94.97265625, -2.75315356, 37.29534912, -0.63444352, 0.70340866, 0.22024110, 0.23279084, -0.00388657, 0.02258987, -0.09290657, 99.97500610, 112.98746490, 32.50000000, 0.00000000
1, 46.8550, 5259, -0.09845474, -1.05167401, 0.16151276, -20.65077972, -28.51935196, 10.00401306, -37.59134674, 5.90470600, -71.58725739, 94.51229095, -3.03582287, 36.24315643, -0.63877958, 0.70331538, 0.21125472, 0.22952057, 0.04525647, 0.05593090, -0.08449779, 99.97500610, 112.98746490, 32.50000000, 0.00000000
1, 46.8600, 5260, -0.10550607, -1.04997909, 0.15385482, -21.67742729, -26.14203453, 9.26754475, -37.29903412, 4.35545158, -71.61648560, 94.41115570, -3.07233572, 36.10907745, -0.63959050, 0.70305896, 0.21002200, 0.22917910, 0.05168168, 0.05414632, -0.07859540, 99.97500610, 112.98746490, 32.50000000, 0.00000000
1, 46.8650, 5261, -0.11403762, -1.03663683, 0.15876387, -23.26043701, -21.79287148, 8.90063095, -37.29903412, 4.35545158, -71.61648560, 94.30100250, -3.10890341, 35.99692535, -0.64041233, 0.70270985, 0.20890574, 0.22897473, 0.05956263, 0.04068679, -0.08537933, 99.97500610, 112.98746490, 32.50000000, 0.00000000
1, 46.8700, 5262, -0.10306532, -1.02425110, 0.15174417, -23.58126259, -18.86228943, 8.58899212, -37.00672150, 5.52470016, -71.70417786, 94.18852234, -3.14520049, 35.89958954, -0.64121920, 0.70231825, 0.20787738, 0.22885385, 0.04797457, 0.02820198, -0.08025658, 99.97500610, 112.98746490, 32.50000000, 0.00000000
1, 46.8750, 5263, -0.09116736, -1.01218295, 0.13584618, -24.10709763, -16.62978363, 8.26332569, -37.00672150, 5.52470016, -71.70417786, 94.07283783, -3.18086362, 35.81357956, -0.64202410, 0.70188540, 0.20691587, 0.22879657, 0.03549242, 0.01604869, -0.06631196, 99.97500610, 112.98746490, 32.50000000, 0.00000000
1, 46.8800, 5264, -0.08088375, -1.00075376, 0.12297816, -24.37864876, -14.78379631, 8.17057323, -37.00672150, 5.52470016, -71.70417786, 93.95529938, -3.21685743, 35.73690414, -0.64282060, 0.70142430, 0.20600596, 0.22879519, 0.02461458, 0.00453161, -0.05543650, 99.97500610, 112.98746490, 32.50000000, 0.00000000
1, 46.8850, 5265, -0.06235557, -0.98770094, 0.12171762, -24.71242905, -13.70173264, 7.95524740, -37.21134186, 5.96316862, -71.49955750, 93.83586884, -3.25231409, 35.66577530, -0.64361852, 0.70094019, 0.20512933, 0.22882350, 0.00546968, -0.00862633, -0.05618182, 99.97500610, 112.98746490, 32.50000000, 0.00000000
1, 46.8900, 5266, -0.03456245, -0.97964931, 0.12512648, -24.72017479, -13.04203224, 8.04117489, -37.21134186, 5.96316862, -71.49955750, 93.76328278, -3.26690364, 35.59660339, -0.64416963, 0.70068002, 0.20447783, 0.22865227, -0.02276796, -0.01677027, -0.06117842, 99.97500610, 112.98746490, 32.50000000, 0.00000000
1, 46.8950, 5267, -0.01720656, -0.98155415, 0.12849405, -25.04442406, -12.60237789, 8.47640705, -37.15287781, 5.52470016, -72.20111084, 93.64193726, -3.30554938, 35.53093338, -0.64496100, 0.70017809, 0.20361254, 0.22873108, -0.04060643, -0.01495371, -0.06619895, 99.97500610, 112.98746490, 32.50000000, 0.00000000
1, 46.9000, 5268, -0.00992939, -0.99857914, 0.12940860, -25.32829285, -12.54697132, 8.97207355, -37.15287781, 5.52470016, -72.20111084, 93.51921082, -3.34682298, 35.46545029, -0.64575458, 0.69967091, 0.20273048, 0.22882767, -0.04859573, 0.00197651, -0.06925599, 99.97500610, 112.98746490, 32.50000000, 0.00000000
1, 47.0000, 5269, -0.05410948, -0.96318710, 0.11221351, -30.22656441, 13.52358150, 10.91770935, -37.91289139, 4.70622635, -73.31189728, 90.85148621, -4.27203655, 35.44147873, -0.65998644, 0.68603230, 0.19175269, 0.23876454, -0.02041681, -0.03411757, -0.09842710, 99.97500610, 112.98746490, 32.50000000, 0.00000000
1, 47.0050, 5270, -0.05352972, -0.96168840, 0.11084411, -30.56274033, 15.06544399, 11.87009621, -37.91289139, 4.70622635, -73.31189728, 90.69319916, -4.33265400, 35.51630783, -0.66064924, 0.68509477, 0.19151196, 0.23981461, -0.02202784, -0.03557540, -0.09979999, 99.97500610, 112.98746490, 32.50000000, 0.00000000
1, 47.0100, 5271, -0.06124390, -0.94544375, 0.11671913, -30.68417740, 16.53541756, 12.99329758, -37.91289139, 4.23852682, -73.95498657, 90.53369141, -4.39874887, 35.59862137, -0.66128969, 0.68414611, 0.19127835, 0.24094124, -0.01545232, -0.05177564, -0.10843657, 99.97500610, 112.98746490, 32.50000000, 0.00000000
1, 47.0150, 5272, -0.12475444, -0.90821552, 0.12264697, -30.48691559, 17.98761177, 13.51612949, -37.91289139, 4.23852682, -73.95498657, 90.37447357, -4.46726704, 35.68840027, -0.66190511, 0.68319029, 0.19107278, 0.24212405, 0.04684626, -0.08894507, -0.11724432, 99.97500610, 112.98746490, 32.50000000, 0.00000000
1, 47.0200, 5273, -0.09692774, -0.97944534, 0.13924703, -26.10993958, 23.35567284, 12.01101398, -37.59134674, 3.33235884, -74.36421967, 90.23490143, -4.52806902, 35.80531693, -0.66235965, 0.68228954, 0.19111328, 0.24338560, 0.01789258, -0.01767255, -0.13641505, 99.97500610, 112.98746490, 32.50000000, 0.00000000
1, 47.0250, 5274, 0.01182170, -1.06316149, 0.17197746, -26.45755386, 28.76580429, 12.88048744, -37.59134674, 3.33235884, -74.36421967, 90.09130859, -4.59297895, 35.94952774, -0.66276819, 0.68132657, 0.19128029, 0.24483541, -0.09203711, 0.06606866, -0.17145923, 99.97500610, 112.98746490, 32.50000000, 0.00000000
1, 47.0300, 5275, 0.03282916, -1.05973172, 0.16766313, -30.34369278, 26.88921165, 14.21721077, -37.59134674, 3.33235884, -74.36421967, 89.92887115, -4.66426039, 36.08451462, -0.66329122, 0.68028033, 0.19131075, 0.24630015, -0.11423923, 0.06274100, -0.16978598, 99.97500610, 112.98746490, 32.50000000, 0.00000000
1, 47.0350, 5276, 0.06160361, -1.03697574, 0.16431335, -33.68515015, 21.43402672, 16.82873917, -37.97135162, 2.13387895, -74.45191193, 89.75179291, -4.74835062, 36.19242096, -0.66392815, 0.67921561, 0.19106898, 0.24770606, -0.14442085, 0.04011273, -0.16941173, 99.97500610, 112.98746490, 32.50000000, 0.00000000
1, 47.1850, 5277, 0.01736947, -1.22960567, 0.06478715, -28.54025841, -60.29440689, 106.86225891, -44.89915085, 5.52470016, -77.69657898, 84.92472076, -14.58919048, 37.91597748, -0.66421020, 0.66374898, 0.12896127, 0.31879634, -0.26705092, 0.26489967, -0.15211783, 99.97500610, 112.98746490, 32.50000000, 0.00000000
1, 47.1900, 5278, -0.00840495, -1.27399743, 0.03246580, -26.46486282, -70.10392761, 107.05769348, -44.89915085, 5.52470016, -77.69657898, 84.88963318, -15.12138653, 37.60206985, -0.66386330, 0.66460770, 0.12369779, 0.31981397, -0.25043690, 0.31183782, -0.12057053, 99.97500610, 112.98746490, 32.50000000, 0.00000000
1, 47.1950, 5279, 0.03758457, -1.34905076, 0.02961297, -24.99417114, -77.05333710, 106.87332916, -44.57761002, 5.93393755, -77.40426636, 84.85828400, -15.68889523, 37.25454712, -0.66349012, 0.66553062, 0.11801904, 0.32081369, -0.30569169, 0.38945785, -0.11794345, 99.97500610, 112.98746490, 32.50000000, 0.00000000
1, 47.2000, 5280, 0.10104342, -1.37595034, 0.00663793, -34.41427612, -95.42610168, 105.60890961, -44.57761002, 5.93393755, -77.40426636, 84.80973053, -16.25888062, 36.81072235, -0.66347682, 0.66640717, 0.11170729, 0.32128116, -0.37865612, 0.41916120, -0.09533569, 99.97500610, 112.98746490, 32.50000000, 0.00000000
1, 47.2050, 5281, 0.15854509, -1.35693622, 0.03665122, -40.39769745, -109.76229095, 104.29180908, -46.12686157, 6.05086231, -77.46273041, 84.75707245, -16.82940674, 36.29105377, -0.66369635, 0.66727597, 0.10492881, 0.32130989, -0.44577596, 0.40297568, -0.12580125, 99.97500610, 112.98746490, 32.50000000, 0.00000000
1, 47.2100, 5282, 0.21317306, -1.32565439, 0.10269643, -43.25783539, -126.31872559, 103.72327423, -46.12686157, 6.05086231, -77.46273041, 84.72086334, -17.40524292, 35.68376541, -0.66404891, 0.66825777, 0.09764103, 0.32083794, -0.51015240, 0.37456185, -0.19207747, 99.97500610, 112.98746490, 32.50000000, 0.00000000
1, 47.2150, 5283, 0.25365558, -1.20032322, 0.15449223, -46.27347183, -147.74443054, 102.79529572, -46.12686157, 6.05086231, -77.46273041, 84.71012115, -17.98678780, 34.96238708, -0.66455317, 0.66940826, 0.08971011, 0.31970918, -0.56043005, 0.25221682, -0.24356855, 99.97500610, 112.98746490, 32.50000000, 0.00000000
1, 47.2200, 5284, 0.34037384, -1.09349859, 0.17569973, -49.07685852, -172.21255493, 100.98588562, -46.97456741, 6.81087399, -77.60888672, 84.73359680, -18.57075882, 34.10939789, -0.66521108, 0.67076290, 0.08107533, 0.31780225, -0.65686619, 0.14848900, -0.26387340, 99.97500610, 112.98746490, 32.50000000, 0.00000000
1, 47.2250, 5285, 0.41073003, -1.00740087, 0.21939127, -47.63936615, -197.15452576, 100.12771606, -46.97456741, 6.81087399, -77.60888672, 84.81624603, -19.16127396, 33.12127304, -0.66586733, 0.67244250, 0.07175331, 0.31510839, -0.73706269, 0.06550368, -0.30585319, 99.97500610, 112.98746490, 32.50000000, 0.00000000
1, 47.2300, 5286, 0.49509898, -0.95817828, 0.28059101, -44.06727219, -222.14709473, 99.24117279, -47.09149170, 6.66471767, -76.55656433, 84.97214508, -19.75670815, 31.99586868, -0.66643763, 0.67449492, 0.06177168, 0.31161150, -0.83137566, 0.01939624, -0.36420608, 99.97500610, 112.98746490, 32.50000000, 0.00000000
1, 47.3400, 5287, -0.49728987, -0.90376472, 0.58126086, -36.45286942, -212.61019897, -14.61814022, -39.05290985, 9.23706532, -68.40105438, 99.57791138, -24.84414291, -9.02505112, -0.64146143, 0.73255521, -0.19712339, 0.11416012, 0.07472683, 0.00820230, -0.43452305, 99.97500610, 112.98746490, 32.50000000, 0.00000000
1, 47.3450, 5288, -0.47958237, -0.89743042, 0.55885184, -40.71463394, -191.29005432, -22.11771584, -37.97135162, 8.97398376, -68.45951080, 99.79964447, -24.57613182, -10.04297161, -0.64120317, 0.73252720, -0.20198016, 0.10708226, 0.06120085, 0.00072702, -0.40760750, 99.97500610, 112.98746490, 32.50000000, 0.00000000
1, 47.3500, 5289, -0.45521122, -0.87955737, 0.54952747, -43.63880157, -171.57942200, -28.83143044, -37.97135162, 8.97398376, -68.45951080, 99.95413971, -24.28879356, -10.94474888, -0.64120060, 0.73233467, -0.20607056, 0.10041231, 0.04134730, -0.01868637, -0.39517403, 99.97500610, 112.98746490, 32.50000000, 0.00000000
1, 47.3550, 5290, -0.41351244, -0.86605883, 0.53283060, -46.08555984, -152.86602783, -34.45332336, -36.88979721, 8.82782841, -67.99181366, 100.04749298, -23.98811340, -11.73744678, -0.64143378, 0.73200119, -0.20945641, 0.09415433, 0.00442756, -0.03395636, -0.37628061, 99.97500610, 112.98746490, 32.50000000, 0.00000000
1, 47.3600, 5291, -0.36198023, -0.85840976, 0.50128484, -48.58585739, -135.52081299, -39.68651962, -36.88979721, 8.82782841, -67.99181366, 100.08377075, -23.67590904, -12.42956638, -0.64189732, 0.73153996, -0.21218987, 0.08827569, -0.04209121, -0.04356828, -0.34342432, 99.97500610, 112.98746490, 32.50000000, 0.00000000
1, 47.3650, 5292, -0.33493492, -0.85747039, 0.48475206, -51.80700302, -123.70858002, -46.86513138, -36.88979721, 8.82782841, -67.99181366, 100.07150269, -23.33852959, -13.04969501, -0.64257556, 0.73097926, -0.21436748, 0.08253887, -0.06378807, -0.04677132, -0.32646996, 99.97500610, 112.98746490, 32.50000000, 0.00000000
1, 47.3700, 5293, -0.33850360, -0.85444200, 0.45171711, -54.87481308, -101.12373352, -54.38481903, -36.12978745, 8.85705948, -68.45951080, 99.98952484, -22.98409081, -13.54048634, -0.64356804, 0.73029625, -0.21567500, 0.07727849, -0.05454171, -0.05228639, -0.29400200, 99.97500610, 112.98746490, 32.50000000, 0.00000000
1, 47.3750, 5294, -0.35414031, -0.85178804, 0.42126590, -56.88492584, -89.22135162, -60.52513123, -36.12978745, 8.85705948, -68.45951080, 99.86744690, -22.61038208, -13.96133900, -0.64473873, 0.72955263, -0.21645278, 0.07220285, -0.03289725, -0.05766919, -0.26493126, 99.97500610, 112.98746490, 32.50000000, 0.00000000
1, 47.3800, 5295, -0.37772036, -0.85584152, 0.38827822, -58.67810059, -77.62866974, -66.74568939, -35.10669327, 8.21397209, -68.98567963, 99.70793915, -22.21675873, -14.31455612, -0.64607829, 0.72876048, -0.21670608, 0.06730145, -0.00297038, -0.05653302, -0.23395330, 99.97500610, 112.98746490, 32.50000000, 0.00000000
1, 47.3850, 5296, -0.40520436, -0.86617053, 0.35912761, -60.33448029, -65.61368561, -73.09813690, -35.10669327, 8.21397209, -68.98567963, 99.51182556, -21.80277061, -14.59850502, -0.64758646, 0.72792745, -0.21641774, 0.06258470, 0.03119863, -0.04931157, -0.20741634, 99.97500610, 112.98746490, 32.50000000, 0.00000000
1, 47.4950, 5297, -0.01428589, -0.92242289, -0.06394273, -6.11511469, 13.10024643, -189.12667847, -27.06810760, 5.72931862, -72.14264679, 93.59823608, -6.76636744, -11.15724468, -0.68431073, 0.72031385, -0.11094639, -0.02361649, -0.10747193, -0.06803818, 0.12486042, 99.97500610, 112.98746490, 32.50000000, 0.00000000
1, 47.5000, 5298, -0.02471432, -0.93055654, -0.06886835, -0.60338092, 6.60591745, -192.33105469, -27.06810760, 5.72931862, -72.14264679, 93.58271027, -5.80853510, -11.06510544, -0.68415308, 0.72119355, -0.10470869, -0.02916628, -0.08049483, -0.06180996, 0.12945414, 99.97500610, 112.98746490, 32.50000000, 0.00000000
1, 47.5050, 5299, -0.03301112, -0.95578158, -0.06994798, 4.32086372, -0.97392470, -194.04661560, -25.78193474, 5.61239386, -72.40573120, 93.59678650, -4.83975649, -11.01058388, -0.68375522, 0.72216684, -0.09864201, -0.03498134, -0.05540729, -0.03820804, 0.13069728, 99.97500610, 112.98746490, 32.50000000, 0.00000000
1, 47.5100, 5300, -0.05587347, -0.98710585, -0.06168470, 7.30172634, -9.39514160, -194.77600098, -25.78193474, 5.61239386, -72.40573120, 93.62985992, -3.86474609, -10.99765778, -0.68317670, 0.72316730, -0.09280127, -0.04106792, -0.01562655, -0.00822432, 0.12291710, 99.97500610, 112.98746490, 32.50000000, 0.00000000
1, 47.5150, 5301, -0.09341761, -1.02054691, -0.05523730, 8.50696754, -17.88367844, -194.78337097, -24.34960556, 5.02776957, -72.14264679, 93.67161560, -2.88706756, -11.02652931, -0.68247628, 0.72413582, -0.08720908, -0.04741428, 0.03892406, 0.02417592, 0.11708692, 99.97500610, 112.98746490, 32.50000000, 0.00000000
1, 47.5200, 5302, -0.13826095, -1.04882789, -0.04921037, 9.12698841, -24.89469147, -194.15216064, -24.34960556, 5.02776957, -72.14264679, 93.71744537, -1.91029632, -11.08984280, -0.68168092, 0.72505307, -0.08184075, -0.05395728, 0.10078724, 0.05171242, 0.11173221, 99.97500610, 112.98746490, 32.50000000, 0.00000000
1, 47.5250, 5303, -0.18078168, -1.07605302, -0.03818901, 11.00623226, -29.99566078, -192.82546997, -24.34960556, 5.02776957, -72.14264679, 93.77226257, -0.93845177, -11.17816257, -0.68076104, 0.72595680, -0.07666481, -0.06061138, 0.16025969, 0.07848507, 0.10150051, 99.97500610, 112.98746490, 32.50000000, 0.00000000
1, 47.5300, 5304, -0.21322979, -1.13719761, -0.02270912, 14.93064499, -33.49123383, -190.89067078, -23.15112495, 5.87547493, -72.02572632, 93.84536743, 0.02501685, -11.28345299, -0.67966086, 0.72690910, -0.07165872, -0.06730132, 0.20952833, 0.13947660, 0.08702368, 99.97500610, 112.98746490, 32.50000000, 0.00000000
1, 47.5350, 5305, -0.21092029, -1.16854298, -0.01015554, 18.08708382, -35.40871429, -189.67961121, -23.15112495, 5.87547493, -72.02572632, 93.93241882, 0.98327172, -11.39735317, -0.67840934, 0.72789341, -0.06675171, -0.07400153, 0.22392800, 0.17097734, 0.07588089, 99.97500610, 112.98746490, 32.50000000, 0.00000000
1, 47.5400, 5306, -0.18529467, -1.21262765, 0.01385365, 20.57222176, -37.80785751, -188.96224976, -20.90032196, 6.60625553, -71.55802155, 94.02346802, 1.91759503, -11.52283764, -0.67708075, 0.72884154, -0.06206962, -0.08061724, 0.21473575, 0.21548358, 0.05346141, 99.97500610, 112.98746490, 32.50000000, 0.00000000
1, 47.6450, 5307, -0.46402889, -0.96044338, 0.08087736, -28.45861244, -8.76396751, -79.26446533, -11.72171879, 9.50014591, -73.04881287, 93.01528168, 18.07357025, -16.51271248, -0.65630710, 0.72455949, 0.00409768, -0.21037553, 0.77240992, 0.01046530, -0.03294434, 99.97500610, 112.98746490, 32.50000000, 0.00000000
1, 47.6500, 5308, -0.44965664, -0.90631068, 0.08554671, -18.25744057, 9.53235722, -65.74354553, -11.72171879, 9.50014591, -73.04881287, 92.94432831, 18.39925194, -16.44517708, -0.65628147, 0.72410357, 0.00661419, -0.21195519, 0.76378226, -0.04187270, -0.03913094, 99.97500610, 112.98746490, 32.50000000, 0.00000000
1, 47.6550, 5309, -0.45905957, -0.88735735, 0.12124657, -15.28764057, 13.47578812, -54.75107956, -11.16632557, 10.20169544, -72.84420013, 92.89431000, 18.66915512, -16.35997200, -0.65625650, 0.72376758, 0.00886944, -0.21309443, 0.77780133, -0.05936142, -0.07579261, 99.97500610, 112.98746490, 32.50000000, 0.00000000
1, 47.6600, 5310, -0.47026667, -0.83433819, 0.16485578, -14.37691784, 17.24660110, -43.10557175, -11.16632557, 10.20169544, -72.84420013, 92.85472107, 18.88006973, -16.25797081, -0.65630507, 0.72349423, 0.01085696, -0.21378003, 0.79262722, -0.11122616, -0.12010102, 99.97500610, 112.98746490, 32.50000000, 0.00000000
1, 47.6650, 5311, -0.46191832, -0.73309803, 0.21354690, -12.26196194, 18.29715347, -32.34643173, -11.22478771, 9.85092068, -72.87342834, 92.82705688, 19.03707886, -16.15316010, -0.65638340, 0.72329462, 0.01251563, -0.21412422, 0.78697002, -0.21160935, -0.16916201, 99.97500610, 112.98746490, 32.50000000, 0.00000000
1, 47.6700, 5312, -0.48692167, -0.61378109, 0.23956165, -8.87920761, 20.27664375, -22.10707474, -11.22478771, 9.85092068, -72.87342834, 92.81925201, 19.14255524, -16.04043961, -0.65644705, 0.72321510, 0.01387681, -0.21411386, 0.81385922, -0.33030719, -0.19530372, 99.97500610, 112.98746490, 32.50000000, 0.00000000
1, 47.6750, 5313, -0.56087011, -0.51103711, 0.19707017, -1.91600418, 32.04221344, -11.96045780, -11.22478771, 9.85092068, -72.87342834, 92.86615753, 19.19458199, -15.86798668, -0.65637606, 0.72345054, 0.01519112, -0.21344592, 0.88899577, -0.43258148, -0.15234984, 99.97500610, 112.98746490, 32.50000000, 0.00000000
1, 47.6800, 5314, -0.61490929, -0.46572223, 0.16765112, 10.62768078, 50.11289215, -1.27891386, -11.07863140, 10.23092651, -72.72727203, 93.00651550, 19.18868637, -15.60265732, -0.65599281, 0.72421885, 0.01657115, -0.21191040, 0.94325769, -0.47769907, -0.12109044, 99.97500610, 112.98746490, 32.50000000, 0.00000000
1, 47.6850, 5315, -0.64470309, -0.51960230, 0.20756459, 25.63622856, 64.68666840, 10.86525154, -11.07863140, 10.23092651, -72.72727203, 93.24602509, 19.11766243, -15.26377201, -0.65523076, 0.72555602, 0.01784791, -0.20957723, 0.97205299, -0.42400575, -0.15760434, 99.97500610, 112.98746490, 32.50000000, 0.00000000
1, 47.6900, 5316, -0.65955049, -0.65668619, 0.24626707, 36.32004547, 78.10378265, 23.21215820, -11.31248188, 7.48319197, -72.63957977, 93.61223602, 18.78108788, -14.84885025, -0.65426457, 0.72767264, 0.01780078, -0.20521611, 0.98316574, -0.28792274, -0.19116382, 99.97500610, 112.98746490, 32.50000000, 0.00000000
1, 47.7950, 5317, -0.24346024, -1.29644370, 0.20744170, 41.10329819, -173.24172974, 102.19694519, -16.83718109, 9.03244686, -70.56416321, 96.05364227, 11.54077244, -12.54091835, -0.65324903, 0.74260950, -0.01395181, -0.14697710, 0.44487160, 0.32215387, -0.10699947, 99.97500610, 112.98746490, 32.50000000, 0.00000000
1, 47.8000, 5318, -0.37434301, -1.46073842, 0.31839743, 43.83979034, -161.27227783, 115.41669464, -16.60333252, 8.97398376, -70.76878357, 96.10197449, 11.05140877, -13.42002773, -0.65243745, 0.74273407, -0.02257039, -0.14886971, 0.56739593, 0.48471999, -0.21766880, 99.97500610, 112.98746490, 32.50000000, 0.00000000
1, 47.8050, 5319, -0.46874014, -1.57364678, 0.28919777, 39.79584503, -136.93161011, 123.02374268, -16.60333252, 8.97398376, -70.76878357, 96.16040039, 10.51220131, -14.17893982, -0.65178180, 0.74284053, -0.03071336, -0.14975065, 0.65280849, 0.59604484, -0.18772772, 99.97500610, 112.98746490, 32.50000000, 0.00000000
1, 47.8100, 5320, -0.46487471, -1.53071356, 0.05415778, 32.94193649, -105.97080231, 120.76436615, -16.60333252, 8.97398376, -70.76878357, 96.21979523, 9.96846390, -14.77945518, -0.65133595, 0.74291342, -0.03785510, -0.14969364, 0.64012408, 0.55189472, 0.04859079, 99.97500610, 112.98746490, 32.50000000, 0.00000000
1, 47.8150, 5321, -0.45803469, -1.42128396, 0.01687794, 30.46655083, -82.33963013, 113.40228271, -16.95410728, 8.91552162, -70.65185547, 96.29294586, 9.44924831, -15.25642681, -0.65093297, 0.74304789, -0.04406793, -0.14907815, 0.62433898, 0.44109225, 0.08737370, 99.97500610, 112.98746490, 32.50000000, 0.00000000
1, 47.8200, 5322, -0.45121080, -1.22945976, 0.11572183, 29.62318993, -61.77946854, 103.94826508, -16.95410728, 8.91552162, -70.65185547, 96.38340759, 8.96655750, -15.62472248, -0.65051246, 0.74328482, -0.04938246, -0.14806283, 0.60882312, 0.24789530, -0.00946020, 99.97500610, 112.98746490, 32.50000000, 0.00000000
1, 47.8250, 5323, -0.44477689, -1.10350549, 0.30213431, 28.15840530, -65.04434204, 100.10344696, -17.10026360, 8.68167210, -71.20724487, 96.46733093, 8.50531960, -16.00755501, -0.65008885, 0.74344581, -0.05465446, -0.14726140, 0.59389544, 0.12055877, -0.19402857, 99.97500610, 112.98746490, 32.50000000, 0.00000000
1, 47.8300, 5324, -0.45109329, -0.99996305, 0.47994423, 26.45154381, -71.23028564, 98.89112091, -17.10026360, 8.68167210, -71.20724487, 96.54129028, 8.05405521, -16.42095184, -0.64967936, 0.74349946, -0.06005054, -0.14669442, 0.59194702, 0.01572587, -0.37025306, 99.97500610, 112.98746490, 32.50000000, 0.00000000
1, 47.8350, 5325, -0.46920818, -0.91620541, 0.58760399, 26.51733208, -70.71502686, 99.21803284, -17.10026360, 8.68167210, -71.20724487, 96.61909485, 7.60140228, -16.83209038, -0.64925218, 0.74353540, -0.06544128, -0.14609687, 0.60198826, -0.06914015, -0.47639322, 99.97500610, 112.98746490, 32.50000000, 0.00000000
1, 47.8400, 5326, -0.48487845, -0.85056150, 0.61282879, 29.88190651, -60.43874359, 100.40159607, -17.53873062, 8.47705364, -70.73954773, 96.79893494, 7.05034590, -17.18784714, -0.64836603, 0.74409693, -0.07116648, -0.14448740, 0.60887158, -0.13568921, -0.49911842, 99.97500610, 112.98746490, 32.50000000, 0.00000000
1, 47.9550, 5327, 0.15211034, -0.95857096, 0.11241459, 15.83557510, -6.96970606, 25.12563705, -22.27418900, 9.29552746, -68.86875153, 99.69040680, 0.88949007, -13.79270554, -0.63945800, 0.75935328, -0.08680080, -0.08331750, -0.13635889, -0.02727760, 0.05435401, 99.97500610, 112.98746490, 32.50000000, 0.00000000
1, 47.9600, 5328, 0.11543398, -0.97203481, 0.11512400, 16.05829620, -10.66202831, 25.21005440, -22.27418900, 9.29552746, -68.86875153, 99.76995850, 0.77433795, -13.86633778, -0.63897449, 0.75966841, -0.08799022, -0.08290548, -0.10170923, -0.01361439, 0.05290269, 99.97500610, 112.98746490, 32.50000000, 0.00000000
1, 47.9650, 5329, 0.08313510, -0.99121749, 0.10519198, 16.10725784, -11.80706692, 25.04193115, -22.21572685, 8.76936531, -69.10260010, 99.84980011, 0.66108459, -13.94563484, -0.63848329, 0.75997978, -0.08920606, -0.08253574, -0.07136935, 0.00579573, 0.06409853, 99.97500610, 112.98746490, 32.50000000, 0.00000000
1, 47.9700, 5330, 0.05310413, -1.01358473, 0.10211451, 15.93896675, -12.63989258, 24.84895897, -22.21572685, 8.76936531, -69.10260010, 99.92893219, 0.54959798, -14.02902222, -0.63799244, 0.76028293, -0.09043801, -0.08219945, -0.04328560, 0.02838458, 0.06843584, 99.97500610, 112.98746490, 32.50000000, 0.00000000
1, 47.9750, 5331, 0.02296602, -1.02746749, 0.09999510, 15.48847961, -13.65096378, 24.72544098, -23.15112495, 8.88629055, -68.43028259, 100.00591278, 0.43969747, -14.11743069, -0.63751084, 0.76056862, -0.09169220, -0.08190164, -0.01506583, 0.04248727, 0.07179396, 99.97500610, 112.98746490, 32.50000000, 0.00000000
1, 47.9800, 5332, 0.00782129, -1.02941644, 0.11330987, 15.49078178, -13.85814857, 24.65036774, -23.15112495, 8.88629055, -68.43028259, 100.08309174, 0.33046100, -14.20694828, -0.63702673, 0.76085263, -0.09294963, -0.08161265, -0.00186307, 0.04463477, 0.05976313, 99.97500610, 112.98746490, 32.50000000, 0.00000000
1, 47.9850, 5333, 0.00304206, -1.03090954, 0.16669194, 16.37754822, -13.61157227, 24.85526848, -23.15112495, 8.88629055, -68.43028259, 100.16484070, 0.22013801, -14.29557610, -0.63651389, 0.76115966, -0.09420981, -0.08130608, 0.00086465, 0.04627749, 0.00775467, 99.97500610, 112.98746490, 32.50000000, 0.00000000
1, 47.9900, 5334, 0.00730374, -1.03181255, 0.21975219, 15.65823460, -12.92423248, 24.98596573, -23.29728127, 8.79859638, -67.87489319, 100.27032471, 0.11364377, -14.38163757, -0.63584197, 0.76160073, -0.09544782, -0.08098923, -0.00542713, 0.04737468, -0.04369542, 99.97500610, 112.98746490, 32.50000000, 0.00000000
1, 47.9950, 5335, 0.01162077, -1.02315080, 0.26212806, 14.46571350, -11.39892387, 24.86223984, -23.29728127, 8.79859638, -67.87489319, 100.34287262, 0.00157863, -14.45974445, -0.63539922, 0.76185936, -0.09663986, -0.08061681, -0.01175918, 0.03891316, -0.08454427, 99.97500610, 112.98746490, 32.50000000, 0.00000000
1, 48.0000, 5336, 0.01436985, -1.01217556, 0.30121389, 13.68780422, -8.89183331, 24.61643410, -23.09266281, 9.23706532, -68.19643402, 100.41167450, -0.11142611, -14.52543068, -0.63499075, 0.76210505, -0.09775123, -0.08017103, -0.01657521, 0.02809315, -0.12241007, 99.97500610, 112.98746490, 32.50000000, 0.00000000
1, 48.1050, 5337, 0.03744455, -1.00042903, 0.20976518, 5.41028070, 23.16702461, 26.92308044, -25.40192986, 9.32475853, -67.96258545, 101.27382660, -2.83141780, -12.73885250, -0.63224459, 0.76639688, -0.10131793, -0.05135588, -0.08669043, 0.02052516, -0.01614280, 99.97500610, 112.98746490, 32.50000000, 0.00000000
1, 48.1100, 5338, 0.02598686, -1.01109815, 0.22089049, 4.93188286, 21.78002548, 27.94767189, -25.86962891, 9.03244686, -68.31335449, 101.29478455, -2.98956680, -12.65902424, -0.63223553, 0.76645958, -0.10165983, -0.04983421, -0.07799958, 0.03138442, -0.02697123, 99.97500610, 112.98746490, 32.50000000, 0.00000000
1, 48.1150, 5339, 0.01022525, -1.01046598, 0.22788005, 4.39949512, 21.86135101, 28.72753716, -25.86962891, 9.03244686, -68.31335449, 101.31289673, -3.15165806, -12.57959843, -0.63224471, 0.76650238, -0.10202418, -0.04829041, -0.06506509, 0.03095088, -0.03370672, 99.97500610, 112.98746490, 32.50000000, 0.00000000
1, 48.1200, 5340, -0.00647137, -0.99844182, 0.23588797, 3.93027472, 22.54173660, 29.24046135, -25.86962891, 9.03244686, -68.31335449, 101.32827759, -3.31695604, -12.49737644, -0.63227201, 0.76652944, -0.10238571, -0.04671170, -0.05125582, 0.01912509, -0.04149546, 99.97500610, 112.98746490, 32.50000000, 0.00000000
1, 48.1250, 5341, -0.01982813, -0.98724234, 0.24180320, 3.77085662, 23.96763039, 29.27647781, -25.86962891, 9.32475853, -67.64103699, 101.34220123, -3.48384428, -12.40821171, -0.63230944, 0.76655281, -0.10270846, -0.04508495, -0.04081487, 0.00813174, -0.04721437, 99.97500610, 112.98746490, 32.50000000, 0.00000000
1, 48.1300, 5342, -0.02768419, -0.98114657, 0.25245887, 3.57556152, 25.42718506, 29.34880257, -25.86962891, 9.32475853, -67.64103699, 101.35445404, -3.65253615, -12.31196785, -0.63235825, 0.76657116, -0.10299258, -0.04340812, -0.03591745, 0.00223934, -0.05769798, 99.97500610, 112.98746490, 32.50000000, 0.00000000
1, 48.1350, 5343, -0.03899330, -0.97598541, 0.26256076, 2.91103840, 27.37828445, 29.08829689, -26.42502213, 9.35398960, -67.99181366, 101.36247253, -3.82187676, -12.20589161, -0.63243568, 0.76657379, -0.10321254, -0.04167617, -0.02758009, -0.00271997, -0.06769875, 99.97500610, 112.98746490, 32.50000000, 0.00000000
1, 48.1400, 5344, -0.04503377, -0.96802223, 0.25502360, 2.42778254, 29.02018929, 28.71295929, -26.42502213, 9.35398960, -67.99181366, 101.40023041, -3.97776604, -12.09414387, -0.63230503, 0.76675618, -0.10333104, -0.03997630, -0.02435369, -0.01040817, -0.05982699, 99.97500610, 112.98746490, 32.50000000, 0.00000000
1, 48.2450, 5345, -0.17160249, -1.00743163, 0.24093191, 3.26297712, 5.50306749, 35.08211899, -29.20198822, 9.41245270, -67.20256805, 101.61644745, -7.66115284, -10.60111713, -0.63259363, 0.76609683, -0.11347362, -0.00669052, 0.03844897, 0.03614582, -0.04350112, 99.97500610, 112.98746490, 32.50000000, 0.00000000
1, 48.2500, 5346, -0.18174775, -1.01038396, 0.25518224, 3.20636535, 7.05519199, 34.24353027, -29.14352417, 9.23706532, -66.79333496, 101.63285065, -7.83592606, -10.60076332, -0.63252807, 0.76601940, -0.11442214, -0.00549184, 0.04552383, 0.03953577, -0.05757821, 99.97500610, 112.98746490, 32.50000000, 0.00000000
1, 48.2550, 5347, -0.19112389, -1.01059783, 0.24014391, 2.65386295, 8.42967129, 33.37196732, -29.14352417, 9.23706532, -66.79333496, 101.64543152, -8.00780964, -10.59278011, -0.63248622, 0.76592958, -0.11530322, -0.00427413, 0.05195304, 0.04022580, -0.04241837, 99.97500610, 112.98746490, 32.50000000, 0.00000000
1, 48.2600, 5348, -0.20534915, -1.00756955, 0.23447987, 2.71293950, 9.18714714, 32.30265045, -29.58199310, 9.17860222, -66.88102722, 101.65760803, -8.17521763, -10.58000565, -0.63244474, 0.76584518, -0.11612746, -0.00306043, 0.06328389, 0.03765185, -0.03666250, 99.97500610, 112.98746490, 32.50000000, 0.00000000
1, 48.2650, 5349, -0.21696809, -1.00891995, 0.24967800, 2.70787859, 12.37508583, 31.53744888, -29.58199310, 9.17860222, -66.88102722, 101.66732788, -8.34207726, -10.55069160, -0.63241810, 0.76576316, -0.11683770, -0.00176147, 0.07197989, 0.03942171, -0.05180003, 99.97500610, 112.98746490, 32.50000000, 0.00000000
1, 48.2700, 5350, -0.22563095, -1.01508188, 0.27145317, 2.39259315, 14.75790215, 30.82710838, -29.58199310, 9.17860222, -66.88102722, 101.67353058, -8.50785923, -10.50887775, -0.63241279, 0.76567453, -0.11745816, -0.00040425, 0.07771885, 0.04598780, -0.07356751, 99.97500610, 112.98746490, 32.50000000, 0.00000000
1, 48.2750, 5351, -0.23061793, -1.01631331, 0.26749671, 2.29099655, 17.07717133, 29.93727684, -29.78661156, 9.26629639, -66.76410675, 101.67725372, -8.67161369, -10.45466137, -0.63242149, 0.76558590, -0.11798449, 0.00100523, 0.07988310, 0.04765695, -0.06964269, 99.97500610, 112.98746490, 32.50000000, 0.00000000
1, 48.2800, 5352, -0.23846510, -1.02101958, 0.26518181, 2.04568386, 19.53274345, 29.12262154, -29.78661156, 9.26629639, -66.76410675, 101.67758179, -8.83384991, -10.38743687, -0.63244963, 0.76549274, -0.11841555, 0.00247282, 0.08492955, 0.05279298, -0.06741908, 99.97500610, 112.98746490, 32.50000000, 0.00000000
1, 48.2850, 5353, -0.24521963, -1.02255154, 0.27015492, 2.08487535, 22.02231789, 28.44536972, -30.25431061, 9.32475853, -66.73487091, 101.67594147, -8.99525833, -10.30714417, -0.63248777, 0.76540226, -0.11875482, 0.00400491, 0.08888522, 0.05473820, -0.07252225, 99.97500610, 112.98746490, 32.50000000, 0.00000000
1, 48.2900, 5354, -0.23369856, -1.02580154, 0.25905752, 2.23913050, 23.84813881, 27.89103889, -30.25431061, 9.32475853, -66.73487091, 101.69698334, -9.18602753, -10.22221565, -0.63237572, 0.76541090, -0.11922121, 0.00578462, 0.07436015, 0.05851136, -0.06134272, 99.97500610, 112.98746490, 32.50000000, 0.00000000
1, 48.4000, 5355, 0.04324854, -1.07478189, 0.18099862, 1.31753802, 41.47625732, 68.35253906, -33.99590683, 9.23706532, -66.67640686, 101.40353394, -14.25245380, -7.91730976, -0.63359290, 0.76062530, -0.13139601, 0.05238556, -0.28828949, 0.12402505, 0.00918898, 99.97500610, 112.98746490, 32.50000000, 0.00000000
1, 48.4050, 5356, 0.07119653, -1.08534837, 0.13610952, -0.34533259, 44.25762939, 70.89366150, -33.99590683, 9.23706532, -66.67640686, 101.36466980, -14.64338589, -7.76487827, -0.63368678, 0.76010817, -0.13251922, 0.05581484, -0.32267410, 0.13618487, 0.05318990, 99.97500610, 112.98746490, 32.50000000, 0.00000000
1, 48.4100, 5357, 0.06881735, -1.09435141, 0.11328074, 0.29398546, 44.89944458, 73.42456818, -34.37591171, 9.47091484, -66.79333496, 101.32769012, -15.04725170, -7.61120605, -0.63374811, 0.75958228, -0.13370505, 0.05933841, -0.32700297, 0.14684576, 0.07502317, 99.97500610, 112.98746490, 32.50000000, 0.00000000
1, 48.4150, 5358, 0.05283302, -1.10181546, 0.14768951, 0.25530830, 45.74243927, 76.03901672, -34.37591171, 9.47091484, -66.79333496, 101.28889465, -15.46465302, -7.45530272, -0.63379955, 0.75902706, -0.13495214, 0.06296127, -0.31807730, 0.15597937, 0.03956445, 99.97500610, 112.98746490, 32.50000000, 0.00000000
1, 48.4200, 5359, 0.03355331, -1.10451734, 0.17983429, -0.51148373, 47.84639740, 78.09690094, -35.63285446, 9.85092068, -66.70564270, 101.24266815, -15.89409828, -7.29012394, -0.63387311, 0.75842100, -0.13620917, 0.06670532, -0.30605146, 0.16044429, 0.00624850, 99.97500610, 112.98746490, 32.50000000, 0.00000000
1, 48.4250, 5360, 0.02114210, -1.09992290, 0.16569085, -1.37125146, 48.80154037, 80.09353638, -35.63285446, 9.85092068, -66.70564270, 101.18995667, -16.33413315, -7.12132263, -0.63396454, 0.75776428, -0.13750601, 0.07053018, -0.30094022, 0.15776961, 0.01911680, 99.97500610, 112.98746490, 32.50000000, 0.00000000
1, 48.4300, 5361, 0.00359788, -1.09726477, 0.14162436, -2.24386382, 47.93880463, 82.36248016, -35.63285446, 9.85092068, -66.70564270, 101.13333130, -16.78432655, -6.95839357, -0.63406157, 0.75705963, -0.13890208, 0.07438309, -0.29081279, 0.15713587, 0.04180239, 99.97500610, 112.98746490, 32.50000000, 0.00000000
1, 48.4350, 5362, -0.02475417, -1.09315789, 0.07892687, -3.17011094, 45.83460999, 85.54891205, -36.42210007, 10.11400127, -67.17333984, 101.07472229, -17.24799919, -6.80857801, -0.63415468, 0.75630391, -0.14046215, 0.07824811, -0.27001435, 0.15524180, 0.10302566, 99.97500610, 112.98746490, 32.50000000, 0.00000000
1, 48.4400, 5363, -0.03170766, -1.08544290, 0.04909395, -3.28721666, 44.24837494, 87.75593567, -36.42210007, 10.11400127, -67.17333984, 100.98028564, -17.65678024, -6.65506220, -0.63448662, 0.75542152, -0.14172921, 0.08171841, -0.27028674, 0.14956956, 0.13116822, 99.97500610, 112.98746490, 32.50000000, 0.00000000
1, 48.4450, 5364, -0.02846530, -1.08127010, 0.04151188, -2.05515742, 45.93400574, 90.54954529, -37.70827103, 10.43554497, -66.64717865, 100.92581177, -18.14472198, -6.50767136, -0.63450325, 0.75463957, -0.14344096, 0.08573012, -0.28101769, 0.14754269, 0.13710427, 99.97500610, 112.98746490, 32.50000000, 0.00000000
1, 48.4500, 5365, -0.00929324, -1.09868979, 0.06102844, -0.96388870, 47.38638687, 92.84867096, -37.70827103, 10.43554497, -66.64717865, 100.87371063, -18.64515877, -6.35413933, -0.63447124, 0.75385308, -0.14518085, 0.08985838, -0.30848888, 0.16743913, 0.11622978, 99.97500610, 112.98746490, 32.50000000, 0.00000000
1, 48.4550, 5366, 0.02216120, -1.11954284, 0.07472640, -0.87376571, 43.36428452, 95.03004456, -37.70827103, 10.43554497, -66.64717865, 100.82797241, -19.15243530, -6.22272253, -0.63438886, 0.75305539, -0.14710049, 0.09391382, -0.34833497, 0.19091141, 0.10126823, 99.97500610, 112.98746490, 32.50000000, 0.00000000
1, 48.4600, 5367, 0.04717575, -1.14102674, 0.05465820, -1.14227426, 36.71885681, 97.53903961, -38.38058853, 9.61707115, -66.99795532, 100.79189301, -19.66577911, -6.12760830, -0.63424891, 0.75224602, -0.14928488, 0.09781721, -0.38173008, 0.21520558, 0.12018414, 99.97500610, 112.98746490, 32.50000000, 0.00000000
1, 48.4650, 5368, 0.05433608, -1.16711366, 0.04591726, -0.75926465, 32.22341537, 100.68685150, -38.38058853, 9.61707115, -66.99795532, 100.76577759, -20.19036293, -6.05847883, -0.63404042, 0.75143021, -0.15169223, 0.10166097, -0.39743054, 0.24424720, 0.12786549, 99.97500610, 112.98746490, 32.50000000, 0.00000000
1, 48.4700, 5369, 0.06184467, -1.20083678, 0.08063973, -0.23371969, 30.62286758, 103.72660828, -39.22829437, 10.49400711, -66.96871948, 100.74555206, -20.72836685, -6.00028753, -0.63377655, 0.75059974, -0.15423778, 0.10553783, -0.41377628, 0.28103209, 0.09215537, 99.97500610, 112.98746490, 32.50000000, 0.00000000
1, 48.5600, 5370, 0.27681923, -1.57859302, -0.00894962, 12.56344128, 80.16992188, 151.53935242, -45.62993240, 12.77404213, -67.14411163, 100.83730316, -32.48446274, -5.80009317, -0.62186545, 0.72999507, -0.21542566, 0.18434314, -0.81083345, 0.74829537, 0.16637051, 99.97500610, 112.98746490, 32.50000000, 0.00000000
1, 48.5650, 5371, 0.43175384, -1.67634189, 0.04819581, 17.97745323, 91.26206970, 151.38427734, -45.62993240, 12.77404213, -67.14411163, 100.72972107, -33.31266403, -5.43319559, -0.62090671, 0.72831368, -0.21760407, 0.19152720, -0.97806096, 0.85332221, 0.10647748, 99.97500610, 112.98746490, 32.50000000, 0.00000000
1, 48.5700, 5372, 0.63095069, -1.73094690, 0.14936168, 17.05491638, 99.51554108, 149.66488647, -47.32534409, 13.56328583, -66.76410675, 100.58187103, -34.13932037, -5.00999975, -0.62003183, 0.72651035, -0.21949893, 0.19890587, -1.18954456, 0.91523379, 0.00232632, 99.97500610, 112.98746490, 32.50000000, 0.00000000
1, 48.5750, 5373, 0.72240680, -1.69396031, 0.13576016, 6.66173172, 102.45220184, 146.92282104, -47.32534409, 13.56328583, -66.76410675, 100.36119080, -34.95412827, -4.55893278, -0.61950016, 0.72438151, -0.22130491, 0.20619208, -1.29276752, 0.88566232, 0.01186393, 99.97500610, 112.98746490, 32.50000000, 0.00000000
1, 48.5800, 5374, 0.71100473, -1.58658731, 0.09023827, -0.25515294, 99.95031738, 142.70988464, -47.32534409, 13.56328583, -66.76410675, 100.10182190, -35.74451828, -4.10979891, -0.61916399, 0.72208554, -0.22309522, 0.21320665, -1.29262066, 0.78559667, 0.05256327, 99.97500610, 112.98746490, 32.50000000, 0.00000000
1, 48.5850, 5375, 0.61047137, -1.49003053, -0.00592697, -2.82992387, 97.20777130, 138.47105408, -48.69921112, 11.63402462, -67.72873688, 99.82650757, -36.50998688, -3.66391420, -0.61888707, 0.71974587, -0.22483799, 0.21998322, -1.20275307, 0.69630980, 0.14346901, 99.97500610, 112.98746490, 32.50000000, 0.00000000
1, 48.5900, 5376, 0.50300628, -1.42828810, -0.08842266, -1.46199417, 92.36649323, 136.02479553, -48.69921112, 11.63402462, -67.72873688, 99.53929138, -37.18468857, -3.21938467, -0.61875176, 0.71753991, -0.22616749, 0.22612199, -1.10509241, 0.64138246, 0.22067261, 99.97500610, 112.98746490, 32.50000000, 0.00000000
1, 48.5950, 5377, 0.32737926, -1.37475145, -0.05276550, 3.53278208, 82.02206421, 134.87338257, -50.24846649, 15.46331501, -67.49488068, 99.33170319, -37.91661835, -2.84696889, -0.61809808, 0.71548659, -0.22812122, 0.23236729, -0.93926132, 0.59455884, 0.18017684, 99.97500610, 112.98746490, 32.50000000, 0.00000000
1, 48.6000, 5378, 0.24192639, -1.35643256, 0.06682008, 7.77672195, 74.69320679, 132.61167908, -50.24846649, 15.46331501, -67.49488068, 99.16453552, -38.63053513, -2.51161981, -0.61723381, 0.71361148, -0.23014885, 0.23835418, -0.86399424, 0.58330613, 0.05678859, 99.97500610, 112.98746490, 32.50000000, 0.00000000
1, 48.6050, 5379, 0.12247228, -1.29227448, 0.27459630, 6.93659544, 69.57406616, 127.87346649, -50.24846649, 15.46331501, -67.49488068, 99.00366974, -39.31631470, -2.19818091, -0.61636764, 0.71178389, -0.23216696, 0.24403524, -0.75445849, 0.52593398, -0.15447669, 99.97500610, 112.98746490, 32.50000000, 0.00000000
1, 48.7100, 5380, -0.68249059, -0.54600632, 0.33728465, -42.46363449, -55.36431885, 57.20763397, -56.70856476, 18.79567337, -67.64103699, 99.20057678, -50.53418732, -4.69585180, -0.59893435, 0.67677170, -0.30462232, 0.30077070, -0.08979604, -0.08271644, -0.23850034, 99.97500610, 112.98746490, 32.50000000, 0.00000000
1, 48.7150, 5381, -0.59220427, -0.59163916, 0.36317608, -52.70885468, -47.84552765, 37.64267731, -56.70856476, 18.79567337, -67.64103699, 99.26169586, -50.68262863, -5.11533880, -0.59935242, 0.67551672, -0.30767745, 0.29964739, -0.18199128, -0.03476132, -0.26366931, 99.97500610, 112.98746490, 32.50000000, 0.00000000
1, 48.7200, 5382, -0.45021120, -0.53774691, 0.37829340, -60.23490906, -43.86393356, 21.32380867, -56.35778809, 19.61414719, -68.13796997, 99.24645996, -50.75369644, -5.48436022, -0.60025251, 0.67422301, -0.31024382, 0.29810920, -0.32502341, -0.08746902, -0.27853441, 99.97500610, 112.98746490, 32.50000000, 0.00000000
1, 48.7250, 5383, -0.28849220, -0.44111690, 0.36223948, -63.18280029, -47.63567352, 6.05878544, -56.35778809, 19.61414719, -68.13796997, 99.22453308, -50.74656296, -5.86387539, -0.60138047, 0.67309898, -0.31249633, 0.29601610, -0.48684108, -0.18394944, -0.26222461, 99.97500610, 112.98746490, 32.50000000, 0.00000000
1, 48.7300, 5384, -0.14669548, -0.34620285, 0.32100764, -62.23217773, -58.85180664, -8.20647907, -55.80239487, 18.59105492, -67.69950104, 99.26048279, -50.66005325, -6.31252193, -0.60250437, 0.67232955, -0.31460938, 0.29322761, -0.62779677, -0.27965203, -0.22013347, 99.97500610, 112.98746490, 32.50000000, 0.00000000
1, 48.7350, 5385, -0.03364818, -0.24839833, 0.28326887, -60.37260437, -71.47740173, -21.46534157, -55.80239487, 18.59105492, -67.69950104, 99.36677551, -50.49761963, -6.84119749, -0.60356104, 0.67194110, -0.31663811, 0.28974053, -0.73915410, -0.37915182, -0.18066108, 99.97500610, 112.98746490, 32.50000000, 0.00000000
1, 48.7400, 5386, 0.04190800, -0.16099468, 0.26166698, -56.92758179, -79.78381348, -34.15071106, -55.80239487, 18.59105492, -67.69950104, 99.61171722, -50.22209549, -7.48145199, -0.60428697, 0.67232496, -0.31842428, 0.28534633, -0.81202638, -0.46931109, -0.15612671, 99.97500610, 112.98746490, 32.50000000, 0.00000000
1, 48.7450, 5387, 0.09367057, -0.09160549, 0.26517874, -52.28927231, -84.01879883, -47.70063019, -56.09470749, 19.00029182, -68.16719818, 99.79716492, -49.91746521, -8.06495190, -0.60523921, 0.67264163, -0.31989923, 0.28089726, -0.86035269, -0.54235733, -0.15624076, 99.97500610, 112.98746490, 32.50000000, 0.00000000
1, 48.7500, 5388, 0.12176663, -0.04669155, 0.31177813, -47.43479538, -85.69299316, -61.92835999, -56.09470749, 19.00029182, -68.16719818, 99.99554443, -49.53998566, -8.63677120, -0.60618615, 0.67328882, -0.32093433, 0.27608281, -0.88451898, -0.59168881, -0.19970225, 99.97500610, 112.98746490, 32.50000000, 0.00000000
1, 48.7550, 5389, 0.13882224, -0.01580312, 0.39233631, -44.14602280, -87.34214783, -76.31082153, -54.95469284, 17.88950539, -67.78719330, 100.19718933, -49.08891296, -9.19498539, -0.60717100, 0.67422515, -0.32154283, 0.27087671, -0.89686084, -0.62795901, -0.27691478, 99.97500610, 112.98746490, 32.50000000, 0.00000000
1, 48.8600, 5390, -0.13341250, -0.50187004, 0.22129481, -58.93191147, -25.88505936, -270.70462036, -42.56065369, 9.06167793, -67.11487579, 98.38959503, -28.68115616, -12.60851192, -0.64988559, 0.71114165, -0.24140860, 0.11682542, -0.35229063, -0.36335894, -0.09360982, 99.97500610, 112.98746490, 32.50000000, 0.00000000
1, 48.8650, 5391, -0.13490888, -0.52967906, 0.22439381, -57.22811508, -27.29257393, -278.26101685, -42.56065369, 9.06167793, -67.11487579, 98.06723785, -27.28526878, -12.53871536, -0.65275741, 0.71251458, -0.23384409, 0.10746026, -0.32950383, -0.34764034, -0.10006173, 99.97500610, 112.98746490, 32.50000000, 0.00000000
1, 48.8700, 5392, -0.13803229, -0.56920576, 0.22380361, -55.23415375, -29.05731964, -285.33889771, -40.45600510, 7.80473518, -67.69950104, 97.76244354, -25.85277557, -12.48272038, -0.65547931, 0.71391118, -0.22606361, 0.09784131, -0.30422956, -0.31992039, -0.10274337, 99.97500610, 112.98746490, 32.50000000, 0.00000000
1, 48.8750, 5393, -0.15030196, -0.62379587, 0.21395485, -53.05506897, -31.72862244, -293.77273560, -40.45600510, 7.80473518, -67.69950104, 97.47708893, -24.37647629, -12.44409847, -0.65803415, 0.71534491, -0.21805046, 0.08790243, -0.26888117, -0.27681482, -0.09608721, 99.97500610, 112.98746490, 32.50000000, 0.00000000
1, 48.8800, 5394, -0.18586397, -0.65863597, 0.19181728, -51.12542343, -33.89441681, -300.12322998, -37.82519531, 6.81087399, -67.87489319, 97.20847321, -22.86713028, -12.42107773, -0.66041756, 0.71677709, -0.20985605, 0.07771602, -0.20932579, -0.25306708, -0.07703396, 99.97500610, 112.98746490, 32.50000000, 0.00000000
1, 48.8850, 5395, -0.23084839, -0.72624218, 0.15600152, -48.30913162, -36.06457901, -307.43161011, -37.82519531, 6.81087399, -67.87489319, 96.95980835, -21.32009125, -12.41245270, -0.66259784, 0.71823311, -0.20144786, 0.06726228, -0.13942000, -0.19610444, -0.04421119, 99.97500610, 112.98746490, 32.50000000, 0.00000000
1, 48.8900, 5396, -0.26066574, -0.78404760, 0.18259467, -45.07512665, -39.82706451, -312.08416748, -37.82519531, 6.81087399, -67.87489319, 96.74605560, -19.74519348, -12.43108749, -0.66447037, 0.71975583, -0.19295730, 0.05655313, -0.08411522, -0.14848340, -0.07344401, 99.97500610, 112.98746490, 32.50000000, 0.00000000
1, 48.8950, 5397, -0.25996789, -0.85915208, 0.22623952, -41.26530838, -43.85901260, -315.45352173, -35.86670685, 5.32008171, -68.07950592, 96.54879761, -18.15375328, -12.47119999, -0.66613007, 0.72122973, -0.18442799, 0.04565942, -0.05876384, -0.08295365, -0.11939174, 99.97500610, 112.98746490, 32.50000000, 0.00000000
1, 48.9000, 5398, -0.23891650, -0.93694592, 0.26447907, -37.61005402, -49.49397278, -317.38702393, -35.86670685, 5.32008171, -68.07950592, 96.37861633, -16.54965401, -12.54449654, -0.66750181, 0.72269386, -0.17595796, 0.03455239, -0.05330057, -0.01401946, -0.15966159, 99.97500610, 112.98746490, 32.50000000, 0.00000000
1, 48.9050, 5399, -0.21322969, -1.02156878, 0.26873249, -33.62971115, -55.60673141, -319.61645508, -32.79742813, 5.14469433, -68.19643402, 96.23562622, -14.93133163, -12.65206146, -0.66857052, 0.72415483, -0.16755463, 0.02321116, -0.05193037, 0.06253172, -0.16562149, 99.97500610, 112.98746490, 32.50000000, 0.00000000
1, 49.0200, 5400, -0.82533079, -1.07519221, 0.06801167, 16.53336906, 43.84510803, -146.82984924, -10.37708282, 9.70476437, -69.57029724, 95.73075867, 18.81785774, -12.02153778, -0.64551610, 0.73905635, 0.03246234, -0.18987098, 1.14485288, 0.13221788, 0.02195849, 99.97500610, 112.98746490, 32.50000000, 0.00000000
1, 49.0250, 5401, -0.77265525, -1.14285064, 0.36117792, 31.57462502, 32.69386292, -132.42498779, -10.37708282, 9.70476437, -69.57029724, 95.96645355, 19.46065903, -11.77909470, -0.64335245, 0.74000376, 0.03739212, -0.19259827, 1.10232806, 0.20349297, -0.26785147, 99.97500610, 112.98746490, 32.50000000, 0.00000000
1, 49.0300, 5402, -0.68952143, -1.19658601, 0.57390922, 30.70848274, 24.85517883, -119.52631378, -9.44168377, 10.14323330, -69.24875641, 96.18529510, 20.04246521, -11.58152866, -0.64131498, 0.74085838, 0.04169142, -0.19520718, 1.02847743, 0.26074514, -0.47712016, 99.97500610, 112.98746490, 32.50000000, 0.00000000
1, 49.0350, 5403, -0.58980745, -1.17803335, 0.59156424, 21.12049675, 23.40002441, -107.24079895, -9.44168377, 10.14323330, -69.24875641, 96.35395813, 20.56321907, -11.39595318, -0.63967687, 0.74143571, 0.04563278, -0.19749528, 0.93750679, 0.24569316, -0.49189395, 99.97500610, 112.98746490, 32.50000000, 0.00000000
1, 49.0400, 5404, -0.57242006, -1.08091867, 0.36131883, 15.30379677, 27.94617271, -94.01898193, -8.79859638, 11.25401878, -69.27798462, 96.53500366, 20.86798096, -11.18317223, -0.63836336, 0.74217457, 0.04846722, -0.19829327, 0.92717028, 0.15168078, -0.25901884, 99.97500610, 112.98746490, 32.50000000, 0.00000000
1, 49.0450, 5405, -0.61120868, -1.03999829, 0.22618562, 19.36153984, 33.02265930, -70.25435638, -8.79859638, 11.25401878, -69.27798462, 96.70938873, 21.19843674, -10.96459866, -0.63705981, 0.74284035, 0.05149589, -0.19922662, 0.97089511, 0.11307923, -0.12112762, 99.97500610, 112.98746490, 32.50000000, 0.00000000
1, 49.0500, 5406, -0.63520455, -0.98152125, -0.02260858, 27.72213554, 31.24637413, -38.01490784, -8.79859638, 11.25401878, -69.27798462, 96.91664886, 21.36928368, -10.77420712, -0.63576072, 0.74379146, 0.05335829, -0.19933766, 0.99907351, 0.05676386, 0.13074145, 99.97500610, 112.98746490, 32.50000000, 0.00000000
1, 49.0550, 5407, -0.64601982, -0.92803681, -0.15485166, 33.93414307, 20.88115501, -10.08898544, -8.53551579, 10.84478188, -69.04413605, 97.12917328, 21.40719604, -10.65633392, -0.63452190, 0.74488860, 0.05397326, -0.19902255, 1.01137495, 0.00436415, 0.26641527, 99.97500610, 112.98746490, 32.50000000, 0.00000000
1, 49.0600, 5408, -0.64237875, -0.93186975, -0.20718129, 38.46841431, 11.05465698, 18.01134491, -8.53551579, 10.84478188, -69.04413605, 97.33883667, 21.31145668, -10.60942364, -0.63339823, 0.74609190, 0.05336379, -0.19825731, 1.00684798, 0.00831628, 0.32219100, 99.97500610, 112.98746490, 32.50000000, 0.00000000
1, 49.0650, 5409, -0.61231977, -0.99838066, -0.17154233, 40.82515335, 4.51622009, 44.74557495, -8.59397793, 11.37094402, -69.13182831, 97.54111481, 21.08719063, -10.61604691, -0.63243884, 0.74736422, 0.05168307, -0.19696912, 0.97356838, 0.07398953, 0.28997585, 99.97500610, 112.98746490, 32.50000000, 0.00000000
1, 49.2050, 5410, -0.85342437, -0.50742269, 1.03579640, 51.70193863, -22.25428581, 93.32250977, -14.82022762, 7.42472935, -70.27185059, 98.56088257, 2.57124043, -24.12409782, -0.63424051, 0.74405032, -0.14402808, -0.15291871, 0.89763951, -0.48221621, -0.89116853, 99.97500610, 112.98746490, 32.50000000, 0.00000000
1, 49.2100, 5411, -1.07012701, -0.79806292, 0.76766378, 52.20309830, -25.45508385, 93.34499359, -14.82022762, 7.42472935, -70.27185059, 98.81506348, 2.12944484, -24.31976891, -0.63299382, 0.74473810, -0.14810409, -0.15082832, 1.10730493, -0.19079119, -0.61956525, 99.97500610, 112.98746490, 32.50000000, 0.00000000
1, 49.2150, 5412, -1.09767747, -0.87805259, 0.59620279, 41.98541260, -35.84442520, 95.89138794, -15.81408882, 6.95702982, -69.68722534, 99.01789856, 1.68374538, -24.57054901, -0.63201398, 0.74504167, -0.15248059, -0.14906709, 1.12752533, -0.11018565, -0.44438183, 99.97500610, 112.98746490, 32.50000000, 0.00000000
1, 49.2200, 5413, -1.10075176, -0.99494553, 0.17766526, 32.05046082, -37.34069061, 98.08532715, -15.81408882, 6.95702982, -69.68722534, 99.17269135, 1.22894216, -24.83170509, -0.63134766, 0.74502915, -0.15690224, -0.14735474, 1.12374401, 0.00760259, -0.02335754, 99.97500610, 112.98746490, 32.50000000, 0.00000000
1, 49.2250, 5414, -1.01321459, -1.13276303, -0.04659017, 41.88012695, -18.29232025, 95.99562836, -15.81408882, 6.95702982, -69.68722534, 99.38034058, 0.77019209, -24.99849510, -0.63046467, 0.74540794, -0.16078904, -0.14501160, 1.02876544, 0.14617026, 0.20421347, 99.97500610, 112.98746490, 32.50000000, 0.00000000
1, 49.2300, 5415, -0.81819355, -1.33503938, -0.04170170, 52.73134232, 1.06311095, 91.62184143, -15.90178299, 7.19087982, -69.68722534, 99.64442444, 0.31801274, -25.06810379, -0.62932324, 0.74622238, -0.16406468, -0.14208215, 0.82580000, 0.34907174, 0.20383650, 99.97500610, 112.98746490, 32.50000000, 0.00000000
1, 49.2350, 5416, -0.60658139, -1.53672779, -0.00186650, 52.52461624, 11.39552975, 87.69953918, -15.90178299, 7.19087982, -69.68722534, 99.90810394, -0.12318345, -25.08558273, -0.62822503, 0.74710786, -0.16692381, -0.13892336, 0.60634112, 0.55145425, 0.16880420, 99.97500610, 112.98746490, 32.50000000, 0.00000000
1, 49.2400, 5417, -0.44179577, -1.65811360, -0.01939273, 44.55806732, 21.90446091, 82.33793640, -16.34025192, 6.75241137, -69.21952820, 100.11769867, -0.56390029, -25.04852104, -0.62753445, 0.74776566, -0.16934407, -0.13553491, 0.43396163, 0.67358649, 0.19045335, 99.97500610, 112.98746490, 32.50000000, 0.00000000
1, 49.4050, 5418, -0.18044482, -0.99701416, 0.24845694, 1.08170187, 15.83981133, 24.41998672, -21.19263268, 6.31394339, -68.34259033, 101.87066650, -8.05770302, -26.21570015, -0.62463218, 0.74429488, -0.21877167, -0.08943591, 0.04023664, 0.02757406, -0.04683956, 99.97500610, 112.98746490, 32.50000000, 0.00000000
1, 49.4100, 5419, -0.21217561, -1.00129890, 0.25570548, 0.81747574, 17.02943611, 24.10118103, -21.19263268, 6.31394339, -68.34259033, 101.86665344, -8.19304657, -26.15633774, -0.62486011, 0.74415493, -0.21909148, -0.08821703, 0.06961201, 0.03215989, -0.05430025, 99.97500610, 112.98746490, 32.50000000, 0.00000000
1, 49.4150, 5420, -0.24510923, -1.00604737, 0.26398155, 0.08067578, 19.08349609, 23.87910080, -21.30955887, 6.31394339, -68.19643402, 101.85733032, -8.32939339, -26.08654976, -0.62512964, 0.74400377, -0.21934478, -0.08694447, 0.10017346, 0.03719993, -0.06286745, 99.97500610, 112.98746490, 32.50000000, 0.00000000
1, 49.4200, 5421, -0.27219737, -1.00690544, 0.26247448, -0.41891292, 22.01999855, 23.25440979, -21.30955887, 6.31394339, -68.19643402, 101.84307098, -8.46567154, -26.00153732, -0.62544018, 0.74385446, -0.21949530, -0.08559845, 0.12491061, 0.03835243, -0.06172341, 99.97500610, 112.98746490, 32.50000000, 0.00000000
1, 49.4250, 5422, -0.30482140, -1.00740254, 0.27101591, -0.50336730, 25.93412209, 22.68278885, -21.60187149, 6.19701815, -68.19643402, 101.82524872, -8.60310650, -25.89649200, -0.62578726, 0.74372154, -0.21951951, -0.08414177, 0.15515092, 0.03912110, -0.07070567, 99.97500610, 112.98746490, 32.50000000, 0.00000000
1, 49.4300, 5423, -0.31633824, -1.01365423, 0.29273796, 0.35709259, 31.17452240, 22.34106445, -21.60187149, 6.19701815, -68.19643402, 101.80749512, -8.74415112, -25.76506424, -0.62615377, 0.74363285, -0.21939182, -0.08251625, 0.16419721, 0.04563300, -0.09284417, 99.97500610, 112.98746490, 32.50000000, 0.00000000
1, 49.4350, 5424, -0.30457696, -1.01884735, 0.30869409, 1.42674363, 36.79638672, 22.14598083, -21.60187149, 6.19701815, -68.19643402, 101.79044342, -8.88987732, -25.60547829, -0.62653667, 0.74359322, -0.21910687, -0.08070352, 0.14989758, 0.05111601, -0.10915446, 99.97500610, 112.98746490, 32.50000000, 0.00000000
1, 49.4400, 5425, -0.28498408, -1.01710415, 0.30805656, 2.04674315, 41.33755493, 21.82570076, -21.77725792, 5.78778124, -68.25489807, 101.81199646, -9.08004761, -25.43028450, -0.62672204, 0.74371725, -0.21898030, -0.07843398, 0.12740988, 0.04982952, -0.10851294, 99.97500610, 112.98746490, 32.50000000, 0.00000000
1, 49.4450, 5426, -0.24125756, -1.00797355, 0.30663526, 2.56976056, 48.00393677, 21.45215607, -21.77725792, 5.78778124, -68.25489807, 101.79074097, -9.23375034, -25.21426582, -0.62716734, 0.74374723, -0.21836841, -0.07626548, 0.08069251, 0.04116749, -0.10708274, 99.97500610, 112.98746490, 32.50000000, 0.00000000
1, 49.4500, 5427, -0.20241164, -1.00060618, 0.30805022, 2.97062540, 52.99822998, 21.04031181, -22.62496376, 6.13855600, -68.16719818, 101.76678467, -9.39040279, -24.97288132, -0.62764233, 0.74380451, -0.21760625, -0.07394222, 0.03915662, 0.03414513, -0.10887195, 99.97500610, 112.98746490, 32.50000000, 0.00000000
1, 49.5900, 5428, -0.05319899, -1.07027102, 0.31103835, -0.08344904, 50.89145279, 39.64168167, -27.68196487, 6.69394922, -67.26103210, 100.70195007, -14.68788338, -18.16241646, -0.64045078, 0.74120581, -0.20107104, -0.00269756, -0.20071816, 0.11916365, -0.13323653, 99.97500610, 112.98746490, 32.50000000, 0.00000000
1, 49.5950, 5429, -0.04452464, -1.04772317, 0.14780602, -2.39827061, 51.24292374, 40.13520432, -27.68196487, 6.69394922, -67.26103210, 100.63360596, -14.93219566, -17.93998909, -0.64097744, 0.74079317, -0.20093159, 0.00006106, -0.21249074, 0.09762488, 0.02899743, 99.97500610, 112.98746490, 32.50000000, 0.00000000
1, 49.6000, 5430, -0.04134114, -1.02171052, 0.06326599, -1.10585892, 50.43369675, 40.94071198, -28.35428238, 6.84010506, -67.75796509, 100.57191467, -15.17947102, -17.72189331, -0.64145005, 0.74040365, -0.20083907, 0.00282741, -0.21961606, 0.07264484, 0.11232215, 99.97500610, 112.98746490, 32.50000000, 0.00000000
1, 49.6050, 5431, -0.01798313, -1.01851249, 0.10862970, 0.48498991, 48.76073837, 43.01877213, -28.35428238, 6.84010506, -67.75796509, 100.51992798, -15.43522072, -17.51377678, -0.64185101, 0.74003494, -0.20085867, 0.00561185, -0.24736409, 0.07035269, 0.06591861, 99.97500610, 112.98746490, 32.50000000, 0.00000000
1, 49.6100, 5432, 0.05222524, -1.00501561, 0.17056581, -1.01418161, 41.11123276, 46.29063797, -29.02659988, 6.40163708, -66.88102722, 100.47075653, -15.70000839, -17.34728241, -0.64222729, 0.73959190, -0.20119740, 0.00822859, -0.32213157, 0.05780346, 0.00313478, 99.97500610, 112.98746490, 32.50000000, 0.00000000
1, 49.6150, 5433, 0.10793077, -1.00451136, 0.12987441, -1.99292493, 37.37872696, 49.08841705, -29.02659988, 6.40163708, -66.88102722, 100.42176056, -15.97505474, -17.20202827, -0.64259654, 0.73909283, -0.20172989, 0.01079489, -0.38230813, 0.05848525, 0.04291633, 99.97500610, 112.98746490, 32.50000000, 0.00000000
1, 49.6200, 5434, 0.15194257, -1.00652087, 0.04573825, -2.37724662, 34.67669296, 52.70938110, -29.02659988, 6.40163708, -66.88102722, 100.37484741, -16.26540565, -17.07354546, -0.64294779, 0.73854715, -0.20245378, 0.01337264, -0.43091369, 0.06184702, 0.12612101, 99.97500610, 112.98746490, 32.50000000, 0.00000000
1, 49.6250, 5435, 0.17249559, -1.03019500, -0.00564289, -1.49676955, 30.37785339, 56.55660629, -29.87430573, 6.84010506, -66.96871948, 100.33890533, -16.57073593, -16.97025108, -0.64322495, 0.73798943, -0.20341992, 0.01592791, -0.45639384, 0.08694416, 0.17659649, 99.97500610, 112.98746490, 32.50000000, 0.00000000
1, 49.6300, 5436, 0.20849065, -1.04999042, 0.08271808, 0.50007606, 24.93931007, 60.39750671, -29.87430573, 6.84010506, -66.96871948, 100.32140350, -16.89006615, -16.89814377, -0.64338166, 0.73745155, -0.20465931, 0.01843381, -0.49788806, 0.10808311, 0.08765136, 99.97500610, 112.98746490, 32.50000000, 0.00000000
1, 49.6350, 5437, 0.19788337, -1.04159069, 0.11699801, -0.10830028, 23.10725975, 63.97195435, -30.34200478, 7.16164875, -67.58258057, 100.30420685, -17.22534180, -16.83857918, -0.64353293, 0.73686028, -0.20606403, 0.02097582, -0.49289507, 0.10124031, 0.05279575, 99.97500610, 112.98746490, 32.50000000, 0.00000000
1, 49.7450, 5438, 0.32534978, -1.44196725, 0.27764505, 14.42632103, 2.48712492, 151.03105164, -36.68518066, 7.92166042, -66.99795532, 101.83051300, -28.80808830, -18.59166527, -0.63382179, 0.71660733, -0.27621683, 0.09191415, -0.80506587, 0.58224070, -0.09980021, 99.97500610, 112.98746490, 32.50000000, 0.00000000
1, 49.7500, 5439, 0.32358328, -1.47602844, 0.28274727, 15.16308975, 6.88623142, 153.79049683, -37.62057877, 7.07395506, -66.20870972, 101.97726440, -29.56762505, -18.73328018, -0.63279098, 0.71513921, -0.28075793, 0.09657432, -0.81483477, 0.62300909, -0.10406277, 99.97500610, 112.98746490, 32.50000000, 0.00000000
1, 49.7550, 5440, 0.31434780, -1.51308763, 0.30263683, 15.98079395, 13.41129589, 156.52947998, -37.62057877, 7.07395506, -66.20870972, 102.11465454, -30.34700584, -18.84458351, -0.63177353, 0.71359956, -0.28518730, 0.10151915, -0.81738174, 0.66703999, -0.12335803, 99.97500610, 112.98746490, 32.50000000, 0.00000000
1, 49.7600, 5441, 0.30564567, -1.55721509, 0.33574879, 17.22427368, 22.81231880, 158.59550476, -39.16983414, 8.53551579, -67.14411163, 102.23506165, -31.14608574, -18.90785599, -0.63079453, 0.71199268, -0.28940180, 0.10682385, -0.82069820, 0.71839660, -0.15620391, 99.97500610, 112.98746490, 32.50000000, 0.00000000
1, 49.7650, 5442, 0.27448806, -1.61277676, 0.36688602, 18.10172844, 35.91273880, 160.22857666, -39.16983414, 8.53551579, -67.14411163, 102.32348633, -31.96685028, -18.90025520, -0.62991446, 0.71029234, -0.29328686, 0.11258550, -0.80176890, 0.78145003, -0.18766122, 99.97500610, 112.98746490, 32.50000000, 0.00000000
1, 49.7700, 5443, 0.13532409, -1.68567562, 0.36699474, 18.78846169, 52.89151764, 161.29049683, -39.16983414, 8.53551579, -67.14411163, 102.36392975, -32.81084061, -18.79678535, -0.62919134, 0.70847613, -0.29671821, 0.11890456, -0.67498779, 0.86212957, -0.18912601, 99.97500610, 112.98746490, 32.50000000, 0.00000000
1, 49.7750, 5444, 0.09671415, -1.73094273, 0.33998328, 19.85690117, 76.30759430, 161.30924988, -39.84215164, 9.06167793, -67.26103210, 102.33267212, -33.67977142, -18.55559921, -0.62870312, 0.70652527, -0.29948333, 0.12595324, -0.64888227, 0.91541600, -0.16407380, 99.97500610, 112.98746490, 32.50000000, 0.00000000
1, 49.7800, 5445, 0.16363244, -1.85143650, 0.26897636, 25.70353889, 116.00083160, 159.69223022, -39.84215164, 9.06167793, -67.26103210, 102.19271088, -34.58224487, -18.07383919, -0.62851888, 0.70449144, -0.30105415, 0.13424718, -0.72863448, 1.04419088, -0.09670375, 99.97500610, 112.98746490, 32.50000000, 0.00000000
1, 49.7850, 5446, 0.42087048, -1.94758022, 0.30024207, 33.11903381, 143.52528381, 157.69508362, -41.80064392, 10.05553913, -67.20256805, 101.98271179, -35.50223923, -17.41647911, -0.62842846, 0.70246917, -0.30173907, 0.14341681, -0.99906152, 1.14862442, -0.13206881, 99.97500610, 112.98746490, 32.50000000, 0.00000000
1, 49.7900, 5447, 0.63969082, -2.00134826, 0.36126733, 33.22913361, 166.31985474, 155.67819214, -41.80064392, 10.05553913, -67.20256805, 101.67411804, -36.40890884, -16.60528755, -0.62860918, 0.70033544, -0.30158547, 0.15305886, -1.23103511, 1.21061575, -0.19849685, 99.97500610, 112.98746490, 32.50000000, 0.00000000
1, 49.8950, 5448, -0.50298440, -0.59125340, 0.13776416, -17.60313225, 24.38333702, 71.34067535, -54.04852295, 15.52177715, -71.55802155, 91.46569061, -50.91479111, -0.75562406, -0.63224846, 0.64457148, -0.30428725, 0.30364266, -0.27261573, -0.04039838, -0.12321664, 99.97500610, 112.98746490, 32.50000000, 0.00000000
1, 49.9000, 5449, -0.47160748, -0.42482156, 0.12619515, -10.59769917, 25.29863358, 61.77417374, -54.04852295, 15.52177715, -71.55802155, 91.26537323, -51.22651672, -0.56527418, -0.63205856, 0.64312398, -0.30546051, 0.30592072, -0.30751508, -0.20248476, -0.11368510, 99.97500610, 112.98746490, 32.50000000, 0.00000000
1, 49.9050, 5450, -0.48215544, -0.36366701, 0.10168456, -9.51548290, 19.20509529, 53.30778503, -54.04852295, 15.52177715, -71.55802155, 91.10473633, -51.49495697, -0.41965565, -0.63186544, 0.64189541, -0.30654842, 0.30780607, -0.29994953, -0.25984275, -0.09105392, 99.97500610, 112.98746490, 32.50000000, 0.00000000
1, 49.9100, 5451, -0.57635307, -0.41742641, 0.07468824, -12.72404575, 6.45953846, 46.17459869, -54.80853653, 16.13563347, -71.26570892, 91.00585938, -51.72649765, -0.37391388, -0.63168395, 0.64084077, -0.30783072, 0.30909339, -0.20829779, -0.20277345, -0.06569685, 99.97500610, 112.98746490, 32.50000000, 0.00000000
1, 49.9150, 5452, -0.61833328, -0.49979636, 0.08412985, -17.77246475, -7.32172966, 37.98858643, -54.80853653, 16.13563347, -71.26570892, 90.96781921, -51.91606903, -0.43794009, -0.63156646, 0.63993943, -0.30933252, 0.30970103, -0.16850950, -0.11767758, -0.07598527, 99.97500610, 112.98746490, 32.50000000, 0.00000000
1, 49.9200, 5453, -0.56554514, -0.56237161, 0.12031851, -23.02627563, -16.28958130, 27.99205589, -55.18854141, 14.87869072, -71.55802155, 90.95998383, -52.05506516, -0.57366574, -0.63160771, 0.63914657, -0.31087390, 0.30971077, -0.22302058, -0.05307846, -0.11232416, 99.97500610, 112.98746490, 32.50000000, 0.00000000
1, 49.9250, 5454, -0.45382640, -0.57719433, 0.16302939, -27.42566681, -22.45563316, 17.66584778, -55.18854141, 14.87869072, -71.55802155, 90.96903992, -52.14202499, -0.75862783, -0.63182592, 0.63845313, -0.31235719, 0.30920327, -0.33591980, -0.03694632, -0.15476048, 99.97500610, 112.98746490, 32.50000000, 0.00000000
1, 49.9300, 5455, -0.34322411, -0.53698421, 0.16983928, -29.84356689, -30.79055023, 6.98230743, -55.18854141, 14.87869072, -71.55802155, 91.01879883, -52.17487717, -1.01046073, -0.63214022, 0.63794822, -0.31380549, 0.30813465, -0.44703513, -0.07652193, -0.16084078, 99.97500610, 112.98746490, 32.50000000, 0.00000000
1, 49.9350, 5456, -0.25414875, -0.44804907, 0.10442514, -31.18617630, -42.70827103, -3.51990438, -55.10084534, 16.66179466, -70.97339630, 91.13736725, -52.15400314, -1.35807180, -0.63246727, 0.63770664, -0.31530845, 0.30642477, -0.53586924, -0.16543043, -0.09398112, 99.97500610, 112.98746490, 32.50000000, 0.00000000
1, 49.9400, 5457, -0.21052960, -0.32551369, 0.01753242, -31.60369682, -52.48114395, -17.45293427, -55.10084534, 16.66179466, -70.97339630, 91.31898499, -52.02730560, -1.78586435, -0.63292539, 0.63788646, -0.31651577, 0.30384889, -0.57825327, -0.28909373, -0.00493817, 99.97500610, 112.98746490, 32.50000000, 0.00000000
1, 50.0100, 5458, -0.41047204, -0.43678883, 0.22094584, 0.08585705, -119.46666718, -185.63537598, -46.82841110, 13.82636642, -67.17333984, 101.37611389, -42.85550690, -15.57308960, -0.62260878, 0.68223023, -0.32689512, 0.20014954, -0.27351993, -0.27944517, -0.07979328, 99.97500610, 112.98746490, 32.50000000, 0.00000000
1, 50.0150, 5459, -0.45551211, -0.48602575, 0.19685356, -5.87980032, -107.18898773, -192.87312317, -46.82841110, 13.82636642, -67.17333984, 101.64901733, -41.80418396, -16.02540588, -0.62291813, 0.68571347, -0.32411987, 0.19161537, -0.21499270, -0.24150294, -0.04966962, 99.97500610, 112.98746490, 32.50000000, 0.00000000
1, 50.0200, 5460, -0.49041128, -0.52056694, 0.15309408, -13.19318295, -95.33023071, -200.55935669, -45.13300323, 13.62174797, -66.73487091, 101.81279755, -40.72600937, -16.37737656, -0.62362045, 0.68894285, -0.32082364, 0.18310517, -0.16598809, -0.21852517, -0.00110032, 99.97500610, 112.98746490, 32.50000000, 0.00000000
1, 50.0250, 5461, -0.51840729, -0.52209353, 0.09714818, -21.07829857, -83.36044312, -208.72640991, -45.13300323, 13.62174797, -66.73487091, 101.87003326, -39.61963272, -16.63336372, -0.62473345, 0.69191015, -0.31698909, 0.17460395, -0.12325545, -0.22886011, 0.05840630, 99.97500610, 112.98746490, 32.50000000, 0.00000000
1, 50.0300, 5462, -0.52272105, -0.50817978, 0.04392054, -27.44908142, -70.28294373, -217.51725769, -45.13300323, 13.62174797, -66.73487091, 101.82956696, -38.48359680, -16.79109955, -0.62622505, 0.69465691, -0.31255028, 0.16615167, -0.10357070, -0.25495315, 0.11399135, 99.97500610, 112.98746490, 32.50000000, 0.00000000
1, 50.0350, 5463, -0.50762719, -0.48885474, 0.00877769, -32.14935303, -57.02568817, -225.93954468, -43.61297989, 11.07863140, -67.40718842, 101.70559692, -37.31996155, -16.85538101, -0.62803698, 0.69722205, -0.30749610, 0.15778869, -0.10271002, -0.28673089, 0.15035312, 99.97500610, 112.98746490, 32.50000000, 0.00000000
1, 50.0400, 5464, -0.47169781, -0.47446215, 0.00505646, -35.29320908, -45.98591232, -234.29425049, -43.61297989, 11.07863140, -67.40718842, 101.50582123, -36.13970566, -16.83677673, -0.63014871, 0.69956738, -0.30190793, 0.14956547, -0.12219840, -0.31375763, 0.15424836, 99.97500610, 112.98746490, 32.50000000, 0.00000000
1, 50.0450, 5465, -0.43548194, -0.46285173, 0.01318545, -38.29603958, -37.73657608, -242.43688965, -41.50833130, 12.07249355, -67.43642426, 101.27399445, -34.91451263, -16.77247429, -0.63237756, 0.70189744, -0.29579711, 0.14121909, -0.14130315, -0.33814162, 0.14552298, 99.97500610, 112.98746490, 32.50000000, 0.00000000
1, 50.0500, 5466, -0.37193909, -0.45271972, 0.01663909, -41.19208908, -29.83330917, -252.09637451, -41.50833130, 12.07249355, -67.43642426, 101.00023651, -33.64930725, -16.65756798, -0.63478005, 0.70413780, -0.28915468, 0.13279270, -0.18685354, -0.36119217, 0.14094570, 99.97500610, 112.98746490, 32.50000000, 0.00000000
1, 50.0550, 5467, -0.33147570, -0.45633647, 0.02050404, -43.28343964, -23.23375511, -259.37857056, -41.50833130, 12.07249355, -67.43642426, 100.69772339, -32.35404205, -16.50517273, -0.63729024, 0.70628291, -0.28208056, 0.12432340, -0.20853098, -0.37052381, 0.13532755, 99.97500610, 112.98746490, 32.50000000, 0.00000000
1, 50.1600, 5468, -0.34853920, -2.14222622, 0.22153406, 1.72993314, -48.01040268, -375.65353394, -20.63723946, 8.59397793, -68.63490295, 96.60290527, 2.28668904, -15.38116074, -0.65710324, 0.74156785, -0.08674576, -0.10376763, 0.37958074, 1.14902425, -0.11097921, 99.97500610, 112.98746490, 32.50000000, 0.00000000
1, 50.1650, 5469, -0.31781510, -2.26986551, 0.39184955, -6.03006172, -44.59091949, -388.93325806, -20.63723946, 8.59397793, -68.63490295, 96.56781769, 4.24396658, -15.38283920, -0.65530211, 0.74252594, -0.07541715, -0.11639021, 0.38231260, 1.27796912, -0.28207713, 99.97500610, 112.98746490, 32.50000000, 0.00000000
1, 50.1700, 5470, -0.26845390, -2.12623549, 0.49889296, -34.29395676, -38.52104187, -396.59591675, -18.06489372, 8.44782257, -68.05027771, 96.39417267, 6.23558950, -15.35336208, -0.65420282, 0.74251044, -0.06350169, -0.12909096, 0.36716133, 1.13674724, -0.39137885, 99.97500610, 112.98746490, 32.50000000, 0.00000000
1, 50.1750, 5471, -0.11790478, -1.96703541, 0.43770489, -45.71567154, -29.57206345, -397.67437744, -18.06489372, 8.44782257, -68.05027771, 96.16930389, 8.22770023, -15.28552818, -0.65329212, 0.74199545, -0.05121382, -0.14152552, 0.25131321, 0.98128533, -0.33376083, 99.97500610, 112.98746490, 32.50000000, 0.00000000
1, 50.1800, 5472, -0.00221855, -1.87866187, 0.37200963, -47.21026993, -14.40568447, -395.89178467, -14.79099655, 10.08477020, -69.10260010, 95.95023346, 10.20330524, -15.14972305, -0.65227497, 0.74130166, -0.03852585, -0.15337910, 0.16995551, 0.89782280, -0.27198496, 99.97500610, 112.98746490, 32.50000000, 0.00000000
1, 50.1850, 5473, -0.24503870, -1.86603212, 0.34201914, -49.74610519, -6.06285286, -388.79040527, -14.79099655, 10.08477020, -69.10260010, 95.72911072, 12.13984585, -14.98213768, -0.65120775, 0.74035835, -0.02580107, -0.16471900, 0.44627249, 0.89112616, -0.24697715, 99.97500610, 112.98746490, 32.50000000, 0.00000000
1, 50.1900, 5474, -0.55289656, -1.94701922, 0.26744169, -44.83416367, -17.57303619, -373.21356201, -14.79099655, 10.08477020, -69.10260010, 95.52259064, 13.98912525, -14.88742828, -0.64991540, 0.73925292, -0.01403023, -0.17583603, 0.78625423, 0.97897530, -0.17761472, 99.97500610, 112.98746490, 32.50000000, 0.00000000
1, 50.1950, 5475, -0.60256439, -1.98429012, 0.32275391, -32.14093781, -30.94141006, -355.78213501, -13.00789261, 10.93247604, -68.86875153, 95.36041260, 15.77426243, -14.87540245, -0.64815414, 0.73820096, -0.00319834, -0.18693689, 0.86620146, 1.02366781, -0.23676851, 99.97500610, 112.98746490, 32.50000000, 0.00000000
1, 50.2000, 5476, -0.65597188, -2.06298018, 0.44632664, -33.03118134, -36.32120895, -327.68203735, -13.00789261, 10.93247604, -68.86875153, 95.18138123, 17.42193222, -14.90973759, -0.64649981, 0.73691213, 0.00658616, -0.19737095, 0.94754213, 1.11004615, -0.36416844, 99.97500610, 112.98746490, 32.50000000, 0.00000000
1, 50.2050, 5477, -0.70675230, -1.99441254, 0.32848567, -48.04516983, -24.06294441, -300.83947754, -9.76322746, 12.01403046, -68.63490295, 94.94095612, 18.93029404, -14.89873409, -0.64542806, 0.73517323, 0.01598137, -0.20660971, 1.02423549, 1.04951966, -0.25083095, 99.97500610, 112.98746490, 32.50000000, 0.00000000
1, 50.3200, 5478, 2.07199645, -1.66327751, -0.66513324, -12.62129307, 91.38835144, 108.73274231, -10.75708866, 13.06635475, -65.27330780, 98.77235413, 19.25516891, -8.34786034, -0.63084662, 0.75436139, 0.05410612, -0.17333230, -1.73820949, 0.73213816, 0.81119299, 99.97500610, 112.98746490, 32.50000000, 0.00000000
1, 50.3250, 5479, 2.51150513, -1.57439184, -0.99576765, -40.19931412, 112.71166229, 80.98946381, -10.75708866, 13.06635475, -65.27330780, 98.74317932, 18.76939201, -7.82327938, -0.63249671, 0.75428927, 0.05484993, -0.16729327, -2.18536997, 0.64088070, 1.14347911, 99.97500610, 112.98746490, 32.50000000, 0.00000000
1, 50.3300, 5480, 2.48288250, -1.29075360, -0.85945219, -46.73029327, 73.61567688, 68.99414063, -12.18941784, 10.66939449, -65.09792328, 98.61546326, 18.37268448, -7.49375296, -0.63434798, 0.75369954, 0.05495266, -0.16284892, -2.16398621, 0.35445282, 1.00621200, 99.97500610, 112.98746490, 32.50000000, 0.00000000
1, 50.3350, 5481, 2.19741821, -1.22149539, -0.77920198, -38.84263229, -16.72115898, 69.61478424, -12.18941784, 10.66939449, -65.09792328, 98.37870789, 18.03976822, -7.63443470, -0.63614792, 0.75267696, 0.05247144, -0.16136920, -1.88460565, 0.28266039, 0.92246920, 99.97500610, 112.98746490, 32.50000000, 0.00000000
1, 50.3400, 5482, 1.50080311, -1.11907327, -0.73691028, -20.35128975, -149.50465393, 79.32396698, -12.18941784, 10.66939449, -65.09792328, 97.99754333, 17.77678490, -8.47802830, -0.63780421, 0.75108564, 0.04597792, -0.16420203, -1.19266033, 0.17784670, 0.87292767, 99.97500610, 112.98746490, 32.50000000, 0.00000000
1, 50.3450, 5483, 0.81571949, -1.07875168, -0.58478159, 2.37045574, -222.17950439, 93.98731995, -12.45249939, 11.95556831, -65.09792328, 97.64098358, 17.46033096, -9.69924450, -0.63880455, 0.74971557, 0.03668561, -0.16884767, -0.51285702, 0.13488027, 0.71328133, 99.97500610, 112.98746490, 32.50000000, 0.00000000
1, 50.3500, 5484, 0.11734469, -1.09248114, -0.26820680, 19.69263268, -279.58905029, 113.64006042, -12.45249939, 11.95556831, -65.09792328, 97.28721619, 17.07630157, -11.22733688, -0.63938314, 0.74833119, 0.02501681, -0.17482515, 0.17865203, 0.14543265, 0.38934982, 99.97500610, 112.98746490, 32.50000000, 0.00000000
1, 50.3550, 5485, -0.49133438, -1.09430575, 0.04053245, 31.67296791, -312.24594116, 136.29927063, -11.02016926, 12.89096737, -65.91639709, 96.95311737, 16.59117508, -12.93320370, -0.63965112, 0.74690944, 0.01160091, -0.18121316, 0.77891952, 0.14372665, 0.07373355, 99.97500610, 112.98746490, 32.50000000, 0.00000000
1, 50.4700, 5486, -0.34108213, -1.43894482, 0.01195107, 27.17165184, 132.20246887, 51.88867950, -14.96638393, 10.66939449, -65.79947662, 100.03292847, 2.49110436, -21.66160774, -0.62784237, 0.75502646, -0.13022870, -0.13707496, 0.38609469, 0.45509225, 0.15817386, 99.97500610, 112.98746490, 32.50000000, 0.00000000
1, 50.4750, 5487, -0.09758302, -1.46220922, -0.11997762, 26.70744324, 128.62484741, 48.37419891, -14.96638393, 10.66939449, -65.79947662, 100.19098663, 2.14137149, -21.06982040, -0.62796581, 0.75624377, -0.12844540, -0.13136235, 0.13674435, 0.47880620, 0.29346806, 99.97500610, 112.98746490, 32.50000000, 0.00000000
1, 50.4800, 5488, 0.14108750, -1.43987989, -0.24691750, 24.06610680, 111.27159882, 46.24159622, -16.07716942, 10.31861973, -64.77638245, 100.32942200, 1.81588495, -20.56266594, -0.62804645, 0.75727600, -0.12704921, -0.12629046, -0.10740363, 0.45692599, 0.42355075, 99.97500610, 112.98746490, 32.50000000, 0.00000000
1, 50.4850, 5489, 0.36843586, -1.38072860, -0.32419026, 20.02971077, 80.18367767, 45.51692581, -16.07716942, 10.31861973, -64.77638245, 100.44049835, 1.52060282, -20.20865822, -0.62806994, 0.75801289, -0.12645769, -0.12228351, -0.33984223, 0.39811248, 0.50353515, 99.97500610, 112.98746490, 32.50000000, 0.00000000
1, 50.4900, 5490, 0.55403805, -1.26898694, -0.29221639, 18.00373077, 45.24896622, 47.61936188, -16.95410728, 10.05553913, -64.98100281, 100.47403717, 1.31684363, -20.02964973, -0.62828976, 0.75821221, -0.12643175, -0.11992208, -0.52976763, 0.28642291, 0.47337765, 99.97500610, 112.98746490, 32.50000000, 0.00000000
1, 50.4950, 5491, 0.66116077, -1.14406288, -0.07991399, 18.64017105, 19.85071182, 51.00183868, -16.95410728, 10.05553913, -64.98100281, 100.56896973, 1.04831529, -19.97814178, -0.62804312, 0.75854784, -0.12766778, -0.11776270, -0.64149952, 0.16126870, 0.26265925, 99.97500610, 112.98746490, 32.50000000, 0.00000000
1, 50.5000, 5492, 0.73430371, -1.01173139, 0.11320837, 18.37088203, 7.35676813, 53.37143326, -16.95410728, 10.05553913, -64.98100281, 100.66129303, 0.77945393, -19.99066162, -0.62774408, 0.75879383, -0.12932302, -0.11595187, -0.71981037, 0.02883989, 0.07154468, 99.97500610, 112.98746490, 32.50000000, 0.00000000
1, 50.5050, 5493, 0.68256301, -0.92462599, 0.26520771, 14.13228226, -26.46579933, 57.70177841, -17.48026848, 10.20169544, -64.65945435, 100.73062134, 0.52040106, -20.17378807, -0.62741196, 0.75872296, -0.13202770, -0.11516331, -0.67302537, -0.05832468, -0.07912364, 99.97500610, 112.98746490, 32.50000000, 0.00000000
1, 50.5100, 5494, 0.53930962, -0.85630739, 0.26022941, 12.10768223, -52.69235229, 59.80144501, -17.48026848, 10.20169544, -64.65945435, 100.78974152, 0.27548146, -20.48801994, -0.62699997, 0.75844479, -0.13550983, -0.11519452, -0.53409696, -0.12647174, -0.07334176, 99.97500610, 112.98746490, 32.50000000, 0.00000000
1, 50.5150, 5495, 0.33124876, -0.81993616, 0.19208136, 14.89323902, -76.65142059, 62.03414154, -17.39257431, 10.72785759, -64.68869019, 100.86382294, 0.04228571, -20.92228889, -0.62635541, 0.75809747, -0.13973428, -0.11593805, -0.32998180, -0.16252291, -0.00447702, 99.97500610, 112.98746490, 32.50000000, 0.00000000
1, 50.6000, 5496, 0.02238601, -0.94917166, 0.29836512, 5.51550961, 60.60559845, 22.83669472, -18.56182289, 10.31861973, -64.60099030, 102.18746948, -3.19086742, -21.92555428, -0.62046832, 0.76035190, -0.16509596, -0.09811988, -0.07803191, -0.02731841, -0.08912806, 99.97500610, 112.98746490, 32.50000000, 0.00000000
1, 50.6050, 5497, 0.02788109, -0.94403803, 0.27257076, 5.96832705, 58.41894150, 22.67365074, -19.02952385, 10.11400127, -64.71791840, 102.20259857, -3.36287427, -21.66327286, -0.62078387, 0.76059985, -0.16428708, -0.09552592, -0.08647794, -0.03218964, -0.06309902, 99.97500610, 112.98746490, 32.50000000, 0.00000000
1, 50.6100, 5498, 0.03538631, -0.94526541, 0.22222389, 6.18905544, 54.77394104, 22.23344231, -19.02952385, 10.11400127, -64.71791840, 102.21910858, -3.52896571, -21.41837120, -0.62105960, 0.76083630, -0.16356218, -0.09306247, -0.09677875, -0.03065045, -0.01249743, 99.97500610, 112.98746490, 32.50000000, 0.00000000
1, 50.6150, 5499, 0.03163386, -0.94844162, 0.20650086, 6.10615826, 49.86212540, 22.22257805, -19.52645493, 10.08477020, -64.71791840, 102.23600769, -3.68992400, -21.19753838, -0.62129921, 0.76104575, -0.16296908, -0.09076218, -0.09582292, -0.02721392, 0.00345842, 99.97500610, 112.98746490, 32.50000000, 0.00000000
1, 50.6200, 5500, 0.02603391, -0.95003843, 0.19002549, 5.82004261, 44.20658493, 22.65225029, -19.52645493, 10.08477020, -64.71791840, 102.25275421, -3.84710193, -21.00486946, -0.62150639, 0.76121813, -0.16254196, -0.08863924, -0.09291901, -0.02535301, 0.02016835, 99.97500610, 112.98746490, 32.50000000, 0.00000000
1, 50.6250, 5501, 0.02676900, -0.96147430, 0.18578735, 5.48766041, 42.41315460, 23.24467659, -19.52645493, 10.08477020, -64.71791840, 102.26792145, -4.00534201, -20.82161522, -0.62171155, 0.76136667, -0.16218111, -0.08656163, -0.09639313, -0.01366959, 0.02461761, 99.97500610, 112.98746490, 32.50000000, 0.00000000
1, 50.6300, 5502, 0.02197072, -0.97531784, 0.18558978, 4.76921654, 40.22916794, 24.00796509, -20.19877243, 9.90938282, -64.68869019, 102.27983093, -4.16506290, -20.64987946, -0.62192518, 0.76147878, -0.16190165, -0.08454037, -0.09436838, 0.00041243, 0.02495294, 99.97500610, 112.98746490, 32.50000000, 0.00000000
1, 50.6350, 5503, 0.01113045, -0.98213148, 0.18609805, 4.54938793, 38.01231003, 24.86928177, -20.19877243, 9.90938282, -64.68869019, 102.29103851, -4.32668924, -20.48991776, -0.62213105, 0.76156759, -0.16170962, -0.08257044, -0.08633500, 0.00746851, 0.02455386, 99.97500610, 112.98746490, 32.50000000, 0.00000000
1, 50.6400, 5504, -0.00202027, -0.99010825, 0.18349287, 4.57640505, 36.00318527, 25.87261581, -20.72493362, 10.55247021, -63.69482422, 102.28661346, -4.45324421, -20.33914757, -0.62239414, 0.76160097, -0.16137998, -0.08090746, -0.07569674, 0.01565017, 0.02713270, 99.97500610, 112.98746490, 32.50000000, 0.00000000
1, 50.6450, 5505, -0.01070605, -0.99885654, 0.18450244, 4.71157598, 33.85744095, 26.80120850, -20.72493362, 10.55247021, -63.69482422, 102.29962921, -4.61993885, -20.20155907, -0.62256730, 0.76166087, -0.16136432, -0.07902107, -0.06957470, 0.02461094, 0.02612159, 99.97500610, 112.98746490, 32.50000000, 0.00000000
1, 50.7500, 5506, -0.04284484, -0.99461079, 0.16124448, 6.54931545, 23.73634529, 42.90594482, -25.19731140, 10.08477020, -62.87635040, 102.35909271, -8.84150696, -15.86781693, -0.62732387, 0.76269096, -0.15507935, -0.02679217, -0.11024718, 0.02895284, 0.04845115, 99.97500610, 112.98746490, 32.50000000, 0.00000000
1, 50.7550, 5507, -0.07296040, -0.99674892, 0.19052036, 6.38700390, 22.66714096, 43.86398697, -25.08038521, 9.67553329, -63.49020767, 102.38147736, -9.07982540, -15.80289268, -0.62731123, 0.76259720, -0.15592207, -0.02479224, -0.08429565, 0.03175209, 0.01933857, 99.97500610, 112.98746490, 32.50000000, 0.00000000
1, 50.7600, 5508, -0.11069669, -0.99053371, 0.21300097, 6.17279530, 22.86074829, 44.43216324, -25.08038521, 9.67553329, -63.49020767, 102.40245056, -9.32116222, -15.73767853, -0.62730467, 0.76249015, -0.15677749, -0.02277160, -0.05076319, 0.02623092, -0.00300796, 99.97500610, 112.98746490, 32.50000000, 0.00000000
1, 50.7650, 5509, -0.14278403, -0.98621190, 0.19897775, 6.26619005, 23.97474670, 44.49258041, -25.19731140, 10.81555080, -63.08097076, 102.42275238, -9.56400108, -15.66705227, -0.62729961, 0.76238269, -0.15760364, -0.02071154, -0.02281783, 0.02268098, 0.01113396, 99.97500610, 112.98746490, 32.50000000, 0.00000000
1, 50.7700, 5510, -0.17228849, -0.99372005, 0.19497786, 7.02763510, 25.72215652, 44.52453613, -25.19731140, 10.81555080, -63.08097076, 102.44512177, -9.80887699, -15.58784103, -0.62727815, 0.76229370, -0.15838276, -0.01858729, 0.00249190, 0.03097303, 0.01526230, 99.97500610, 112.98746490, 32.50000000, 0.00000000
1, 50.7750, 5511, -0.20116191, -0.99727988, 0.22574015, 7.10689831, 28.01881981, 44.64837646, -26.22040367, 9.44168377, -63.22712708, 102.46559143, -10.05684853, -15.49740601, -0.62726682, 0.76220381, -0.15910222, -0.01638269, 0.02704123, 0.03528378, -0.01537576, 99.97500610, 112.98746490, 32.50000000, 0.00000000
1, 50.7800, 5512, -0.22428037, -0.99539101, 0.24511035, 6.97665739, 29.96799850, 44.66143799, -26.22040367, 9.44168377, -63.22712708, 102.48335266, -10.30699825, -15.39732647, -0.62726963, 0.76210755, -0.15976763, -0.01411378, 0.04581811, 0.03417834, -0.03466299, 99.97500610, 112.98746490, 32.50000000, 0.00000000
1, 50.7850, 5513, -0.23373552, -0.99662852, 0.28861126, 7.37166691, 35.60697556, 44.96607971, -26.22040367, 9.44168377, -63.22712708, 102.49761200, -10.56472301, -15.26957417, -0.62729532, 0.76201892, -0.16028790, -0.01164645, 0.05077949, 0.03618542, -0.07810529, 99.97500610, 112.98746490, 32.50000000, 0.00000000
1, 50.7900, 5514, -0.22982998, -1.00695252, 0.29975349, 7.99093676, 40.27987671, 44.96441650, -26.22040367, 9.61707115, -62.96404648, 102.53610992, -10.83578396, -15.12334347, -0.62715846, 0.76206911, -0.16075711, -0.00895302, 0.04228932, 0.04742286, -0.08900551, 99.97500610, 112.98746490, 32.50000000, 0.00000000
1, 50.7950, 5515, -0.22378546, -1.02125633, 0.32526743, 7.60921621, 45.39476013, 45.05614471, -26.22040367, 9.61707115, -62.96404648, 102.54118347, -11.10458183, -14.94701004, -0.62723559, 0.76197982, -0.16101028, -0.00615658, 0.03153016, 0.06263373, -0.11438605, 99.97500610, 112.98746490, 32.50000000, 0.00000000
1, 50.9000, 5516, 0.15615961, -1.12504172, 0.06214789, -1.52016449, 28.58265495, 92.40755463, -32.65127182, 10.20169544, -62.73019409, 101.69029236, -18.11279869, -10.49084854, -0.63209516, 0.75348204, -0.16898201, 0.06454252, -0.46519035, 0.19358310, 0.12919420, 99.97500610, 112.98746490, 32.50000000, 0.00000000
1, 50.9050, 5517, 0.15680248, -1.14342296, 0.10029486, -0.74211460, 26.83006859, 96.07139587, -32.65127182, 10.20169544, -62.73019409, 101.67618561, -18.61032104, -10.45406246, -0.63203418, 0.75267696, -0.17139462, 0.06807398, -0.47411263, 0.21448725, 0.09020238, 99.97500610, 112.98746490, 32.50000000, 0.00000000
1, 50.9100, 5518, 0.13298525, -1.16693437, 0.11910360, 0.30863509, 23.06496048, 99.50856018, -32.65127182, 10.20169544, -62.73019409, 101.67450714, -19.12088203, -10.44023037, -0.63188785, 0.75187206, -0.17401743, 0.07158344, -0.45872942, 0.24073918, 0.07064760, 99.97500610, 112.98746490, 32.50000000, 0.00000000
1, 50.9150, 5519, 0.10616638, -1.19161594, 0.12003969, 1.37903225, 20.52848434, 102.55413055, -33.49897766, 10.31861973, -62.81789017, 101.68353271, -19.64380074, -10.44279575, -0.63166457, 0.75106627, -0.17680308, 0.07510062, -0.44047588, 0.26836908, 0.06910084, 99.97500610, 112.98746490, 32.50000000, 0.00000000
1, 50.9200, 5520, 0.09574345, -1.21304893, 0.11709830, 2.77899194, 20.15415573, 105.61196899, -33.49897766, 10.31861973, -62.81789017, 101.70143127, -20.18129730, -10.45070362, -0.63136888, 0.75026083, -0.17969055, 0.07869914, -0.43881279, 0.29294631, 0.07159364, 99.97500610, 112.98746490, 32.50000000, 0.00000000
1, 50.9250, 5521, 0.09553432, -1.24214017, 0.14063914, 4.63812828, 20.06074905, 108.74076080, -34.63899231, 8.85705948, -62.70096207, 101.73017883, -20.73400497, -10.46272850, -0.63098621, 0.74946553, -0.18267228, 0.08239369, -0.44764477, 0.32534298, 0.04774769, 99.97500610, 112.98746490, 32.50000000, 0.00000000
1, 50.9300, 5522, 0.11064479, -1.26819921, 0.17348368, 5.04651880, 19.36094093, 111.94369507, -34.63899231, 8.85705948, -62.70096207, 101.76382446, -21.30167389, -10.48226166, -0.63055772, 0.74864084, -0.18577205, 0.08615503, -0.47203541, 0.35489184, 0.01470794, 99.97500610, 112.98746490, 32.50000000, 0.00000000
1, 50.9350, 5523, 0.13867614, -1.28945768, 0.18244667, 4.64931440, 17.57977295, 114.92078400, -34.63899231, 8.85705948, -62.70096207, 101.80049133, -21.88211823, -10.51486588, -0.63010061, 0.74776894, -0.18901488, 0.08993505, -0.50946879, 0.37986219, 0.00559923, 99.97500610, 112.98746490, 32.50000000, 0.00000000
1, 50.9400, 5524, 0.17799152, -1.30759430, 0.18554191, 3.94125724, 15.02996826, 117.88350677, -34.90207672, 11.25401878, -62.61326981, 101.82926178, -22.38956642, -10.55948162, -0.62972456, 0.74694425, -0.19195117, 0.09314563, -0.55763942, 0.40160415, 0.00237235, 99.97500610, 112.98746490, 32.50000000, 0.00000000
1, 50.9450, 5525, 0.23186378, -1.31873751, 0.21193267, 3.26478982, 12.92131233, 121.34706879, -34.90207672, 11.25401878, -62.61326981, 101.87232971, -22.99670410, -10.62491131, -0.62921625, 0.74596220, -0.19552739, 0.09693526, -0.62061822, 0.41650343, -0.02409871, 99.97500610, 112.98746490, 32.50000000, 0.00000000
1, 51.0550, 5526, 0.05363776, -1.23769248, 0.24996553, 21.19373703, 107.81628418, 125.86942291, -46.12686157, 14.32329750, -63.34405136, 100.35573578, -39.87266159, -6.61581039, -0.61613643, 0.70820642, -0.25966042, 0.22670712, -0.69295704, 0.48050731, -0.11273868, 99.97200775, 113.23978424, 32.52000046, 0.00000000
1, 51.0600, 5527, -0.08606777, -1.20017087, 0.44470659, 18.47262573, 108.78794098, 123.57872009, -46.12686157, 14.32329750, -63.34405136, 100.08858490, -40.57635880, -6.05674744, -0.61555475, 0.70621705, -0.26034951, 0.23359814, -0.56316698, 0.44984514, -0.31260306, 99.97200775, 113.23978424, 32.52000046, 0.00000000
1, 51.0650, 5528, -0.17916542, -1.13321471, 0.45490471, 1.70092845, 104.18367004, 122.17522430, -47.38380432, 14.38175964, -64.22098541, 99.74404144, -41.26713562, -5.51541090, -0.61541986, 0.70380384, -0.26127866, 0.24010833, -0.47926164, 0.38990769, -0.32850909, 99.97200775, 113.23978424, 32.52000046, 0.00000000
1, 51.0700, 5529, -0.29796389, -1.09226787, 0.39244527, -2.48104191, 101.54505157, 129.07084656, -47.38380432, 14.38175964, -64.22098541, 99.38255310, -41.98725891, -4.98746777, -0.61527979, 0.70119232, -0.26252079, 0.24666403, -0.36960673, 0.35637042, -0.27229667, 99.97200775, 113.23978424, 32.52000046, 0.00000000
1, 51.0750, 5530, -0.42173737, -1.15246105, 0.39415205, 1.61687195, 96.73213196, 136.65048218, -48.55305481, 14.82022762, -63.89944458, 99.05569458, -42.73854446, -4.48780823, -0.61484492, 0.69861948, -0.26406538, 0.25331047, -0.25546926, 0.42446479, -0.28013754, 99.97200775, 113.23978424, 32.52000046, 0.00000000
1, 51.0800, 5531, -0.51821196, -1.25903976, 0.38828963, 3.97552633, 82.49705505, 142.87097168, -48.55305481, 14.82022762, -63.89944458, 98.79843140, -43.50771713, -4.07965708, -0.61407208, 0.69615918, -0.26614165, 0.25970483, -0.16875911, 0.53948450, -0.27960718, 99.97200775, 113.23978424, 32.52000046, 0.00000000
1, 51.0850, 5532, -0.58264160, -1.24268329, 0.33336473, 2.59781718, 61.95129776, 146.53495789, -49.69307327, 15.60947037, -64.42560577, 98.62429810, -44.27850342, -3.80702925, -0.61302978, 0.69381708, -0.26888305, 0.26554546, -0.11393054, 0.53204244, -0.22865000, 99.97200775, 113.23978424, 32.52000046, 0.00000000
1, 51.0900, 5533, -0.58569729, -1.32101464, 0.14715524, 5.45203209, 48.77741623, 143.48559570, -49.69307327, 15.60947037, -64.42560577, 98.51070404, -44.98564148, -3.61005163, -0.61186790, 0.69177896, -0.27162248, 0.27070457, -0.11956535, 0.61931920, -0.04548326, 99.97200775, 113.23978424, 32.52000046, 0.00000000
1, 51.0950, 5534, -0.58716768, -1.45297134, 0.08264662, 10.72677326, 46.40356445, 136.84214783, -49.69307327, 15.60947037, -64.42560577, 98.43461609, -45.69622803, -3.42530775, -0.61045921, 0.68988913, -0.27436894, 0.27588826, -0.12654477, 0.75980151, 0.01654326, 99.97200775, 113.23978424, 32.52000046, 0.00000000
1, 51.1000, 5535, -0.57539290, -1.45699000, 0.06096331, 0.44900319, 47.09951019, 127.31519318, -50.92078400, 15.69716454, -64.42560577, 98.29179382, -46.36006927, -3.22158194, -0.60946018, 0.68780464, -0.27692527, 0.28070551, -0.14649658, 0.77202499, 0.03551665, 99.97200775, 113.23978424, 32.52000046, 0.00000000
1, 51.1650, 5536, -0.48730734, -0.64159942, 0.30984211, -42.02091217, -8.33660984, 23.58621216, -51.62233353, 17.56796265, -66.26717377, 97.97306061, -51.09939194, -4.65712404, -0.60479784, 0.66870683, -0.31045651, 0.30111063, -0.29144257, 0.01892702, -0.22454849, 99.97200775, 113.23978424, 32.52000046, 0.00000000
1, 51.1700, 5537, -0.30495760, -0.48127130, 0.21424988, -50.07651901, -16.28900909, 7.97109127, -51.62233353, 17.56796265, -66.26717377, 97.82969666, -51.12843323, -4.79447126, -0.60592943, 0.66748792, -0.31178010, 0.30017108, -0.47414255, -0.14074266, -0.12992916, 99.97200775, 113.23978424, 32.52000046, 0.00000000
1, 51.1750, 5538, -0.24831030, -0.40041548, 0.14210060, -53.75488663, -29.67186165, -4.74459600, -51.91464615, 17.15872574, -65.71177673, 97.73939514, -51.08578491, -5.02380753, -0.60714871, 0.66651487, -0.31313547, 0.29845363, -0.53035629, -0.22196177, -0.05870328, 99.97200775, 113.23978424, 32.52000046, 0.00000000
1, 51.1800, 5539, -0.17077418, -0.26692283, 0.04207036, -55.65352249, -49.88222504, -21.18594551, -51.91464615, 17.15872574, -65.71177673, 97.74901581, -50.94829178, -5.39448881, -0.60835618, 0.66597188, -0.31457186, 0.29568374, -0.60633790, -0.35690194, 0.04186768, 99.97200775, 113.23978424, 32.52000046, 0.00000000
1, 51.1850, 5540, -0.11011136, -0.16933224, 0.01014948, -52.50541687, -63.31764984, -35.07640457, -51.68079376, 17.07103157, -66.35486603, 97.84259033, -50.73273849, -5.85428667, -0.60945916, 0.66586673, -0.31591809, 0.29219320, -0.66476667, -0.45695817, 0.07523765, 99.97200775, 113.23978424, 32.52000046, 0.00000000
1, 51.1900, 5541, -0.03573997, -0.08990235, 0.01797700, -45.61568832, -77.47228241, -49.59246826, -51.68079376, 17.07103157, -66.35486603, 98.05506897, -50.40277863, -6.41666842, -0.61034811, 0.66646248, -0.31699291, 0.28778225, -0.73591316, -0.54004657, 0.07021546, 99.97200775, 113.23978424, 32.52000046, 0.00000000
1, 51.1950, 5542, 0.03314666, -0.04021123, 0.07079334, -37.14559937, -92.90172577, -64.12397766, -51.68079376, 17.07103157, -66.35486603, 98.36646271, -50.02027893, -7.06465483, -0.61094022, 0.66751134, -0.31807670, 0.28285661, -0.80072284, -0.59438384, 0.02158112, 99.97200775, 113.23978424, 32.52000046, 0.00000000
1, 51.2000, 5543, 0.07622842, -0.00316269, 0.14938304, -29.69460678, -106.23422241, -77.85644531, -50.68693161, 16.60333252, -66.41333008, 98.77074432, -49.55736160, -7.78968906, -0.61128151, 0.66909289, -0.31901529, 0.27727038, -0.83901763, -0.63677633, -0.05170774, 99.97200775, 113.23978424, 32.52000046, 0.00000000
1, 51.2050, 5544, 0.09792972, 0.01772798, 0.23312970, -23.48239136, -114.05339813, -90.98605347, -50.68693161, 16.60333252, -66.41333008, 99.22521973, -49.01995087, -8.54560184, -0.61146891, 0.67109150, -0.31969249, 0.27118039, -0.85503006, -0.66382444, -0.12931380, 99.97200775, 113.23978424, 32.52000046, 0.00000000
1, 51.2100, 5545, 0.09289086, 0.01204547, 0.30586845, -18.57799339, -116.56542206, -103.65704346, -49.80999756, 15.81408882, -65.65332031, 99.69008636, -48.41396332, -9.28947830, -0.61160105, 0.67339730, -0.31999415, 0.26473394, -0.84340858, -0.66503417, -0.19555083, 99.97200775, 113.23978424, 32.52000046, 0.00000000
1, 51.2150, 5546, 0.05087160, -0.01717522, 0.33634818, -15.25335217, -114.84855652, -116.03186035, -49.80999756, 15.81408882, -65.65332031, 100.13249969, -47.74456787, -9.98840427, -0.61177313, 0.67591137, -0.31983271, 0.25803983, -0.79386437, -0.64336360, -0.21958861, 99.97200775, 113.23978424, 32.52000046, 0.00000000
1, 51.3750, 5547, -0.34758911, -1.39788449, 0.01029503, -14.47132969, -43.96419525, -364.20422363, -24.20344925, 8.33089733, -67.90412140, 96.33016968, -5.97685862, -12.43787289, -0.66636801, 0.73591083, -0.11517029, -0.03353995, 0.23544545, 0.41029406, 0.09640680, 99.97200775, 113.23978424, 32.52000046, 0.00000000
1, 51.3800, 5548, -0.36148515, -1.50337589, 0.02295242, -10.23452663, -42.73764038, -370.29296875, -24.20344925, 8.33089733, -67.90412140, 96.27549744, -4.11332035, -12.45018101, -0.66587818, 0.73728597, -0.10451303, -0.04574656, 0.28155607, 0.51256025, 0.08285341, 99.97200775, 113.23978424, 32.52000046, 0.00000000
1, 51.3850, 5549, -0.34672922, -1.62475562, 0.08082109, -5.31474304, -39.42266846, -377.53237915, -21.45571518, 9.26629639, -68.07950592, 96.24391174, -2.21551704, -12.44346619, -0.66505164, 0.73864466, -0.09350799, -0.05802307, 0.29954898, 0.63169706, 0.02440280, 99.97200775, 113.23978424, 32.52000046, 0.00000000
1, 51.3900, 5550, -0.29741919, -1.75978529, 0.20160306, -3.31538439, -35.40706253, -383.07046509, -21.45571518, 9.26629639, -68.07950592, 96.22330475, -0.29872406, -12.41470146, -0.66397446, 0.73989183, -0.08222481, -0.07026476, 0.28334951, 0.76548159, -0.09674574, 99.97200775, 113.23978424, 32.52000046, 0.00000000
1, 51.3950, 5551, -0.27217123, -1.89252818, 0.28351057, -8.84226704, -29.32765770, -387.30685425, -18.56182289, 9.35398960, -68.10874176, 96.17508698, 1.64225650, -12.35443783, -0.66290039, 0.74079955, -0.07054968, -0.08247418, 0.29160577, 0.89813083, -0.17947340, 99.97200775, 113.23978424, 32.52000046, 0.00000000
1, 51.4000, 5552, -0.24112315, -1.91940153, 0.29715139, -15.04625702, -17.16793442, -391.14428711, -18.56182289, 9.35398960, -68.10874176, 96.10094452, 3.59591150, -12.23364544, -0.66185641, 0.74137032, -0.05835619, -0.09439690, 0.29457209, 0.92611372, -0.19440135, 99.97200775, 113.23978424, 32.52000046, 0.00000000
1, 51.4050, 5553, -0.19825611, -1.83665562, 0.29500383, -23.84738922, -1.62330258, -393.25558472, -18.56182289, 9.35398960, -68.10874176, 95.99251556, 5.55208206, -12.03716946, -0.66093630, 0.74153596, -0.04559234, -0.10587335, 0.28576210, 0.84560180, -0.19403529, 99.97200775, 113.23978424, 32.52000046, 0.00000000
1, 51.4100, 5554, -0.13524927, -1.73329067, 0.29356265, -19.76940918, -0.95843321, -394.83395386, -16.16486359, 10.02630806, -68.86875153, 95.91123962, 7.51614332, -11.83931351, -0.65968269, 0.74160480, -0.03276420, -0.11733569, 0.25679466, 0.74565661, -0.19423762, 99.97200775, 113.23978424, 32.52000046, 0.00000000
1, 51.5250, 5555, -1.00133157, -1.26654565, 0.15021189, 41.50638199, 54.75337982, 179.06251526, -6.84010506, 16.01870728, -68.72259521, 97.17018127, 23.55460930, -8.63244724, -0.63422465, 0.74223083, 0.07938313, -0.20137219, 1.40434182, 0.35829759, -0.04167193, 99.97200775, 113.23978424, 32.52000046, 0.00000000
1, 51.5300, 5556, -0.83139139, -1.34601951, 0.11144776, 41.77318573, 53.57539368, 193.50758362, -6.84010506, 16.01870728, -68.72259521, 97.44290161, 22.56161880, -8.47559357, -0.63434273, 0.74451351, 0.07423934, -0.19441576, 1.21882677, 0.43169582, 0.00260836, 99.97200775, 113.23978424, 32.52000046, 0.00000000
1, 51.5350, 5557, -0.47169924, -1.48356271, 0.03221268, 39.96586227, 60.02447128, 198.48646545, -8.71090317, 15.90178299, -68.69336700, 97.71334076, 21.53903198, -8.29396248, -0.63448840, 0.74675566, 0.06912185, -0.18708988, 0.84290200, 0.56325734, 0.08771974, 99.97200775, 113.23978424, 32.52000046, 0.00000000
1, 51.5400, 5558, -0.00249402, -1.59112835, -0.10613891, 33.38838577, 70.96968842, 195.78153992, -8.71090317, 15.90178299, -68.69336700, 97.95152283, 20.50402641, -8.06469059, -0.63485819, 0.74876392, 0.06432746, -0.17935929, 0.35729358, 0.66514182, 0.23200995, 99.97200775, 113.23978424, 32.52000046, 0.00000000
1, 51.5450, 5559, 0.60685879, -1.68080294, -0.19994991, 23.06891251, 69.44784546, 187.21875000, -10.23092651, 14.73253441, -68.57643890, 98.14732361, 19.52917290, -7.83658457, -0.63533264, 0.75045812, 0.05996174, -0.17195855, -0.26814252, 0.74946821, 0.33135146, 99.97200775, 113.23978424, 32.52000046, 0.00000000
1, 51.5500, 5560, 1.32224488, -1.67327058, -0.20963152, 11.53566360, 51.86707306, 170.96270752, -10.23092651, 14.73253441, -68.57643890, 98.25430298, 18.64647675, -7.69249058, -0.63606673, 0.75160521, 0.05572105, -0.16554122, -0.99848032, 0.73705667, 0.34568238, 99.97200775, 113.23978424, 32.52000046, 0.00000000
1, 51.5550, 5561, 1.93111277, -1.69611430, -0.27544993, 2.12458992, 50.32436752, 143.14421082, -10.23092651, 14.73253441, -68.57643890, 98.31515503, 17.90222359, -7.53762627, -0.63688266, 0.75237000, 0.05241349, -0.15991536, -1.62010646, 0.75589681, 0.41471061, 99.97200775, 113.23978424, 32.52000046, 0.00000000
1, 51.5600, 5562, 2.55635738, -1.76649475, -0.73444104, -16.16732597, 81.83206940, 109.42639160, -11.02016926, 13.97252274, -68.45951080, 98.33905792, 17.30191803, -7.19513130, -0.63796967, 0.75273579, 0.05121279, -0.15414597, -2.25476837, 0.82376897, 0.87623185, 99.97200775, 113.23978424, 32.52000046, 0.00000000
1, 51.5650, 5563, 2.78769088, -1.58752906, -1.13483226, -39.97552109, 102.40048218, 78.18203735, -11.02016926, 13.97252274, -68.45951080, 98.27860260, 16.84136391, -6.72353363, -0.63956141, 0.75247949, 0.05176790, -0.14851253, -2.49322438, 0.64286625, 1.27713323, 99.97200775, 113.23978424, 32.52000046, 0.00000000
1, 51.5700, 5564, 2.48718047, -1.20120609, -0.97371829, -50.51869202, 1.90068257, 70.34749603, -12.51096153, 13.79713535, -67.78719330, 98.01508331, 16.49100494, -6.76523781, -0.64166099, 0.75124252, 0.04983529, -0.14636423, -2.19950962, 0.25387692, 1.11273885, 99.97200775, 113.23978424, 32.52000046, 0.00000000
1, 51.5750, 5565, 1.93442237, -1.02894199, -0.81825894, -37.18780518, -88.05817413, 73.15119934, -12.51096153, 13.79713535, -67.78719330, 97.68782043, 16.18745232, -7.27134752, -0.64352417, 0.74979502, 0.04520259, -0.14710875, -1.65235233, 0.07911227, 0.95119774, 99.97200775, 113.23978424, 32.52000046, 0.00000000
1, 51.6800, 5566, -0.87568974, -0.76630831, 0.57490373, 29.65047455, 46.69280624, 86.23818207, -13.97252274, 10.99093819, -70.62262726, 98.71247864, 3.34379601, -22.03352737, -0.63484788, 0.74810523, -0.12628335, -0.14614825, 0.93455124, -0.22140415, -0.42784640, 99.97200775, 113.23978424, 32.52000046, 0.00000000
1, 51.6850, 5567, -0.73727667, -0.92132032, 0.48766947, 29.19270897, 65.50691986, 80.03253937, -14.41099072, 9.50014591, -70.24261475, 98.87374878, 2.89904165, -21.76983452, -0.63475275, 0.74888945, -0.12725775, -0.14163014, 0.78856105, -0.06625283, -0.33765030, 99.97200775, 113.23978424, 32.52000046, 0.00000000
1, 51.6900, 5568, -0.60135996, -1.08674765, 0.32163155, 25.72768021, 77.56013489, 75.80715942, -14.41099072, 9.50014591, -70.24261475, 99.03027344, 2.39275646, -21.44516945, -0.63481760, 0.74965650, -0.12815841, -0.13637163, 0.64481211, 0.09947364, -0.16880399, 99.97200775, 113.23978424, 32.52000046, 0.00000000
1, 51.6950, 5569, -0.44726643, -1.21676266, 0.14469323, 21.60742760, 82.01586914, 71.51418304, -15.46331501, 10.69862556, -69.68722534, 99.15250397, 1.97570658, -21.09576035, -0.63498139, 0.75034094, -0.12834464, -0.13158596, 0.48317093, 0.22982562, 0.01065445, 99.97200775, 113.23978424, 32.52000046, 0.00000000
1, 51.7000, 5570, -0.27480376, -1.29826748, -0.00006080, 18.92523575, 79.34115601, 67.31336212, -15.46331501, 10.69862556, -69.68722534, 99.25848389, 1.58080208, -20.75715065, -0.63517994, 0.75094223, -0.12844956, -0.12701634, 0.30408141, 0.31164515, 0.15762100, 99.97200775, 113.23978424, 32.52000046, 0.00000000
1, 51.7050, 5571, -0.08310518, -1.31982791, -0.08306649, 18.95226669, 70.40676880, 63.66495514, -16.25255775, 10.31861973, -69.54106903, 99.36125946, 1.21044576, -20.46052361, -0.63529515, 0.75150007, -0.12868083, -0.12283784, 0.10602055, 0.33346301, 0.24286914, 99.97200775, 113.23978424, 32.52000046, 0.00000000
1, 51.7100, 5572, 0.10389850, -1.30257285, -0.11061648, 19.99895668, 56.78987122, 61.01362610, -16.25255775, 10.31861973, -69.54106903, 99.46622467, 0.86367714, -20.22963905, -0.63527536, 0.75201666, -0.12920681, -0.11917105, -0.08706702, 0.31643009, 0.27272469, 99.97200775, 113.23978424, 32.52000046, 0.00000000
1, 51.7150, 5573, 0.26164031, -1.24993241, -0.08482380, 20.96242142, 41.50597382, 59.58549118, -16.25255775, 10.31861973, -69.54106903, 99.57369232, 0.53604722, -20.07365036, -0.63512295, 0.75247890, -0.13011387, -0.11603799, -0.25066689, 0.26397786, 0.24927074, 99.97200775, 113.23978424, 32.52000046, 0.00000000
1, 51.7200, 5574, 0.36874214, -1.17326450, -0.01027735, 20.19211197, 25.63294220, 58.86643600, -16.74948883, 10.11400127, -69.24875641, 99.67592621, 0.22482055, -19.99593735, -0.63489592, 0.75283611, -0.13143289, -0.11344850, -0.36345851, 0.18744670, 0.17691159, 99.97200775, 113.23978424, 32.52000046, 0.00000000
1, 51.7250, 5575, 0.43458882, -1.08405554, 0.10225537, 18.07773972, 9.18592453, 58.36111832, -16.74948883, 10.11400127, -69.24875641, 99.76707458, -0.07033221, -19.99942207, -0.63463658, 0.75304985, -0.13318062, -0.11142360, -0.43479961, 0.09831678, 0.06631301, 99.97200775, 113.23978424, 32.52000046, 0.00000000
1, 51.7300, 5576, 0.44072151, -0.98803830, 0.27264646, 14.98993206, -8.67504692, 59.83246613, -17.12949371, 10.46477604, -68.43028259, 99.84312439, -0.35770023, -20.09260750, -0.63437772, 0.75307721, -0.13545644, -0.10996090, -0.44638968, 0.00226943, -0.10253276, 99.97200775, 113.23978424, 32.52000046, 0.00000000
1, 51.8200, 5577, -0.07393893, -0.98438370, 0.28237370, -2.19051003, 56.23049164, 20.93769073, -17.77258110, 10.23092651, -68.95644379, 100.17974091, -3.96105266, -21.15054703, -0.63517636, 0.74950320, -0.16248710, -0.09161908, 0.00481324, 0.00199059, -0.10772181, 99.97200775, 113.23978424, 32.52000046, 0.00000000
1, 51.8250, 5578, -0.04595459, -0.98184299, 0.25311282, -2.72182894, 53.12410736, 21.01061821, -17.77258110, 10.23092651, -68.95644379, 100.14923096, -4.11096716, -20.90679169, -0.63572222, 0.74949092, -0.16168714, -0.08931921, -0.02571633, -0.00041427, -0.07893440, 99.97200775, 113.23978424, 32.52000046, 0.00000000
1, 51.8300, 5579, -0.02459004, -0.97900820, 0.21403870, -3.03788614, 49.87871933, 21.14760017, -18.85413551, 10.52323914, -69.01490784, 100.11769867, -4.25859022, -20.67904663, -0.63625228, 0.74945194, -0.16097961, -0.08712320, -0.04956543, -0.00309728, -0.04037497, 99.97200775, 113.23978424, 32.52000046, 0.00000000
1, 51.8350, 5580, -0.01990146, -0.97818041, 0.17522283, -3.17602706, 46.57112503, 21.03546906, -18.85413551, 10.52323914, -69.01490784, 100.08610535, -4.40267849, -20.46742249, -0.63675982, 0.74939328, -0.16035922, -0.08503879, -0.05667943, -0.00377169, -0.00212125, 99.97200775, 113.23978424, 32.52000046, 0.00000000
1, 51.8400, 5581, -0.02908966, -0.96741712, 0.14406049, -3.60935116, 44.06994629, 20.59579086, -18.85413551, 10.52323914, -69.01490784, 100.03304291, -4.52048349, -20.26593590, -0.63736868, 0.74923277, -0.15964682, -0.08321332, -0.04967788, -0.01444061, 0.02827614, 99.97200775, 113.23978424, 32.52000046, 0.00000000
1, 51.8450, 5582, -0.04592421, -0.95511401, 0.12844412, -3.90932798, 42.17596817, 19.57300568, -19.52645493, 10.02630806, -68.75182343, 99.99842834, -4.65326595, -20.07446289, -0.63785845, 0.74914122, -0.15909655, -0.08131751, -0.03494732, -0.02668404, 0.04308195, 99.97200775, 113.23978424, 32.52000046, 0.00000000
1, 51.8500, 5583, -0.06245426, -0.93988049, 0.11980986, -3.59835267, 39.73292542, 18.42420006, -19.52645493, 10.02630806, -68.75182343, 99.96584320, -4.77816868, -19.89397049, -0.63831449, 0.74905461, -0.15857735, -0.07953114, -0.02060784, -0.04182556, 0.05109809, 99.97200775, 113.23978424, 32.52000046, 0.00000000
1, 51.8550, 5584, -0.06239209, -0.93214548, 0.11674328, -2.65477347, 38.17392731, 18.41008186, -20.31569672, 9.79245853, -69.68722534, 99.93820953, -4.90156937, -19.72107315, -0.63872665, 0.74898624, -0.15810388, -0.07778923, -0.02281088, -0.04946531, 0.05364655, 99.97200775, 113.23978424, 32.52000046, 0.00000000
1, 51.8600, 5585, -0.06187908, -0.93449271, 0.11602690, -1.20755064, 36.29023743, 19.04780388, -20.31569672, 9.79245853, -69.68722534, 99.91831207, -5.02640915, -19.55793381, -0.63907844, 0.74894506, -0.15770797, -0.07608078, -0.02548333, -0.04699825, 0.05395567, 99.97200775, 113.23978424, 32.52000046, 0.00000000
1, 51.8650, 5586, -0.05964559, -0.94537091, 0.10954726, -0.36792743, 34.74008179, 20.08678436, -20.31569672, 9.79245853, -69.68722534, 99.90299225, -5.15499687, -19.40329552, -0.63939369, 0.74891257, -0.15739165, -0.07438796, -0.02991681, -0.03596497, 0.06010997, 99.97200775, 113.23978424, 32.52000046, 0.00000000
1, 51.9500, 5587, 0.10974880, -0.99105000, 0.17126016, 3.12218046, 38.72957993, 26.41179085, -22.80035019, 9.76322746, -68.66413116, 99.62953186, -7.63481474, -15.88657093, -0.64468092, 0.74901676, -0.14788719, -0.03859825, -0.24233323, 0.01351061, -0.00677228, 99.97200775, 113.23978424, 32.52000046, 0.00000000
1, 51.9550, 5588, 0.09371056, -1.00858140, 0.20474076, 0.89206260, 32.45796967, 28.60413742, -23.29728127, 9.20783424, -68.83952332, 99.61586761, -7.80271673, -15.74895000, -0.64490604, 0.74891311, -0.14790724, -0.03672658, -0.22924539, 0.03133712, -0.04056910, 99.97200775, 113.23978424, 32.52000046, 0.00000000
1, 51.9600, 5589, 0.05340881, -1.00439835, 0.18788680, -1.02898741, 26.96918869, 30.21532059, -23.29728127, 9.20783424, -68.83952332, 99.59614563, -7.97401714, -15.63989544, -0.64515889, 0.74873376, -0.14813124, -0.03500068, -0.19186336, 0.02752858, -0.02420458, 99.97200775, 113.23978424, 32.52000046, 0.00000000
1, 51.9650, 5590, -0.02409047, -1.00187159, 0.16304347, -1.88242447, 21.35817719, 31.49452782, -23.29728127, 9.20783424, -68.83952332, 99.57588196, -8.14697742, -15.55975342, -0.64540339, 0.74851120, -0.14855359, -0.03342710, -0.11728062, 0.02539744, 0.00003363, 99.97200775, 113.23978424, 32.52000046, 0.00000000
1, 51.9700, 5591, -0.07971901, -1.00906694, 0.16958427, -1.94432998, 20.78058815, 32.32280350, -23.58959389, 9.73399544, -68.54721069, 99.55559540, -8.32350731, -15.48307610, -0.64564544, 0.74827880, -0.14901868, -0.03184931, -0.06470133, 0.03295418, -0.00707586, 99.97200775, 113.23978424, 32.52000046, 0.00000000
1, 51.9750, 5592, -0.11535356, -1.02073967, 0.18878791, -1.66400909, 21.25709724, 32.89142990, -23.58959389, 9.73399544, -68.54721069, 99.53617096, -8.50320053, -15.40440273, -0.64588034, 0.74804902, -0.14948876, -0.03023806, -0.03220835, 0.04498797, -0.02679688, 99.97200775, 113.23978424, 32.52000046, 0.00000000
1, 51.9800, 5593, -0.14475162, -1.03651977, 0.19488998, -1.77571642, 21.79974174, 33.46661758, -24.11575508, 9.67553329, -68.89797974, 99.51560211, -8.68615437, -15.32338810, -0.64612132, 0.74781102, -0.14996170, -0.02859344, -0.00596741, 0.06116619, -0.03341880, 99.97200775, 113.23978424, 32.52000046, 0.00000000
1, 51.9850, 5594, -0.17565206, -1.04990745, 0.17735335, -1.75857401, 23.39459229, 33.78483200, -24.11575508, 9.67553329, -68.89797974, 99.49367523, -8.87194729, -15.23457813, -0.64637041, 0.74757105, -0.15039952, -0.02688773, 0.02178258, 0.07500507, -0.01642965, 99.97200775, 113.23978424, 32.52000046, 0.00000000
1, 51.9900, 5595, -0.20015141, -1.05386221, 0.16453837, -2.08139110, 26.52986145, 33.65335464, -24.11575508, 9.67553329, -68.10874176, 99.46292114, -9.07618999, -15.12940216, -0.64668459, 0.74727857, -0.15083079, -0.02497878, 0.04294305, 0.07942573, -0.00423147, 99.97200775, 113.23978424, 32.52000046, 0.00000000
1, 51.9950, 5596, -0.20364614, -1.05223262, 0.17332962, -2.05297875, 29.98657608, 33.31475830, -24.20344925, 9.41245270, -68.10874176, 99.43354034, -9.26494598, -15.00697613, -0.64698172, 0.74703521, -0.15106550, -0.02307338, 0.04302715, 0.07822992, -0.01364724, 99.97200775, 113.23978424, 32.52000046, 0.00000000
1, 52.0000, 5597, -0.19567510, -1.04295814, 0.19742098, -1.80113864, 32.64125061, 33.09441757, -24.20344925, 9.41245270, -68.10874176, 99.40281677, -9.45469666, -14.87091637, -0.64728522, 0.74680024, -0.15121752, -0.02108601, 0.03173024, 0.06935899, -0.03830512, 99.97200775, 113.23978424, 32.52000046, 0.00000000
1, 52.1100, 5598, 0.05836444, -1.17683005, 0.06940258, -2.86261392, 8.32295418, 97.23461914, -29.11429405, 9.50014591, -68.05027771, 98.90172577, -16.18672943, -12.80973721, -0.65154153, 0.73737508, -0.17487347, 0.03451021, -0.33525467, 0.22734071, 0.07752296, 99.97200775, 113.23978424, 32.52000046, 0.00000000
1, 52.1150, 5599, 0.01862641, -1.17614532, 0.10083146, -2.42117810, 7.70642185, 99.87828064, -30.22508049, 9.35398960, -68.40105438, 98.90217590, -16.68616486, -12.84977055, -0.65151495, 0.73653227, -0.17786464, 0.03758572, -0.30390838, 0.22900671, 0.04560975, 99.97200775, 113.23978424, 32.52000046, 0.00000000
1, 52.1200, 5600, -0.01219916, -1.19559002, 0.11439819, -1.39632165, 8.83738518, 102.48603821, -30.22508049, 9.35398960, -68.40105438, 98.90705872, -17.19933128, -12.88617134, -0.65144700, 0.73568225, -0.18090193, 0.04077899, -0.28163159, 0.25098127, 0.03159815, 99.97200775, 113.23978424, 32.52000046, 0.00000000
1, 52.1250, 5601, -0.04302812, -1.21774149, 0.13173833, -0.38245514, 10.90568447, 105.22145844, -30.22508049, 9.35398960, -68.40105438, 98.91487122, -17.72757339, -12.91421509, -0.65134424, 0.73482090, -0.18396230, 0.04412357, -0.25959897, 0.27582198, 0.01384272, 99.97200775, 113.23978424, 32.52000046, 0.00000000
1, 52.1300, 5602, -0.05664887, -1.23841619, 0.15573305, -0.65086955, 16.00044441, 107.65975189, -30.92663002, 9.52937698, -68.07950592, 98.91408539, -18.27178383, -12.91788769, -0.65127182, 0.73390663, -0.18695229, 0.04769766, -0.25499922, 0.29931581, -0.01063763, 99.97200775, 113.23978424, 32.52000046, 0.00000000
1, 52.1350, 5603, -0.03216402, -1.25114334, 0.13772313, -0.94194525, 17.02610588, 109.82608795, -30.92663002, 9.52937698, -68.07950592, 98.91075897, -18.82748222, -12.91795731, -0.65119743, 0.73294741, -0.18997866, 0.05136277, -0.28859323, 0.31507474, 0.00688902, 99.97200775, 113.23978424, 32.52000046, 0.00000000
1, 52.1400, 5604, 0.01588921, -1.25890386, 0.12070581, -0.70523083, 18.54217339, 112.06750488, -31.74510384, 9.58784008, -67.84565735, 98.89456177, -19.32561111, -12.90724659, -0.65119702, 0.73201603, -0.19262534, 0.05468601, -0.34535438, 0.32580525, 0.02338582, 99.97200775, 113.23978424, 32.52000046, 0.00000000
1, 52.1450, 5605, 0.06975982, -1.26658928, 0.12280583, -0.77811533, 19.15369797, 114.15108490, -31.74510384, 9.58784008, -67.84565735, 98.88946533, -19.90431023, -12.89944744, -0.65109479, 0.73098731, -0.19571956, 0.05854152, -0.40813413, 0.33657402, 0.02074068, 99.97200775, 113.23978424, 32.52000046, 0.00000000
1, 52.1500, 5606, 0.11969910, -1.26702869, 0.14480481, -0.96854395, 17.77317619, 116.46909332, -31.74510384, 9.58784008, -67.84565735, 98.88651276, -20.49340248, -12.90074444, -0.65096378, 0.72991806, -0.19892231, 0.06241591, -0.46774194, 0.34043562, -0.00173349, 99.97200775, 113.23978424, 32.52000046, 0.00000000
1, 52.1550, 5607, 0.16139047, -1.26632011, 0.16108283, -1.33835042, 16.65536499, 119.39156342, -32.59280777, 9.23706532, -68.31335449, 98.88470459, -21.09609413, -12.91030979, -0.65080917, 0.72879642, -0.20224543, 0.06633314, -0.51925790, 0.34333754, -0.01850946, 99.97200775, 113.23978424, 32.52000046, 0.00000000
1, 52.2150, 5608, 0.23813048, -1.47954607, 0.16960703, 1.44967091, 9.17234421, 156.68351746, -37.18210983, 10.69862556, -67.55334473, 99.27342224, -29.44868469, -13.99873066, -0.64529550, 0.71137977, -0.25318226, 0.11589383, -0.72721517, 0.61816752, -0.03104248, 99.97200775, 113.23978424, 32.52000046, 0.00000000
1, 52.2200, 5609, 0.25863844, -1.49785292, 0.20835818, 3.93191147, 16.14501572, 158.78103638, -37.18210983, 10.69862556, -67.55334473, 99.32216644, -30.24523544, -14.05324841, -0.64452410, 0.70964760, -0.25761968, 0.12091763, -0.75983799, 0.64328569, -0.07012478, 99.97200775, 113.23978424, 32.52000046, 0.00000000
1, 52.2250, 5610, 0.24421124, -1.52632511, 0.26463959, 5.99606180, 25.40574265, 161.18379211, -37.18210983, 10.69862556, -67.55334473, 99.35650635, -31.06101227, -14.05799198, -0.64374858, 0.70786262, -0.26184660, 0.12631246, -0.75774992, 0.67883664, -0.12707722, 99.97200775, 113.23978424, 32.52000046, 0.00000000
1, 52.2300, 5611, 0.18997669, -1.55424678, 0.31845111, 7.13199139, 37.89744568, 163.60527039, -38.96521378, 10.69862556, -68.22566223, 99.36026001, -31.89878654, -13.99310493, -0.64303356, 0.70597631, -0.26577666, 0.13216703, -0.71606064, 0.71413934, -0.18210599, 99.97200775, 113.23978424, 32.52000046, 0.00000000
1, 52.2350, 5612, 0.17398089, -1.62773371, 0.28218031, 8.81898975, 54.66038895, 165.31532288, -38.96521378, 10.69862556, -68.22566223, 99.31964874, -32.75842285, -13.83099937, -0.64241546, 0.70398188, -0.26926336, 0.13859743, -0.71260953, 0.79543847, -0.14772370, 99.97200775, 113.23978424, 32.52000046, 0.00000000
1, 52.2400, 5613, 0.26857704, -1.71081960, 0.27354097, 14.78527260, 75.90043640, 164.86933899, -40.92370605, 7.54165459, -67.93334961, 99.23634338, -33.59624863, -13.53999138, -0.64185977, 0.70208234, -0.27189717, 0.14549369, -0.81964225, 0.88635480, -0.14124987, 99.97200775, 113.23978424, 32.52000046, 0.00000000
1, 52.2450, 5614, 0.50094140, -1.83010292, 0.35235924, 19.12256241, 108.18243408, 163.83096313, -40.92370605, 7.54165459, -67.93334961, 99.06007385, -34.49009323, -13.05088615, -0.64148629, 0.69997329, -0.27373797, 0.15362394, -1.06485975, 1.01352370, -0.22327170, 99.97200775, 113.23978424, 32.52000046, 0.00000000
1, 52.2500, 5615, 0.69395149, -1.86782932, 0.41967964, 15.08523655, 126.67811584, 160.92315674, -40.92370605, 7.54165459, -67.93334961, 98.78646851, -35.38224030, -12.43808174, -0.64142722, 0.69760805, -0.27497795, 0.16217677, -1.27085304, 1.05935550, -0.29506582, 99.97200775, 113.23978424, 32.52000046, 0.00000000
1, 52.2550, 5616, 0.71213353, -1.79830062, 0.42524877, 6.25240898, 138.16246033, 155.24530029, -41.85910416, 11.40017509, -68.34259033, 98.40939331, -36.25203323, -11.73711777, -0.64176285, 0.69492567, -0.27576417, 0.17080079, -1.30149889, 0.99787176, -0.30677402, 99.97200775, 113.23978424, 32.52000046, 0.00000000
1, 52.2600, 5617, 0.60890669, -1.68100965, 0.28831708, -1.11855352, 142.67300415, 146.01760864, -41.85910416, 11.40017509, -68.34259033, 97.95630646, -37.07528305, -10.98478317, -0.64239365, 0.69205749, -0.27617800, 0.17920031, -1.20965922, 0.88849789, -0.17719570, 99.97200775, 113.23978424, 32.52000046, 0.00000000
1, 52.2900, 5618, -0.21824381, -1.19179809, 0.44263539, 1.65827453, 154.54005432, 121.16773987, -47.14995575, 11.95556831, -69.74568939, 95.01451874, -41.33819580, -5.99371099, -0.64476109, 0.67649323, -0.27417308, 0.22686848, -0.44149691, 0.44165903, -0.37750995, 99.97200775, 113.23978424, 32.52000046, 0.00000000
1, 52.2950, 5619, -0.37342334, -1.09709966, 0.29248872, -4.13444948, 154.86587524, 124.40393829, -47.14995575, 11.95556831, -69.74568939, 94.35256958, -42.02029800, -5.02697897, -0.64547539, 0.67334002, -0.27350336, 0.23488453, -0.29444379, 0.35401034, -0.23647350, 99.97200775, 113.23978424, 32.52000046, 0.00000000
1, 52.3000, 5620, -0.57341993, -1.11208308, 0.19808745, 2.33717299, 159.33702087, 130.59733582, -47.14995575, 11.95556831, -70.73954773, 93.68149567, -42.72621536, -4.01154041, -0.64593965, 0.67019725, -0.27280015, 0.24326482, -0.10328919, 0.37672073, -0.15186724, 99.97200775, 113.23978424, 32.52000046, 0.00000000
1, 52.3050, 5621, -0.58858812, -1.21436977, 0.27228764, 6.87100792, 156.34346008, 136.53228760, -48.52382278, 13.18327999, -70.73954773, 93.02381897, -43.45213318, -2.99598956, -0.64611924, 0.66708958, -0.27228409, 0.25175947, -0.09752415, 0.48691776, -0.23526573, 99.97200775, 113.23978424, 32.52000046, 0.00000000
1, 52.3100, 5622, -0.64450431, -1.25966609, 0.31027034, 0.72158486, 139.42530823, 141.18472290, -48.52382278, 13.18327999, -70.73954773, 92.39187622, -44.18916702, -2.07547498, -0.64617395, 0.66388655, -0.27242795, 0.25980166, -0.05098806, 0.54059219, -0.28193390, 99.97200775, 113.23978424, 32.52000046, 0.00000000
1, 52.3150, 5623, -0.67620128, -1.29159737, 0.09852806, -10.81844139, 116.95725250, 139.98988342, -49.48845291, 13.32943535, -71.14878845, 91.78833771, -44.90923691, -1.28966224, -0.64626402, 0.66058028, -0.27328447, 0.26700592, -0.02782853, 0.58142793, -0.07833689, 99.97200775, 113.23978424, 32.52000046, 0.00000000
1, 52.3200, 5624, -0.59821898, -1.32478547, -0.01288361, -10.72288704, 96.64954376, 137.12109375, -49.48845291, 13.32943535, -71.14878845, 91.26628876, -45.60683060, -0.62772179, -0.64610487, 0.65750796, -0.27461457, 0.27353007, -0.11418837, 0.62327969, 0.02629184, 99.97200775, 113.23978424, 32.52000046, 0.00000000
1, 52.3250, 5625, -0.49982104, -1.36453688, 0.05391897, -10.74318886, 94.89088440, 134.90617371, -51.00847626, 13.18327999, -72.05495453, 90.73489380, -46.28894043, 0.03917843, -0.64591795, 0.65444720, -0.27591711, 0.27992633, -0.22110903, 0.67138052, -0.04685224, 99.97200775, 113.23978424, 32.52000046, 0.00000000
1, 52.3300, 5626, -0.48496643, -1.44087410, 0.08467528, -15.91087532, 97.29362488, 128.68478394, -51.00847626, 13.18327999, -72.05495453, 90.14643097, -46.93551254, 0.74163049, -0.64595050, 0.65125269, -0.27702409, 0.28613916, -0.24394158, 0.75590694, -0.08470056, 99.97200775, 113.23978424, 32.52000046, 0.00000000
1, 52.3350, 5627, -0.54423654, -1.47283936, 0.16217510, -21.27984047, 89.27362061, 119.79893494, -51.00847626, 13.18327999, -72.05495453, 89.55621338, -47.53289413, 1.40269649, -0.64611948, 0.64808339, -0.27816013, 0.29179546, -0.19211629, 0.79554325, -0.16944966, 99.97200775, 113.23978424, 32.52000046, 0.00000000
1, 52.3550, 5628, -0.50962710, -0.88205123, 0.31007454, -38.68246078, 25.22284508, 79.65596771, -53.05466080, 15.72639561, -72.66880798, 87.77315521, -49.32909775, 2.92606997, -0.64736092, 0.63746041, -0.28457442, 0.30591753, -0.24851310, 0.22900718, -0.33715618, 99.97200775, 113.23978424, 32.52000046, 0.00000000
1, 52.3600, 5629, -0.52584779, -0.61938262, 0.22815880, -36.39112473, 22.50828552, 73.07743835, -53.05466080, 15.72639561, -72.66880798, 87.44184113, -49.68970871, 3.12367201, -0.64766842, 0.63522327, -0.28645071, 0.30816096, -0.23628128, -0.02848073, -0.25850043, 99.97200775, 113.23978424, 32.52000046, 0.00000000
1, 52.3650, 5630, -0.49473581, -0.43876120, 0.20308228, -27.78936958, 18.43346024, 65.93049622, -52.93773651, 16.13563347, -73.07804871, 87.17556763, -50.01484680, 3.29134130, -0.64777541, 0.63336545, -0.28812504, 0.31019235, -0.27109200, -0.20447242, -0.23605879, 99.97200775, 113.23978424, 32.52000046, 0.00000000
1, 52.3700, 5631, -0.47869998, -0.35677594, 0.21279292, -19.49979019, 10.92501640, 59.51185989, -52.93773651, 16.13563347, -73.07804871, 86.99465942, -50.30937195, 3.40090752, -0.64764047, 0.63191819, -0.28971982, 0.31193548, -0.29053718, -0.28231871, -0.24765262, 99.97200775, 113.23978424, 32.52000046, 0.00000000
1, 52.3750, 5632, -0.47269538, -0.34989560, 0.19523221, -19.01163483, 1.24858594, 52.08930969, -53.78544235, 13.82636642, -72.84420013, 86.87536621, -50.56932068, 3.43322682, -0.64746630, 0.63070577, -0.29137576, 0.31320590, -0.29948875, -0.28548622, -0.23134680, 99.97200775, 113.23978424, 32.52000046, 0.00000000
1, 52.3800, 5633, -0.51255405, -0.41304445, 0.16325408, -25.07121658, -8.13802624, 44.75700760, -53.78544235, 13.82636642, -72.84420013, 86.78462219, -50.79537582, 3.38921666, -0.64743614, 0.62953937, -0.29317784, 0.31393236, -0.26214823, -0.21906710, -0.20045815, 99.97200775, 113.23978424, 32.52000046, 0.00000000
1, 52.3850, 5634, -0.53115839, -0.49814466, 0.14322414, -32.97738266, -15.04434013, 36.45577621, -53.78544235, 13.82636642, -72.84420013, 86.69945526, -50.98214722, 3.28708720, -0.64764524, 0.62834644, -0.29505521, 0.31413209, -0.24566807, -0.13121666, -0.18140796, 99.97200775, 113.23978424, 32.52000046, 0.00000000
1, 52.3900, 5635, -0.49456429, -0.55182159, 0.16166154, -39.66943359, -19.77619743, 26.50841331, -54.04852295, 13.47559166, -73.51651764, 86.73548889, -51.07329178, 3.05089021, -0.64783180, 0.62771946, -0.29677927, 0.31337577, -0.28370714, -0.07582939, -0.20001882, 99.97200775, 113.23978424, 32.52000046, 0.00000000
1, 52.3950, 5636, -0.39872712, -0.53829670, 0.20152359, -42.85152817, -26.68893433, 15.79838943, -54.04852295, 13.47559166, -73.51651764, 86.68084717, -51.16056442, 2.84612513, -0.64843917, 0.62666589, -0.29855448, 0.31254107, -0.38047838, -0.08838339, -0.23960833, 99.97200775, 113.23978424, 32.52000046, 0.00000000
1, 52.4000, 5637, -0.28038070, -0.43851134, 0.21373993, -43.54332733, -39.34695053, 5.90118980, -53.63928604, 16.10640144, -73.34112549, 86.70510101, -51.20225525, 2.53567338, -0.64903182, 0.62588954, -0.30042624, 0.31106931, -0.49943191, -0.18747328, -0.25130951, 99.97200775, 113.23978424, 32.52000046, 0.00000000
1, 52.4100, 5638, -0.11987919, -0.23759235, 0.07729091, -40.77897644, -79.72698212, -20.47425652, -53.63928604, 16.10640144, -73.34112549, 87.10601807, -51.10478210, 1.48115849, -0.64995581, 0.62562114, -0.30454460, 0.30562779, -0.65886796, -0.38926575, -0.11055726, 99.97200775, 113.23978424, 32.52000046, 0.00000000
1, 52.4150, 5639, -0.08296111, -0.16600828, 0.01765830, -37.84534073, -98.75853729, -33.47885513, -53.55159378, 15.75562668, -73.31189728, 87.53619385, -50.96197891, 0.68399900, -0.65011334, 0.62629741, -0.30694246, 0.30148080, -0.69425106, -0.46267533, -0.04646695, 99.97200775, 113.23978424, 32.52000046, 0.00000000
1, 52.4200, 5640, -0.05464196, -0.10190318, -0.00133337, -34.27594757, -120.73991394, -48.17425919, -53.55159378, 15.75562668, -73.31189728, 88.11700439, -50.74563217, -0.28663322, -0.65005368, 0.62754172, -0.30950832, 0.29635495, -0.72034705, -0.52966332, -0.02144051, 99.97200775, 113.23978424, 32.52000046, 0.00000000
1, 52.4250, 5641, -0.02305561, -0.04687212, -0.00101597, -30.03208923, -145.34959412, -61.95943451, -52.32388306, 15.52177715, -72.78573608, 88.86111450, -50.45670700, -1.44485807, -0.64969689, 0.62938339, -0.31232885, 0.29020905, -0.74893653, -0.58857834, -0.01393203, 99.97200775, 113.23978424, 32.52000046, 0.00000000
1, 52.4300, 5642, 0.00797487, -0.00598790, 0.01809741, -23.56321716, -171.32720947, -74.54365540, -52.32388306, 15.52177715, -72.78573608, 89.77935791, -50.09592056, -2.79305625, -0.64893001, 0.63187110, -0.31544185, 0.28306404, -0.77619863, -0.63424897, -0.02323084, 99.97200775, 113.23978424, 32.52000046, 0.00000000
1, 52.4350, 5643, 0.03154324, 0.01317176, 0.05223474, -15.85522366, -193.69245911, -86.25135803, -52.32388306, 15.52177715, -72.78573608, 90.84636688, -49.66118622, -4.29341602, -0.64773780, 0.63496524, -0.31874731, 0.27505487, -0.79518181, -0.65901220, -0.04568259, 99.97200775, 113.23978424, 32.52000046, 0.00000000
1, 52.4400, 5644, 0.03413938, -0.01695458, 0.09670326, -8.09782791, -208.39274597, -98.02234650, -51.15463257, 14.76176548, -72.58111572, 92.06978607, -49.12909317, -5.92270088, -0.64600414, 0.63883549, -0.32203367, 0.26619968, -0.79219037, -0.63536078, -0.07677229, 99.97200775, 113.23978424, 32.52000046, 0.00000000
1, 52.4450, 5645, 0.01399561, -0.06990045, 0.13739312, -2.62407541, -213.70387268, -109.96109772, -51.15463257, 14.76176548, -72.58111572, 93.24796295, -48.53203964, -7.50690889, -0.64431661, 0.64274335, -0.32502320, 0.25709352, -0.76544118, -0.58961725, -0.10343494, 99.97200775, 113.23978424, 32.52000046, 0.00000000
1, 52.4500, 5646, -0.01811845, -0.10735408, 0.17077520, -0.22196962, -212.07485962, -121.90563965, -49.54691696, 14.55714703, -71.41186523, 94.38445282, -47.85491943, -9.03489876, -0.64264727, 0.64679766, -0.32756916, 0.24770132, -0.72578770, -0.55995232, -0.12312108, 99.97200775, 113.23978424, 32.52000046, 0.00000000
1, 52.4550, 5647, -0.07768625, -0.14875065, 0.21662270, 1.09501553, -205.87196350, -133.23661804, -49.54691696, 14.55714703, -71.41186523, 95.44593811, -47.10453033, -10.46972179, -0.64107913, 0.65090942, -0.32957008, 0.23815568, -0.65772212, -0.52702117, -0.15574601, 99.97200775, 113.23978424, 32.52000046, 0.00000000
1, 52.5650, 5648, -0.17158343, -0.65587151, 0.16728349, -45.03923416, -34.57287598, -314.76354980, -30.83893585, 6.92779875, -71.82110596, 97.45543671, -20.41805267, -18.66304588, -0.66220343, 0.71093822, -0.23530425, 0.02618280, -0.18418831, -0.27108109, -0.04653811, 99.97200775, 113.23978424, 32.52000046, 0.00000000
1, 52.5700, 5649, -0.17226584, -0.71729922, 0.17098975, -43.21941376, -36.36840057, -320.61315918, -30.83893585, 6.92779875, -71.82110596, 97.22759247, -18.80542755, -18.63995361, -0.66348922, 0.71292669, -0.22645710, 0.01532528, -0.15719293, -0.21965498, -0.05287617, 99.97200775, 113.23978424, 32.52000046, 0.00000000
1, 52.5750, 5650, -0.17414615, -0.76175642, 0.16385873, -41.46444321, -38.68668365, -326.47433472, -28.38351250, 7.54165459, -72.40573120, 97.01369476, -17.16220474, -18.63197708, -0.66456568, 0.71487838, -0.21744758, 0.00423944, -0.12827392, -0.18455279, -0.04829527, 99.97200775, 113.23978424, 32.52000046, 0.00000000
1, 52.5800, 5651, -0.17964664, -0.80839849, 0.14521535, -38.49418640, -42.23936462, -335.64035034, -28.38351250, 7.54165459, -72.40573120, 96.82006836, -15.47131824, -18.64283562, -0.66537523, 0.71684968, -0.20820814, -0.00719622, -0.09460427, -0.14667416, -0.03199086, 99.97200775, 113.23978424, 32.52000046, 0.00000000
1, 52.5850, 5652, -0.20197025, -0.86173284, 0.12206043, -34.33173370, -43.82076263, -342.32080078, -28.38351250, 7.54165459, -72.40573120, 96.64929199, -13.74632168, -18.66330528, -0.66588879, 0.71884048, -0.19876041, -0.01883672, -0.04329557, -0.10137105, -0.01103142, 99.97200775, 113.23978424, 32.52000046, 0.00000000
1, 52.5900, 5653, -0.23264596, -0.95631278, 0.10413016, -26.97920227, -44.53406525, -349.19647217, -24.52499199, 7.42472935, -73.04881287, 96.51490021, -11.98924732, -18.68788910, -0.66601020, 0.72092843, -0.18909064, -0.03061646, 0.01714596, -0.01402349, 0.00505738, 99.97200775, 113.23978424, 32.52000046, 0.00000000
1, 52.5950, 5654, -0.26921538, -1.07874227, 0.07430831, -20.91047478, -44.53802490, -354.14605713, -24.52499199, 7.42472935, -73.04881287, 96.41087341, -10.20503902, -18.71334648, -0.66576922, 0.72306812, -0.17921451, -0.04249927, 0.08417901, 0.10207422, 0.03339485, 99.97200775, 113.23978424, 32.52000046, 0.00000000
1, 52.6000, 5655, -0.32487097, -1.19793904, 0.06040741, -14.32358742, -43.37685394, -359.56518555, -21.66033363, 7.71704149, -73.72113037, 96.33790588, -8.39449787, -18.73259544, -0.66515547, 0.72526485, -0.16910136, -0.05444177, 0.17088860, 0.21584277, 0.04617938, 99.97200775, 113.23978424, 32.52000046, 0.00000000
1, 52.6050, 5656, -0.39102083, -1.30720305, 0.05080781, -8.24652958, -41.52706146, -366.29345703, -21.66033363, 7.71704149, -73.72113037, 96.29321289, -6.55145645, -18.74066353, -0.66417813, 0.72750723, -0.15869269, -0.06646323, 0.26877370, 0.32063344, 0.05503054, 99.97200775, 113.23978424, 32.52000046, 0.00000000
1, 52.6100, 5657, -0.41961470, -1.41388357, 0.06099952, -2.29751825, -37.99738312, -373.40063477, -19.11721611, 7.71704149, -74.04267883, 96.27591705, -4.67492914, -18.72821236, -0.66284114, 0.72978932, -0.14793125, -0.07852092, 0.32976916, 0.42381984, 0.04456136, 99.97200775, 113.23978424, 32.52000046, 0.00000000
1, 52.6650, 5658, -0.54280913, -2.16421223, 0.68037301, 2.06024194, 49.01840973, -358.86843872, -8.85705948, 14.03098488, -75.15346527, 97.18113708, 16.54898071, -15.88298035, -0.63335985, 0.74822837, -0.00826493, -0.19733557, 0.81875247, 1.20990300, -0.56575680, 99.97200775, 113.23978424, 32.52000046, 0.00000000
1, 52.6700, 5659, -0.35791069, -2.29423189, 0.40875116, -15.51460361, 64.27838898, -331.74645996, -8.85705948, 14.03098488, -75.15346527, 97.26364899, 18.15472794, -15.33298969, -0.63098943, 0.74836516, 0.00447117, -0.20440662, 0.66193330, 1.34886098, -0.29321805, 99.97200775, 113.23978424, 32.52000046, 0.00000000
1, 52.6750, 5660, -0.14526339, -2.22298861, -0.15371713, -40.94569016, 63.45289612, -309.21936035, -6.92779875, 15.34638977, -74.51037598, 97.22872162, 19.64870262, -14.79671001, -0.62952125, 0.74764538, 0.01667312, -0.21083522, 0.47584110, 1.28688359, 0.26872426, 99.97200775, 113.23978424, 32.52000046, 0.00000000
1, 52.6800, 5661, -0.03544060, -1.89801061, -0.44226289, -44.55989456, 38.48135376, -284.35568237, -6.92779875, 15.34638977, -74.51037598, 97.13794708, 21.03527260, -14.40606785, -0.62830597, 0.74648356, 0.02740669, -0.21735437, 0.38992810, 0.97057587, 0.55568087, 99.97200775, 113.23978424, 32.52000046, 0.00000000
1, 52.6850, 5662, -0.22618264, -1.65246630, -0.25580859, -32.01255417, 11.63780403, -249.64738464, -5.84624386, 16.98333740, -74.94884491, 97.05809784, 22.26668739, -14.18022919, -0.62695044, 0.74535179, 0.03615147, -0.22377869, 0.60074532, 0.73251122, 0.36681312, 99.97200775, 113.23978424, 32.52000046, 0.00000000
1, 52.6900, 5663, -0.77848452, -1.47461712, 0.30299303, 3.26760149, -49.63075256, -222.35841370, -5.84624386, 16.98333740, -74.94884491, 97.03393555, 23.35487366, -14.29794884, -0.62477535, 0.74462789, 0.04172623, -0.23117977, 1.17005098, 0.56123531, -0.19463550, 99.97200775, 113.23978424, 32.52000046, 0.00000000
1, 52.6950, 5664, -1.13957751, -1.40042222, 0.88577908, 4.74891710, -58.77270508, -202.15972900, -5.84624386, 16.98333740, -74.94884491, 96.97991943, 24.39374924, -14.48388386, -0.62268025, 0.74374825, 0.04663602, -0.23860651, 1.54633594, 0.49322325, -0.77977264, 99.97200775, 113.23978424, 32.52000046, 0.00000000
1, 52.7000, 5665, -1.37359738, -1.23594284, 1.25191605, -8.19395638, -34.16186905, -182.79563904, -4.85238218, 15.49254608, -75.18269348, 96.90882111, 25.32147598, -14.55054855, -0.62110704, 0.74275923, 0.05171804, -0.24466324, 1.79463196, 0.33491924, -1.14812779, 99.97200775, 113.23978424, 32.52000046, 0.00000000
1, 52.8000, 5666, 2.87210107, -1.25639760, -0.98531389, -45.39846039, -23.63857079, 60.80536270, -8.50628471, 17.15872574, -73.31189728, 100.81803894, 16.80742836, -9.46664810, -0.61901659, 0.76742506, 0.02991554, -0.16426320, -2.57965612, 0.31827676, 1.17150128, 99.97200775, 113.23978424, 32.52000046, 0.00000000
1, 52.8050, 5667, 1.97427928, -1.09127581, -0.74824798, -29.46575546, -177.07725525, 71.03625488, -8.50628471, 17.15872574, -73.31189728, 100.39081573, 16.61924171, -10.44327068, -0.62071759, 0.76543224, 0.02295341, -0.16821538, -1.68561673, 0.15055838, 0.92596555, 99.97200775, 113.23978424, 32.52000046, 0.00000000
1, 52.8100, 5668, 1.10333669, -0.97289062, -0.71107918, -11.20707226, -245.14955139, 86.81253815, -8.09704781, 16.48640823, -74.83191681, 99.95559692, 16.40604973, -11.78122616, -0.62193030, 0.76337469, 0.01348245, -0.17401178, -0.81819087, 0.02979876, 0.87977207, 99.97200775, 113.23978424, 32.52000046, 0.00000000
1, 52.8150, 5669, 0.19869266, -0.96027505, -0.49146837, 13.07839489, -301.93756104, 106.28630066, -8.09704781, 16.48640823, -74.83191681, 99.56185913, 16.13561630, -13.42445278, -0.62241352, 0.76143372, 0.00163524, -0.18115570, 0.08165102, 0.01443815, 0.65149224, 99.97200775, 113.23978424, 32.52000046, 0.00000000
1, 52.8200, 5670, -0.56752497, -0.96090579, -0.08979104, 28.46993256, -342.69406128, 130.95236206, -8.09704781, 16.48640823, -74.83191681, 99.19217682, 15.76605797, -15.29294205, -0.62244111, 0.75941938, -0.01226000, -0.18894199, 0.84113407, 0.01174874, 0.24196860, 99.97200775, 113.23978424, 32.52000046, 0.00000000
1, 52.8250, 5671, -1.25634658, -0.94984567, 0.31969884, 39.46945953, -354.45172119, 160.57182312, -7.57088566, 16.45717621, -76.26425171, 98.87083435, 15.24861813, -17.23913002, -0.62216997, 0.75738388, -0.02754198, -0.19625413, 1.52090216, -0.00309665, -0.17444557, 99.97200775, 113.23978424, 32.52000046, 0.00000000
1, 52.8300, 5672, -1.84859943, -1.08109796, 0.58730781, 52.70650864, -325.15158081, 188.47744751, -7.57088566, 16.45717621, -76.26425171, 98.67060852, 14.56266975, -19.04920387, -0.62155795, 0.75571251, -0.04305333, -0.20176922, 2.10164404, 0.12422477, -0.44721657, 99.97200775, 113.23978424, 32.52000046, 0.00000000
1, 52.8350, 5673, -2.04546332, -1.45423603, 0.81723499, 66.38693237, -260.41125488, 210.03646851, -8.24320412, 14.99561501, -78.13504791, 98.64086914, 13.71862888, -20.53805923, -0.62064964, 0.75475585, -0.05762459, -0.20449215, 2.28429151, 0.49335614, -0.67891830, 99.97200775, 113.23978424, 32.52000046, 0.00000000
1, 52.8400, 5674, -1.89956057, -1.82877707, 1.05444789, 59.17429352, -188.94897461, 216.77398682, -8.24320412, 14.99561501, -78.13504791, 98.68518066, 12.77699375, -21.66278076, -0.62009120, 0.75409997, -0.07046958, -0.20458293, 2.12216949, 0.86389607, -0.91522878, 99.97200775, 113.23978424, 32.52000046, 0.00000000
1, 52.8450, 5675, -1.55609846, -1.91423571, 1.05198753, 29.30399895, -124.99049377, 202.80007935, -8.24320412, 14.99561501, -78.13504791, 98.66589355, 11.86804199, -22.45028114, -0.62050611, 0.75312674, -0.08078163, -0.20309284, 1.76293468, 0.94588959, -0.91148579, 99.97200775, 113.23978424, 32.52000046, 0.00000000
1, 52.9500, 5676, 0.52059829, -1.27017534, -0.23642538, 14.88648987, 33.06776810, 50.45329285, -14.73253441, 11.13709450, -77.55042267, 101.33076477, 1.25602174, -21.71220779, -0.62087071, 0.76087767, -0.13884345, -0.12769964, -0.49689507, 0.29025108, 0.43173799, 99.97200775, 113.23978424, 32.52000046, 0.00000000
1, 52.9550, 5677, 0.62019503, -1.15971076, -0.12097096, 13.08772373, 5.86262321, 52.77213287, -14.73253441, 11.13709450, -77.55042267, 101.39643860, 0.99169600, -21.73499870, -0.62075967, 0.76094753, -0.14050610, -0.12599327, -0.60144877, 0.17973682, 0.31790292, 99.97200775, 113.23978424, 32.52000046, 0.00000000
1, 52.9600, 5678, 0.69389063, -1.04297364, 0.06886420, 11.86523438, -15.98126411, 55.42172623, -15.37562084, 11.40017509, -77.22888184, 101.45449829, 0.73584861, -21.86778069, -0.62056607, 0.76084334, -0.14284204, -0.12494588, -0.68011153, 0.06282364, 0.12947901, 99.97200775, 113.23978424, 32.52000046, 0.00000000
1, 52.9650, 5679, 0.67198664, -0.95483232, 0.20408048, 11.03117466, -31.37828255, 59.55203247, -15.37562084, 11.40017509, -77.22888184, 101.50814819, 0.47506234, -22.08036613, -0.62032199, 0.76060075, -0.14572719, -0.12430099, -0.66306698, -0.02540263, -0.00470711, 99.97200775, 113.23978424, 32.52000046, 0.00000000
1, 52.9700, 5680, 0.47760689, -0.86821830, 0.25576252, 10.35765839, -69.23692322, 62.05828857, -14.87869072, 11.95556831, -77.52119446, 101.55824280, 0.23972158, -22.48118019, -0.61986524, 0.76010907, -0.14971665, -0.12484537, -0.47304839, -0.11195590, -0.05586123, 99.97200775, 113.23978424, 32.52000046, 0.00000000
1, 52.9750, 5681, 0.26402473, -0.84752679, 0.22692871, 13.78034687, -87.34320068, 63.02029037, -14.87869072, 11.95556831, -77.52119446, 101.62684631, 0.01816319, -22.97190285, -0.61916989, 0.75958991, -0.15424411, -0.12593876, -0.26332161, -0.13239200, -0.02644494, 99.97200775, 113.23978424, 32.52000046, 0.00000000
1, 52.9800, 5682, 0.04584355, -0.86875725, 0.21015808, 18.00478745, -98.45143127, 62.94710922, -14.87869072, 11.95556831, -77.52119446, 101.71849823, -0.19115607, -23.51726151, -0.61824423, 0.75910574, -0.15908901, -0.12737055, -0.04880697, -0.11082792, -0.00877831, 99.97200775, 113.23978424, 32.52000046, 0.00000000
1, 52.9850, 5683, -0.15312718, -0.91544056, 0.23297329, 19.89904785, -102.57033539, 61.07221603, -14.70330334, 11.60479355, -77.90119934, 101.82161713, -0.38616484, -24.08124924, -0.61720014, 0.75864196, -0.16398920, -0.12897290, 0.14663737, -0.06380821, -0.03043700, 99.97200775, 113.23978424, 32.52000046, 0.00000000
1, 52.9900, 5684, -0.32257643, -0.95905590, 0.28448483, 19.23686981, -98.62351990, 57.45918274, -14.70330334, 11.60479355, -77.90119934, 101.94068909, -0.63149887, -24.62327194, -0.61614412, 0.75820345, -0.16902833, -0.13009049, 0.31218356, -0.01984898, -0.08054569, 99.97200775, 113.23978424, 32.52000046, 0.00000000
1, 52.9950, 5685, -0.46267569, -0.99435937, 0.34675553, 17.33544731, -86.51571655, 52.96982956, -15.17100239, 11.63402462, -78.28120422, 102.03398132, -0.80130571, -25.10115623, -0.61522394, 0.75778329, -0.17320509, -0.13139302, 0.44855541, 0.01576883, -0.14144991, 99.97200775, 113.23978424, 32.52000046, 0.00000000
1, 53.1300, 5686, -0.25153640, -1.03091431, 0.29345816, 0.40669617, 37.48476791, 29.43117523, -17.56796265, 11.25401878, -77.57965088, 102.61977386, -5.48212194, -22.06727028, -0.61999500, 0.75951207, -0.17855400, -0.08286245, 0.15607236, 0.05899233, -0.07821648, 99.97200775, 113.23978424, 32.52000046, 0.00000000
1, 53.1350, 5687, -0.25217909, -1.01543033, 0.29133707, -0.71162331, 44.46320724, 28.52512550, -18.09412384, 10.34785175, -76.58579254, 102.59836578, -5.66954041, -21.88026428, -0.62046438, 0.75943184, -0.17829007, -0.08062247, 0.15348196, 0.04375064, -0.07643965, 99.97200775, 113.23978424, 32.52000046, 0.00000000
1, 53.1400, 5688, -0.22876810, -0.98853314, 0.27308267, -1.92797661, 53.54371643, 27.07454109, -18.09412384, 10.34785175, -76.58579254, 102.58500671, -5.90642929, -21.64893341, -0.62095296, 0.75939536, -0.17800018, -0.07779568, 0.12641221, 0.01716344, -0.05853494, 99.97200775, 113.23978424, 32.52000046, 0.00000000
1, 53.1450, 5689, -0.19894566, -0.96492732, 0.25304109, -1.38025784, 58.09343719, 26.36981583, -18.76644325, 10.90324497, -76.90733337, 102.55161285, -6.09791899, -21.39239883, -0.62153488, 0.75935006, -0.17729054, -0.07516729, 0.09291788, -0.00612203, -0.03887036, 99.97200775, 113.23978424, 32.52000046, 0.00000000
1, 53.1500, 5690, -0.14815870, -0.95325363, 0.22801661, 0.55032992, 63.06570435, 25.97302437, -18.76644325, 10.90324497, -76.90733337, 102.52429962, -6.29267168, -21.11081314, -0.62208474, 0.75937021, -0.17643735, -0.07236972, 0.03882933, -0.01751070, -0.01427214, 99.97200775, 113.23978424, 32.52000046, 0.00000000
1, 53.1550, 5691, -0.09435238, -0.95046389, 0.22188056, 2.24328828, 67.19033051, 25.97968102, -18.76644325, 10.90324497, -76.90733337, 102.50219727, -6.49175596, -20.80877686, -0.62260455, 0.75944227, -0.17547579, -0.06942189, -0.01839606, -0.02000495, -0.00847365, 99.97200775, 113.23978424, 32.52000046, 0.00000000
1, 53.1600, 5692, -0.03313606, -0.95777154, 0.22414607, 3.71734786, 68.77587128, 25.75334358, -18.94182968, 11.04940033, -76.52732849, 102.48549652, -6.69131374, -20.49851036, -0.62308055, 0.75955331, -0.17446619, -0.06641590, -0.08308168, -0.01238164, -0.01099299, 99.97200775, 113.23978424, 32.52000046, 0.00000000
1, 53.1650, 5693, 0.02640144, -0.97076023, 0.21701045, 4.87493467, 67.21376801, 25.94673920, -18.94182968, 11.04940033, -76.52732849, 102.47441864, -6.89005184, -20.19595718, -0.62350059, 0.75968212, -0.17350699, -0.06344692, -0.14604875, 0.00097043, -0.00402728, 99.97200775, 113.23978424, 32.52000046, 0.00000000
1, 53.1700, 5694, 0.07793338, -0.98050702, 0.19824143, 4.91964340, 63.74183655, 26.95003319, -19.64337921, 11.83864307, -76.41040802, 102.46474457, -7.08990383, -19.91140556, -0.62388945, 0.75978792, -0.17267407, -0.06056458, -0.20099059, 0.01112211, 0.01459766, 99.97200775, 113.23978424, 32.52000046, 0.00000000
1, 53.1750, 5695, 0.11079498, -0.99667239, 0.19258878, 3.98231006, 59.20759964, 28.32608032, -19.64337921, 11.83864307, -76.41040802, 102.45236206, -7.29159212, -19.65050507, -0.62427348, 0.75983912, -0.17200662, -0.05780127, -0.23731896, 0.02768055, 0.02002117, 99.97200775, 113.23978424, 32.52000046, 0.00000000
1, 53.2900, 5696, 0.19467254, -0.97004199, 0.09315503, -0.42803457, 41.48390961, 54.24890137, -22.97573853, 10.81555080, -76.23501587, 101.69605255, -12.50303936, -15.98261356, -0.63327014, 0.75381851, -0.17525278, -0.00363040, -0.41136980, 0.01396878, 0.10413876, 99.97200775, 113.23978424, 32.52000046, 0.00000000
1, 53.2950, 5697, 0.24643071, -0.97017586, 0.06181891, -0.35691741, 36.47994614, 58.15973282, -23.50189972, 10.49400711, -75.65039063, 101.66797638, -12.82455540, -15.85935116, -0.63356310, 0.75337076, -0.17615236, -0.00082360, -0.46716928, 0.01488367, 0.13457327, 99.97200775, 113.23978424, 32.52000046, 0.00000000
1, 53.3000, 5698, 0.27810103, -0.99340296, 0.04382037, -0.60542685, 31.87893867, 64.04715729, -23.50189972, 10.49400711, -75.65039063, 101.64452362, -13.17024612, -15.76495266, -0.63382274, 0.75286418, -0.17737095, 0.00199355, -0.50454497, 0.03934564, 0.15192994, 99.97200775, 113.23978424, 32.52000046, 0.00000000
1, 53.3050, 5699, 0.25122538, -0.99380553, 0.01662598, -0.28128248, 26.65582657, 68.47531891, -24.34960556, 10.93247604, -76.03040314, 101.62928009, -13.53237438, -15.70115852, -0.63402402, 0.75232548, -0.17887776, 0.00476462, -0.48370254, 0.04113925, 0.17846565, 99.97200775, 113.23978424, 32.52000046, 0.00000000
1, 53.3100, 5700, 0.16977037, -0.98517001, -0.07010520, 0.74859989, 18.99627304, 73.08178711, -24.34960556, 10.93247604, -76.03040314, 101.62906647, -13.90937710, -15.68057251, -0.63412404, 0.75177312, -0.18074562, 0.00742020, -0.40837550, 0.03414046, 0.26464173, 99.97200775, 113.23978424, 32.52000046, 0.00000000
1, 53.3150, 5701, 0.11170457, -0.98764038, -0.11801288, 2.95900035, 16.42261505, 76.63773346, -24.34960556, 10.93247604, -76.03040314, 101.64386749, -14.30120850, -15.67666721, -0.63412267, 0.75124639, -0.18279840, 0.01010732, -0.35675836, 0.03833146, 0.31225222, 99.97200775, 113.23978424, 32.52000046, 0.00000000
1, 53.3200, 5702, 0.11409096, -1.01370776, -0.09028997, 4.93989992, 15.10851288, 79.87609863, -25.08038521, 10.52323914, -75.67962646, 101.67111969, -14.70755863, -15.68289471, -0.63403654, 0.75074035, -0.18499030, 0.01285683, -0.36602360, 0.06615036, 0.28454638, 99.97200775, 113.23978424, 32.52000046, 0.00000000
1, 53.3250, 5703, 0.13725711, -1.05298281, -0.06028504, 5.42206717, 11.36646748, 83.60144806, -25.08038521, 10.52323914, -75.67962646, 101.70684052, -15.12839985, -15.71222401, -0.63389367, 0.75021011, -0.18740524, 0.01559097, -0.39630601, 0.10731530, 0.25471497, 99.97200775, 113.23978424, 32.52000046, 0.00000000
1, 53.3300, 5704, 0.13225396, -1.09445810, -0.05416480, 3.85143661, 6.89820480, 87.82636261, -25.02192307, 10.55247021, -75.91347504, 101.74221802, -15.56541920, -15.76898956, -0.63375354, 0.74959433, -0.19008054, 0.01828319, -0.39860514, 0.15084806, 0.24870771, 99.97200775, 113.23978424, 32.52000046, 0.00000000
1, 53.3350, 5705, 0.10729852, -1.12586427, -0.01892493, 1.87046158, 4.05830336, 92.27057648, -25.02192307, 10.55247021, -75.91347504, 101.77349091, -16.02131844, -15.84526539, -0.63364094, 0.74887782, -0.19297844, 0.02098931, -0.38131672, 0.18439032, 0.21345267, 99.97200775, 113.23978424, 32.52000046, 0.00000000
1, 53.4450, 5706, 0.22650532, -1.49154484, 0.21229456, 6.33690834, 22.56744766, 156.16944885, -33.29435730, 11.28325081, -76.93656921, 102.70995331, -29.60323524, -17.25136185, -0.62686718, 0.72264367, -0.27098733, 0.10672255, -0.71802336, 0.64132583, -0.02274782, 99.97200775, 113.23978424, 32.52000046, 0.00000000
1, 53.4500, 5707, 0.17131352, -1.53815401, 0.22503924, 7.21610117, 29.73639107, 158.22193909, -33.29435730, 11.28325081, -76.93656921, 102.76416779, -30.40760994, -17.28375816, -0.62623012, 0.72082406, -0.27511150, 0.11208144, -0.67497325, 0.69487464, -0.03637587, 99.97200775, 113.23978424, 32.52000046, 0.00000000
1, 53.4550, 5708, 0.11748344, -1.59535265, 0.23890613, 8.46992493, 41.41592026, 161.14833069, -34.81438065, 11.83864307, -76.64425659, 102.79347229, -31.23905945, -17.25451088, -0.62564766, 0.71890992, -0.27898762, 0.11789651, -0.63355654, 0.75931621, -0.05155636, 99.97200775, 113.23978424, 32.52000046, 0.00000000
1, 53.4600, 5709, 0.13021298, -1.65155649, 0.23131208, 10.91359615, 57.69797134, 164.30950928, -34.81438065, 11.83864307, -76.64425659, 102.78775787, -32.10379028, -17.13595200, -0.62513590, 0.71690083, -0.28248912, 0.12433119, -0.65901375, 0.82314885, -0.04569945, 99.97200775, 113.23978424, 32.52000046, 0.00000000
1, 53.4650, 5710, 0.23717235, -1.74445808, 0.19479808, 14.06556129, 77.09467316, 167.11524963, -34.81438065, 11.83864307, -76.64425659, 102.73692322, -33.00339127, -16.90709496, -0.62471122, 0.71479458, -0.28551337, 0.13147952, -0.77901918, 0.92409259, -0.01147148, 99.97200775, 113.23978424, 32.52000046, 0.00000000
1, 53.4700, 5711, 0.42779547, -1.87167811, 0.24237327, 24.97229004, 92.45164490, 165.37951660, -36.01286316, 12.42326832, -76.73194885, 102.68504333, -33.91097641, -16.58281898, -0.62410551, 0.71287203, -0.28798160, 0.13918503, -0.98301357, 1.05952978, -0.06146450, 99.97200775, 113.23978424, 32.52000046, 0.00000000
1, 53.4750, 5712, 0.71796954, -1.97899246, 0.34620458, 23.85755157, 128.39190674, 163.79672241, -36.01286316, 12.42326832, -76.73194885, 102.49868011, -34.84922028, -16.03812981, -0.62394881, 0.71066630, -0.28940558, 0.14793879, -1.28688931, 1.17511129, -0.16880545, 99.97200775, 113.23978424, 32.52000046, 0.00000000
1, 53.4800, 5713, 0.81130987, -1.92651451, 0.35829553, 15.94896412, 136.92874146, 157.89660645, -37.44519043, 13.03712368, -77.28733826, 102.22533417, -35.76599503, -15.42389393, -0.62413090, 0.70820516, -0.29044142, 0.15668419, -1.39345646, 1.13088393, -0.18611053, 99.97200775, 113.23978424, 32.52000046, 0.00000000
1, 53.4850, 5714, 0.76305729, -1.81454730, 0.24148789, 7.01161957, 139.23500061, 151.44050598, -37.44519043, 13.03712368, -77.28733826, 101.87847137, -36.65094757, -14.77428436, -0.62461156, 0.70550793, -0.29125318, 0.16519885, -1.35752726, 1.02708602, -0.07571080, 99.97200775, 113.23978424, 32.52000046, 0.00000000
1, 53.4900, 5715, 0.64854324, -1.71002603, -0.03027300, 5.48171663, 137.58978271, 143.91961670, -37.44519043, 13.03712368, -77.28733826, 101.49188995, -37.45004272, -14.10157204, -0.62525040, 0.70288146, -0.29161614, 0.17314665, -1.25395322, 0.93045419, 0.18900532, 99.97200775, 113.23978424, 32.52000046, 0.00000000
1, 53.6250, 5716, -0.19838524, -0.35887739, 0.15272091, -50.26625824, -5.58833742, -1.16542387, -49.13768005, 20.69570351, -82.25665283, 92.50562286, -51.96477127, -2.72832823, -0.62894756, 0.64198816, -0.31830677, 0.30159083, -0.58969158, -0.25682771, -0.12637316, 99.97200775, 113.23978424, 32.52000046, 0.00000000
1, 53.6300, 5717, -0.09519804, -0.26049185, 0.07007398, -48.94107437, -26.77281761, -13.56992531, -49.72230148, 21.74802589, -82.92897034, 92.42797852, -51.89208984, -2.94074655, -0.63012147, 0.64118093, -0.31931034, 0.29979134, -0.69206667, -0.35590416, -0.04449460, 99.97200775, 113.23978424, 32.52000046, 0.00000000
1, 53.6350, 5718, -0.00931458, -0.11443064, -0.06022949, -46.44758224, -48.28281403, -29.43216896, -49.72230148, 21.74802589, -82.92897034, 92.49440765, -51.73568344, -3.32117963, -0.63112867, 0.64093822, -0.32042849, 0.29698569, -0.77620870, -0.50353885, 0.08667200, 99.97200775, 113.23978424, 32.52000046, 0.00000000
1, 53.6400, 5719, 0.02979936, -0.04123627, -0.09310913, -40.73166275, -67.92290497, -42.20627213, -49.80999756, 21.66033363, -82.60742188, 92.62593842, -51.49786758, -3.79234314, -0.63218892, 0.64103639, -0.32145476, 0.29338777, -0.81292975, -0.57954371, 0.12114868, 99.97200775, 113.23978424, 32.52000046, 0.00000000
1, 53.6450, 5720, 0.10091555, 0.05878825, -0.08626021, -28.91323471, -95.86231995, -58.23532104, -49.80999756, 21.66033363, -82.60742188, 93.06172180, -51.18442154, -4.53645611, -0.63239008, 0.64226866, -0.32284749, 0.28869256, -0.88077354, -0.68350679, 0.11874197, 99.97200775, 113.23978424, 32.52000046, 0.00000000
1, 53.6500, 5721, 0.14629625, 0.10162715, -0.01716132, -19.44818115, -113.79466248, -71.15664673, -49.80999756, 21.66033363, -82.60742188, 93.63996124, -50.79713821, -5.40686369, -0.63221753, 0.64414990, -0.32424486, 0.28326195, -0.92228389, -0.73112118, 0.05605238, 99.97200775, 113.23978424, 32.52000046, 0.00000000
1, 53.6550, 5722, 0.16615148, 0.11818968, 0.07367375, -11.39122105, -129.99726868, -84.08892822, -49.83922958, 21.68956375, -82.22741699, 94.33580780, -50.33367157, -6.38288116, -0.63172406, 0.64660978, -0.32561418, 0.27712086, -0.93744814, -0.75332570, -0.02692276, 99.97200775, 113.23978424, 32.52000046, 0.00000000
1, 53.6600, 5723, 0.14904679, 0.11766036, 0.15159629, -4.90095854, -140.02888489, -96.36345673, -49.83922958, 21.68956375, -82.22741699, 95.09743500, -49.79708099, -7.40960932, -0.63102192, 0.64951122, -0.32681981, 0.27043575, -0.91474354, -0.75919223, -0.09599423, 99.97200775, 113.23978424, 32.52000046, 0.00000000
1, 53.6650, 5724, 0.11415805, 0.09843213, 0.19889483, -0.45029387, -143.27432251, -109.11625671, -49.34229660, 21.39725113, -81.61356354, 95.86876678, -49.18661880, -8.42872047, -0.63026154, 0.65271699, -0.32768223, 0.26335409, -0.87328398, -0.74707234, -0.13399968, 99.97200775, 113.23978424, 32.52000046, 0.00000000
1, 53.6700, 5725, 0.06756150, 0.04053770, 0.21205588, 2.75459361, -143.59492493, -122.27420807, -49.34229660, 21.39725113, -81.61356354, 96.62282562, -48.50179291, -9.41386604, -0.62951648, 0.65615982, -0.32812151, 0.25592887, -0.81908703, -0.69701648, -0.13780311, 99.97200775, 113.23978424, 32.52000046, 0.00000000
1, 53.7500, 5726, -0.19956817, -0.37192592, 0.08509889, -38.17088318, -34.54689026, -260.76486206, -45.01607513, 17.94796753, -78.39812469, 99.38409424, -31.99514771, -15.15083694, -0.64412260, 0.70314527, -0.27336451, 0.12635133, -0.33533800, -0.46180013, 0.05237669, 99.97200775, 113.23978424, 32.52000046, 0.00000000
1, 53.7550, 5727, -0.17880432, -0.41183475, 0.10774890, -38.25424576, -35.67818832, -270.32498169, -44.13914108, 16.36948204, -78.39812469, 99.16545868, -30.63286209, -15.10464764, -0.64632887, 0.70542216, -0.26628593, 0.11717685, -0.33613169, -0.43463618, 0.02849820, 99.97200775, 113.23978424, 32.52000046, 0.00000000
1, 53.7600, 5728, -0.17213027, -0.45591697, 0.12106856, -37.94650269, -36.30162430, -277.66961670, -44.13914108, 16.36948204, -78.39812469, 98.95098877, -29.23367119, -15.06200027, -0.64846069, 0.70769119, -0.25895825, 0.10776165, -0.32188860, -0.40316707, 0.01385711, 99.97200775, 113.23978424, 32.52000046, 0.00000000
1, 53.7650, 5729, -0.15841465, -0.50994873, 0.13173814, -37.89218903, -36.41931915, -284.40319824, -43.02835464, 15.46331501, -77.98889160, 98.73828125, -27.80099106, -15.02071285, -0.65052056, 0.70992792, -0.25138587, 0.09813568, -0.31386006, -0.36151642, 0.00177090, 99.97200775, 113.23978424, 32.52000046, 0.00000000
1, 53.7700, 5730, -0.14152503, -0.56140602, 0.14044358, -37.76099396, -36.92845154, -290.76141357, -43.02835464, 15.46331501, -77.98889160, 98.52887726, -26.33637810, -14.98342228, -0.65249258, 0.71212423, -0.24358997, 0.08829850, -0.30820537, -0.32214379, -0.00842950, 99.97200775, 113.23978424, 32.52000046, 0.00000000
1, 53.7750, 5731, -0.13321269, -0.60873985, 0.14585719, -37.47457123, -38.45244980, -296.86541748, -43.02835464, 15.46331501, -77.98889160, 98.32592010, -24.84034729, -14.95590687, -0.65435255, 0.71427810, -0.23560570, 0.07822777, -0.29317904, -0.28653669, -0.01540069, 99.97200775, 113.23978424, 32.52000046, 0.00000000
1, 53.7800, 5732, -0.13388132, -0.65993524, 0.14381291, -37.07892227, -39.99550629, -302.13000488, -41.36217499, 15.05407715, -77.66735077, 98.12976837, -23.31707764, -14.93871784, -0.65608716, 0.71637642, -0.22745885, 0.06794858, -0.26841152, -0.24663460, -0.01497585, 99.97200775, 113.23978424, 32.52000046, 0.00000000
1, 53.7850, 5733, -0.13342337, -0.70468545, 0.15197641, -36.65275192, -41.21496582, -307.80789185, -41.36217499, 15.05407715, -77.66735077, 97.93914032, -21.76481819, -14.92958641, -0.65769380, 0.71841538, -0.21912704, 0.05746017, -0.24405849, -0.21272931, -0.02478757, 99.97200775, 113.23978424, 32.52000046, 0.00000000
1, 53.7900, 5734, -0.12978233, -0.75421631, 0.15329191, -36.61284637, -42.85478210, -313.52593994, -39.63753128, 13.41712952, -77.72580719, 97.75822449, -20.16775894, -14.93211174, -0.65914053, 0.72043639, -0.21054536, 0.04664673, -0.22199143, -0.17357320, -0.02776688, 99.97200775, 113.23978424, 32.52000046, 0.00000000
1, 53.7950, 5735, -0.13449910, -0.78960097, 0.14920497, -36.45140076, -45.83951187, -319.76831055, -39.63753128, 13.41712952, -77.72580719, 97.57775879, -18.55314636, -14.94963646, -0.66046971, 0.72232288, -0.20188734, 0.03565101, -0.19075556, -0.14801642, -0.02538832, 99.97200775, 113.23978424, 32.52000046, 0.00000000
1, 53.9000, 5736, 0.04423512, -2.13359332, -0.20444900, -45.66402817, 24.16228485, -296.32025146, -16.89564514, 11.19555664, -73.54574585, 96.78129578, 19.46371269, -10.73518372, -0.63979977, 0.74419892, 0.04282057, -0.18705785, 0.28356308, 1.19571018, 0.31325656, 99.97200775, 113.23978424, 32.52000046, 0.00000000
1, 53.9050, 5737, 0.01337751, -1.82844329, -0.18682343, -40.76701736, -10.52164459, -271.55111694, -16.89564514, 11.19555664, -73.54574585, 96.61184692, 20.81795502, -10.62471104, -0.63890642, 0.74239033, 0.05166288, -0.19490038, 0.33705020, 0.89831525, 0.29240769, 99.97200775, 113.23978424, 32.52000046, 0.00000000
1, 53.9100, 5738, -0.28258955, -1.51442742, 0.01706701, -23.86030006, -41.61544037, -248.39154053, -16.89564514, 11.19555664, -73.54574585, 96.46273041, 22.07508087, -10.69726944, -0.63764530, 0.74074459, 0.05873761, -0.20311567, 0.65336192, 0.59167498, 0.08484456, 99.97200775, 113.23978424, 32.52000046, 0.00000000
1, 53.9150, 5739, -0.78653198, -1.19403613, 0.42921773, -6.39395380, -58.90532303, -219.61724854, -14.46945286, 13.15404797, -74.18883514, 96.35614777, 23.19879532, -10.88367176, -0.63604569, 0.73942626, 0.06424135, -0.21111070, 1.17509818, 0.27807960, -0.33078831, 99.97200775, 113.23978424, 32.52000046, 0.00000000
1, 53.9200, 5740, -1.07139719, -1.07831681, 0.68071830, 2.03451419, -59.33345795, -195.68894958, -14.46945286, 13.15404797, -74.18883514, 96.28089905, 24.20363235, -11.09000778, -0.63433635, 0.73834163, 0.06887877, -0.21845992, 1.47591376, 0.16893983, -0.58496892, 99.97200775, 113.23978424, 32.52000046, 0.00000000
1, 53.9250, 5741, -1.47025514, -0.89934623, 1.01931715, 3.49608135, -38.47762680, -167.02848816, -12.89096737, 13.27097321, -73.98421478, 96.24991608, 25.05465317, -11.20162773, -0.63274342, 0.73753589, 0.07315399, -0.22433290, 1.88795042, -0.00433145, -0.92558050, 99.97200775, 113.23978424, 32.52000046, 0.00000000
1, 53.9300, 5742, -1.56912231, -0.79722929, 0.93006009, 3.30695128, -5.52596283, -142.26496887, -12.89096737, 13.27097321, -73.98421478, 96.28807831, 25.76485443, -11.14734364, -0.63126141, 0.73709321, 0.07754248, -0.22845110, 1.99884641, -0.10074313, -0.83671057, 99.97200775, 113.23978424, 32.52000046, 0.00000000
1, 53.9350, 5743, -1.51443076, -0.74486208, 0.58612144, 5.09368134, 16.55158234, -106.28865814, -12.89096737, 13.27097321, -73.98421478, 96.38066864, 26.28420830, -10.99150372, -0.62998337, 0.73702192, 0.08136407, -0.23086689, 1.95396924, -0.14808704, -0.49175259, 99.97200775, 113.23978424, 32.52000046, 0.00000000
1, 54.1850, 5744, 0.44602495, -0.88814569, 0.20991243, 0.79770613, -33.86769104, 52.15684891, -22.36188316, 10.08477020, -69.86260986, 101.60230255, -0.17547214, -20.17030525, -0.62245560, 0.76281250, -0.13665660, -0.10950447, -0.44865268, -0.09177570, -0.00919876, 99.97200775, 113.23978424, 32.52000046, 0.00000000
1, 54.1900, 5745, 0.21738204, -0.81309223, 0.15893897, 9.34769917, -57.61246872, 56.24913788, -22.36188316, 10.08477020, -69.86260986, 101.64639282, -0.34517938, -20.50820923, -0.62203890, 0.76247644, -0.13986835, -0.11015594, -0.22327465, -0.16661240, 0.04191497, 99.97200775, 113.23978424, 32.52000046, 0.00000000
1, 54.1950, 5746, -0.05462160, -0.86476588, 0.12364059, 17.59483719, -68.59156036, 58.05570602, -22.36188316, 10.08477020, -69.86260986, 101.73820496, -0.56038082, -20.90248871, -0.62130511, 0.76226789, -0.14374536, -0.11074790, 0.04546508, -0.11457542, 0.07781057, 99.97200775, 113.23978424, 32.52000046, 0.00000000
1, 54.2000, 5747, -0.15357593, -0.90677667, 0.15283987, 20.61546898, -68.57861328, 57.14125443, -22.97573853, 10.99093819, -70.21338654, 101.84657288, -0.77040297, -21.29614830, -0.62045664, 0.76213479, -0.14760371, -0.11134365, 0.14064556, -0.07220215, 0.05007305, 99.97200775, 113.23978424, 32.52000046, 0.00000000
1, 54.2050, 5748, -0.30132344, -0.96214092, 0.21194422, 20.09530067, -61.73273849, 53.24499512, -22.97573853, 10.99093819, -70.21338654, 101.95311737, -0.96758860, -21.65273476, -0.61964172, 0.76203454, -0.15114211, -0.11181980, 0.28475028, -0.01649206, -0.00762576, 99.97200775, 113.23978424, 32.52000046, 0.00000000
1, 54.2100, 5749, -0.41335526, -0.99078012, 0.24782975, 17.71214676, -53.94431305, 48.58871841, -22.50803757, 11.10786343, -69.77491760, 102.04806519, -1.14944291, -21.96679115, -0.61892760, 0.76192904, -0.15430172, -0.11217776, 0.39345062, 0.01249768, -0.04218189, 99.97200775, 113.23978424, 32.52000046, 0.00000000
1, 54.2150, 5750, -0.51288939, -1.01291084, 0.29625592, 15.83375740, -43.71953583, 44.19440079, -22.50803757, 11.10786343, -69.77491760, 102.13339996, -1.31995618, -22.22655869, -0.61831766, 0.76184535, -0.15702818, -0.11232664, 0.48984635, 0.03493122, -0.08940444, 99.97200775, 113.23978424, 32.52000046, 0.00000000
1, 54.2200, 5751, -0.56774098, -1.02299702, 0.30449852, 14.93741894, -32.21213150, 40.41404724, -22.50803757, 11.10786343, -69.77491760, 102.21347046, -1.48366725, -22.42636299, -0.61779398, 0.76181424, -0.15931268, -0.11220114, 0.54179287, 0.04536610, -0.09644177, 99.97200775, 113.23978424, 32.52000046, 0.00000000
1, 54.2250, 5752, -0.59888673, -1.03764808, 0.34774464, 15.92078018, -20.14351845, 37.14891815, -22.42034531, 11.04940033, -70.12569427, 102.29726410, -1.64384007, -22.56396294, -0.61730295, 0.76188785, -0.16116680, -0.11175595, 0.57002854, 0.06032582, -0.13839100, 99.97200775, 113.23978424, 32.52000046, 0.00000000
1, 54.2300, 5753, -0.58984715, -1.05453014, 0.40259880, 14.91114426, -4.80716991, 34.89839935, -22.42034531, 11.04940033, -70.12569427, 102.37406158, -1.80909359, -22.62444687, -0.61694026, 0.76202232, -0.16252689, -0.11086905, 0.55800241, 0.07749458, -0.19191837, 99.97200775, 113.23978424, 32.52000046, 0.00000000
1, 54.3400, 5754, -0.06983264, -1.02709532, 0.23182397, 3.05946684, 35.29400635, 27.31216049, -25.51885414, 10.96170712, -69.77491760, 102.74674225, -5.40411282, -18.84708023, -0.62116426, 0.76501238, -0.15680069, -0.06576247, -0.02427027, 0.05562491, -0.01404590, 99.97200775, 113.23978424, 32.52000046, 0.00000000
1, 54.3450, 5755, -0.09879998, -1.03264546, 0.25209880, 3.07410097, 37.19212341, 28.05825996, -25.51885414, 10.96170712, -69.77491760, 102.74795532, -5.58169842, -18.69566345, -0.62139308, 0.76501125, -0.15673439, -0.06373918, 0.00168159, 0.06143135, -0.03440499, 99.97200775, 113.23978424, 32.52000046, 0.00000000
1, 54.3500, 5756, -0.13547795, -1.03313351, 0.26344812, 2.57337213, 40.48400497, 28.59877396, -26.16194153, 11.02016926, -68.83952332, 102.74468231, -5.76552248, -18.52865410, -0.62165982, 0.76499885, -0.15659463, -0.06159461, 0.03516375, 0.06219700, -0.04595054, 99.97200775, 113.23978424, 32.52000046, 0.00000000
1, 54.3550, 5757, -0.15597109, -1.02033234, 0.26789996, 2.38527107, 44.27856445, 28.62151146, -26.16194153, 11.02016926, -68.83952332, 102.73799896, -5.95360231, -18.34298897, -0.62195587, 0.76498759, -0.15635124, -0.05932390, 0.05239903, 0.04968842, -0.05060581, 99.97200775, 113.23978424, 32.52000046, 0.00000000
1, 54.3600, 5758, -0.15334196, -0.99853516, 0.25769234, 2.24997330, 49.51010132, 28.29225159, -26.54194641, 11.22478771, -68.89797974, 102.72727203, -6.14577579, -18.13120461, -0.62228763, 0.76498401, -0.15595339, -0.05688831, 0.04647635, 0.02821127, -0.04059675, 99.97200775, 113.23978424, 32.52000046, 0.00000000
1, 54.3650, 5759, -0.12483358, -0.98197007, 0.24650608, 2.59216857, 53.46032715, 27.82121658, -26.54194641, 11.22478771, -68.89797974, 102.71536255, -6.33992243, -17.89940262, -0.62262964, 0.76499766, -0.15543218, -0.05433123, 0.01463162, 0.01197583, -0.02959191, 99.97200775, 113.23978424, 32.52000046, 0.00000000
1, 54.3700, 5760, -0.08125103, -0.97194409, 0.24321988, 3.32751417, 60.16842651, 27.23564911, -26.54194641, 11.22478771, -68.89797974, 102.70256042, -6.53847504, -17.63387299, -0.62298632, 0.76504546, -0.15470922, -0.05156106, -0.03236707, 0.00228111, -0.02647913, 99.97200775, 113.23978424, 32.52000046, 0.00000000
1, 54.3750, 5761, -0.04387865, -0.96201539, 0.22646657, 3.76920819, 61.87900162, 27.23574448, -26.57117844, 11.72171879, -69.01490784, 102.69006348, -6.73883295, -17.35979462, -0.62333459, 0.76510268, -0.15393940, -0.04873051, -0.07316205, -0.00727797, -0.00991855, 99.97200775, 113.23978424, 32.52000046, 0.00000000
1, 54.3800, 5762, -0.00386983, -0.95127916, 0.20522532, 4.36760139, 62.43716049, 27.41669464, -26.57117844, 11.72171879, -69.01490784, 102.67925262, -6.94062090, -17.08301926, -0.62366164, 0.76516920, -0.15316026, -0.04587204, -0.11660846, -0.01761670, 0.01115850, 99.97200775, 113.23978424, 32.52000046, 0.00000000
1, 54.3850, 5763, 0.03383319, -0.94664979, 0.19152479, 4.54929304, 62.21905136, 27.86486435, -27.30195808, 11.54633141, -68.66413116, 102.66862488, -7.14429331, -16.80764389, -0.62397611, 0.76523095, -0.15240096, -0.04300698, -0.15779778, -0.02184262, 0.02468655, 99.97200775, 113.23978424, 32.52000046, 0.00000000
1, 54.4900, 5764, -0.14540346, -1.09457743, 0.30806673, 1.07511115, 58.35557175, 41.10177231, -30.10815430, 11.13709450, -69.01490784, 102.58174133, -11.88603401, -13.84931469, -0.62720990, 0.76266861, -0.15785192, 0.00521396, -0.06042220, 0.13884690, -0.09691774, 99.97200775, 113.23978424, 32.52000046, 0.00000000
1, 54.4950, 5765, -0.13745598, -1.09857142, 0.25426182, 0.44073924, 57.89485550, 41.20402527, -31.10201645, 11.57556248, -69.33644867, 102.53376007, -12.14966774, -13.60578918, -0.62757862, 0.76238358, -0.15763275, 0.00827153, -0.07252104, 0.14365834, -0.04400063, 99.97200775, 113.23978424, 32.52000046, 0.00000000
1, 54.5000, 5766, -0.10930891, -1.09486353, 0.28844249, 0.53801566, 58.88357544, 42.13770676, -31.10201645, 11.57556248, -69.33644867, 102.48423004, -12.41871357, -13.35787106, -0.62794441, 0.76208693, -0.15741582, 0.01138814, -0.10531157, 0.14067857, -0.07912669, 99.97200775, 113.23978424, 32.52000046, 0.00000000
1, 54.5050, 5767, -0.08295386, -1.08545077, 0.28781304, -0.57677490, 60.07371902, 42.95141983, -31.10201645, 11.57556248, -69.33644867, 102.42675781, -12.69280529, -13.10437775, -0.62834871, 0.76174581, -0.15719235, 0.01455897, -0.13631779, 0.13206945, -0.07956017, 99.97200775, 113.23978424, 32.52000046, 0.00000000
1, 54.5100, 5768, -0.05467677, -1.05712998, 0.23130073, -1.96528339, 60.42007828, 43.99385834, -31.74510384, 11.86787510, -69.10260010, 102.36091614, -12.97211075, -12.84972000, -0.62879401, 0.76135129, -0.15699333, 0.01776035, -0.16918543, 0.10465379, -0.02422476, 99.97200775, 113.23978424, 32.52000046, 0.00000000
1, 54.5150, 5769, -0.00358287, -1.02854609, 0.17149881, -1.52344084, 59.51695251, 45.50900650, -31.74510384, 11.86787510, -69.10260010, 102.29735565, -13.25756645, -12.60061264, -0.62921047, 0.76095134, -0.15686722, 0.02097631, -0.22495601, 0.07702469, 0.03443495, 99.97200775, 113.23978424, 32.52000046, 0.00000000
1, 54.5200, 5770, 0.06179897, -1.01690996, 0.14934129, -1.04100108, 58.41675949, 48.00040054, -32.30049515, 11.66325665, -69.59953308, 102.23675537, -13.55377007, -12.35913754, -0.62959421, 0.76054037, -0.15685192, 0.02422724, -0.29525959, 0.06635708, 0.05551174, 99.97200775, 113.23978424, 32.52000046, 0.00000000
1, 54.5250, 5771, 0.12621167, -1.01069915, 0.14706500, -1.01804721, 57.16402435, 50.87957764, -32.30049515, 11.66325665, -69.59953308, 102.17716217, -13.86249638, -12.12643528, -0.62995833, 0.76010364, -0.15696473, 0.02751602, -0.36485302, 0.06116413, 0.05669738, 99.97200775, 113.23978424, 32.52000046, 0.00000000
1, 54.5300, 5772, 0.20845912, -1.00968909, 0.10714653, -0.90051568, 54.05705261, 54.13398361, -32.30049515, 11.66325665, -69.59953308, 102.12144470, -14.18366241, -11.91225815, -0.63028610, 0.75964320, -0.15726897, 0.03079205, -0.45238769, 0.06132279, 0.09559324, 99.97200775, 113.23978424, 32.52000046, 0.00000000
1, 54.5350, 5773, 0.24167065, -0.99634099, 0.06095200, -0.51536930, 46.77470398, 58.75765228, -32.73896408, 11.66325665, -69.04413605, 102.07671356, -14.51966763, -11.73920441, -0.63053769, 0.75916338, -0.15792459, 0.03395673, -0.49111825, 0.04928525, 0.14081666, 99.97200775, 113.23978424, 32.52000046, 0.00000000
1, 54.6700, 5774, 0.15835948, -1.49316633, 0.11347087, 2.05363631, 26.62074280, 155.54942322, -41.01139832, 12.71557999, -68.07950592, 102.33300781, -29.62871933, -11.85338116, -0.62354124, 0.73249733, -0.23723431, 0.13551368, -0.65000743, 0.64210457, 0.07039769, 99.97200775, 113.23978424, 32.52000046, 0.00000000
1, 54.6750, 5775, 0.13052081, -1.52453887, 0.11172650, 4.12375927, 35.51920700, 158.53933716, -41.01139832, 12.71557999, -68.07950592, 102.35242462, -30.44099998, -11.84715080, -0.62281483, 0.73074961, -0.24129309, 0.14101198, -0.63436806, 0.68039048, 0.07086065, 99.97200775, 113.23978424, 32.52000046, 0.00000000
1, 54.6800, 5776, 0.11307944, -1.57631278, 0.12831439, 6.91296673, 46.87989426, 162.24478149, -41.01139832, 12.71557999, -68.07950592, 102.35499573, -31.28342056, -11.78095150, -0.62206370, 0.72893101, -0.24513043, 0.14699486, -0.62949622, 0.73941410, 0.05266377, 99.97200775, 113.23978424, 32.52000046, 0.00000000
1, 54.6850, 5777, 0.14582360, -1.64215553, 0.13565002, 10.01760769, 61.61687469, 166.16690063, -42.79450226, 13.82636642, -68.86875153, 102.32990265, -32.16057968, -11.63418388, -0.62131077, 0.72701895, -0.24865736, 0.15357700, -0.67518252, 0.81292713, 0.04335167, 99.97200775, 113.23978424, 32.52000046, 0.00000000
1, 54.6900, 5778, 0.23116171, -1.72473037, 0.10238837, 13.28298950, 77.52998352, 169.02839661, -42.79450226, 13.82636642, -68.86875153, 102.25908661, -33.03078842, -11.39045715, -0.62066460, 0.72505742, -0.25159317, 0.16052498, -0.77343708, 0.90343213, 0.07412025, 99.97200775, 113.23978424, 32.52000046, 0.00000000
1, 54.6950, 5779, 0.37286904, -1.85037112, 0.12901647, 20.26336861, 94.13170624, 167.72285461, -43.70067215, 15.02484608, -69.13182831, 102.17440796, -33.94929504, -11.04976177, -0.61985195, 0.72309095, -0.25418219, 0.16826949, -0.92831647, 1.03717256, 0.04460897, 99.97200775, 113.23978424, 32.52000046, 0.00000000
1, 54.7000, 5780, 0.67660511, -1.95502853, 0.20989366, 19.60926819, 109.78678894, 166.84243774, -43.70067215, 15.02484608, -69.13182831, 102.02548981, -34.87923431, -10.60927010, -0.61919409, 0.72094840, -0.25630602, 0.17646341, -1.24563897, 1.15019727, -0.03940133, 99.97200775, 113.23978424, 32.52000046, 0.00000000
1, 54.7050, 5781, 0.78827661, -1.92512894, 0.19906171, 14.93850899, 119.22114563, 165.37417603, -43.70067215, 15.02484608, -69.13182831, 101.80847168, -35.81054688, -10.10168839, -0.61875206, 0.71856695, -0.25814480, 0.18484819, -1.37057638, 1.12887573, -0.03293440, 99.97200775, 113.23978424, 32.52000046, 0.00000000
1, 54.7100, 5782, 0.84289253, -1.83225071, 0.16093208, 11.41744995, 126.93566132, 160.48524475, -45.65916443, 15.58023930, -68.69336700, 101.52943420, -36.72385788, -9.53018570, -0.61849725, 0.71602619, -0.25962937, 0.19328813, -1.43808007, 1.04453087, -0.00018061, 99.97200775, 113.23978424, 32.52000046, 0.00000000
1, 54.7150, 5783, 0.77033919, -1.77922904, 0.02335550, 10.39346313, 127.71768188, 153.61164856, -45.65916443, 15.58023930, -68.69336700, 101.22246552, -37.60188675, -8.93289089, -0.61829329, 0.71347284, -0.26086703, 0.20153984, -1.37756348, 1.00002408, 0.13134359, 99.97200775, 113.23978424, 32.52000046, 0.00000000
1, 54.8250, 5784, -0.79297870, -0.47992435, 0.23532459, -31.32296371, -17.81971169, 70.19391632, -54.42852783, 20.49108505, -70.35954285, 96.15149689, -51.67041397, -2.40631747, -0.60804284, 0.66340244, -0.30516529, 0.31153715, 0.00883716, -0.13821305, -0.17154232, 99.97200775, 113.23978424, 32.52000046, 0.00000000
1, 54.8300, 5785, -0.85411954, -0.49461618, 0.26979983, -34.24744034, -18.53512764, 64.07996368, -54.16544724, 20.81262779, -70.65185547, 96.14134216, -51.97967148, -2.61020446, -0.60790813, 0.66189033, -0.30797431, 0.31225106, 0.06645827, -0.11924735, -0.20665503, 99.97200775, 113.23978424, 32.52000046, 0.00000000
1, 54.8350, 5786, -0.81455958, -0.55613315, 0.28946939, -43.26993179, -10.10604382, 53.52955246, -54.16544724, 20.81262779, -70.65185547, 96.02619934, -52.24110413, -2.73764539, -0.60828561, 0.66015857, -0.31037599, 0.31280348, 0.02390358, -0.05410567, -0.22763659, 99.97200775, 113.23978424, 32.52000046, 0.00000000
1, 54.8400, 5787, -0.68860483, -0.59230101, 0.29696378, -53.93410873, -1.99185097, 39.52236557, -54.16544724, 20.81262779, -70.65185547, 95.95025635, -52.39800262, -2.90338159, -0.60879368, 0.65883631, -0.31234828, 0.31263986, -0.10414062, -0.01542970, -0.23650274, 99.97200775, 113.23978424, 32.52000046, 0.00000000
1, 54.8450, 5788, -0.51687706, -0.57872045, 0.29836732, -61.05395889, -1.87193191, 24.61352539, -54.95469284, 20.95878410, -70.44723511, 95.67353058, -52.52028275, -2.93898606, -0.61018151, 0.65690094, -0.31393993, 0.31241241, -0.27716291, -0.02755128, -0.23967856, 99.97200775, 113.23978424, 32.52000046, 0.00000000
1, 54.8500, 5789, -0.35903069, -0.47023571, 0.28055629, -66.25246429, -13.42049122, 10.38356209, -54.95469284, 20.95878410, -70.44723511, 95.43616486, -52.56642151, -3.05710602, -0.61174923, 0.65517265, -0.31550136, 0.31140113, -0.43565482, -0.13537222, -0.22404726, 99.97200775, 113.23978424, 32.52000046, 0.00000000
1, 54.8550, 5790, -0.23953444, -0.35916623, 0.20077963, -68.69351196, -32.21055603, -3.00254250, -55.04238510, 20.52031517, -70.97339630, 95.30040741, -52.53754807, -3.31876254, -0.61330390, 0.65381134, -0.31721383, 0.30945858, -0.55484486, -0.24661425, -0.14550894, 99.97200775, 113.23978424, 32.52000046, 0.00000000
1, 54.8600, 5791, -0.15884811, -0.26543769, 0.10262439, -69.39408875, -50.77959061, -16.26532555, -55.04238510, 20.52031517, -70.97339630, 95.27319336, -52.43446350, -3.72210002, -0.61479282, 0.65285623, -0.31905225, 0.30661753, -0.63438869, -0.34139961, -0.04745643, 99.97200775, 113.23978424, 32.52000046, 0.00000000
1, 54.8650, 5792, -0.07045384, -0.13110623, 0.01265882, -67.81949615, -66.36260986, -29.76631355, -55.04238510, 20.52031517, -70.97339630, 95.34456635, -52.25695801, -4.24101734, -0.61619085, 0.65232772, -0.32089931, 0.30298677, -0.72086596, -0.47772390, 0.04364926, 99.97200775, 113.23978424, 32.52000046, 0.00000000
1, 54.8700, 5793, 0.00114584, -0.02732855, -0.00423204, -64.47011566, -76.52085114, -46.63076401, -54.34083557, 19.78953552, -70.82723999, 95.48373413, -51.99012375, -4.82642794, -0.61756217, 0.65224540, -0.32248971, 0.29865271, -0.78975642, -0.58476412, 0.06258184, 99.97200775, 113.23978424, 32.52000046, 0.00000000
1, 54.9800, 5794, -0.17877740, -0.37479544, 0.09208082, -61.37818146, -38.11713028, -269.87841797, -39.75445557, 10.75708866, -69.27798462, 98.53003693, -31.67078781, -15.16157722, -0.64958698, 0.69911677, -0.27268094, 0.12213822, -0.35160458, -0.46368432, 0.03377835, 99.97200775, 113.23978424, 32.52000046, 0.00000000
1, 54.9850, 5795, -0.16387422, -0.39852926, 0.10456137, -60.32949448, -38.37247467, -277.78457642, -39.75445557, 10.75708866, -69.27798462, 98.21889496, -30.26948357, -15.14989376, -0.65241456, 0.70084184, -0.26561865, 0.11235105, -0.34578887, -0.45314527, 0.01853314, 99.97200775, 113.23978424, 32.52000046, 0.00000000
1, 54.9900, 5796, -0.13669497, -0.43549955, 0.11929066, -59.06304169, -39.29040146, -287.04132080, -39.75445557, 10.75708866, -69.27798462, 97.92726135, -28.80737686, -15.14887810, -0.65508527, 0.70268124, -0.25819144, 0.10217398, -0.35112870, -0.42929104, 0.00111653, 99.97200775, 113.23978424, 32.52000046, 0.00000000
1, 54.9950, 5797, -0.11952744, -0.46238312, 0.12738839, -57.95835876, -40.99845123, -293.89624023, -38.00058365, 10.55247021, -69.36568451, 97.63739014, -27.32441330, -15.15645123, -0.65766943, 0.70443612, -0.25061235, 0.09183790, -0.34558147, -0.41522133, -0.00967970, 99.97200775, 113.23978424, 32.52000046, 0.00000000
1, 55.0000, 5798, -0.12059223, -0.49506113, 0.13093628, -56.52419281, -43.40817261, -300.42150879, -38.00058365, 10.55247021, -69.36568451, 97.36186981, -25.80759430, -15.18075275, -0.66009295, 0.70618725, -0.24285199, 0.08123943, -0.32105783, -0.39494401, -0.01601499, 99.97200775, 113.23978424, 32.52000046, 0.00000000
1, 55.0050, 5799, -0.12091016, -0.53067875, 0.13077873, -54.95164108, -45.53397369, -307.11706543, -35.25284958, 8.27243519, -69.68722534, 97.09973145, -24.25632477, -15.21963692, -0.66234720, 0.70793092, -0.23489629, 0.07038373, -0.29642290, -0.37131876, -0.01859984, 99.97200775, 113.23978424, 32.52000046, 0.00000000
1, 55.0100, 5800, -0.13799876, -0.57563746, 0.13984640, -53.23317719, -47.90802383, -313.57501221, -35.25284958, 8.27243519, -69.68722534, 96.85137939, -22.67173386, -15.27420712, -0.66441637, 0.70966053, -0.22675945, 0.05927160, -0.25419819, -0.33790919, -0.03040845, 99.97200775, 113.23978424, 32.52000046, 0.00000000
1, 55.0150, 5801, -0.15838434, -0.62153661, 0.14374290, -51.82567215, -50.98692703, -319.80047607, -35.25284958, 8.27243519, -69.68722534, 96.61571503, -21.05464554, -15.34794426, -0.66629446, 0.71135753, -0.21847025, 0.04788528, -0.20783268, -0.30303788, -0.03700184, 99.97200775, 113.23978424, 32.52000046, 0.00000000
1, 55.0200, 5802, -0.17242000, -0.66106796, 0.13620280, -50.30508041, -54.46195984, -325.44085693, -32.88512039, 8.85705948, -69.45337677, 96.39291382, -19.40787506, -15.44281864, -0.66796565, 0.71301103, -0.21005878, 0.03623131, -0.16700184, -0.27393568, -0.03207685, 99.97200775, 113.23978424, 32.52000046, 0.00000000
1, 55.0250, 5803, -0.20493120, -0.70461369, 0.12821887, -48.10345840, -58.31970978, -330.85375977, -32.88512039, 8.85705948, -69.45337677, 96.18571472, -17.73243904, -15.56040573, -0.66939765, 0.71463013, -0.20154296, 0.02431154, -0.10694039, -0.24017569, -0.02666256, 99.97200775, 113.23978424, 32.52000046, 0.00000000
1, 55.0850, 5804, -0.45329636, -2.06755280, 0.50686067, -18.68749619, 19.64239502, -415.52819824, -17.94796753, 9.20783424, -70.85647583, 94.97244263, 4.88552284, -15.61339283, -0.66462892, 0.73353171, -0.07149711, -0.12283262, 0.52820027, 1.07345438, -0.42454144, 99.97200775, 113.23978424, 32.52000046, 0.00000000
1, 55.0900, 5805, -0.38123411, -1.87884223, 0.49177170, -27.64866066, 33.34413147, -419.29379272, -15.05407715, 9.20783424, -70.97339630, 94.87152100, 6.94915199, -15.26798820, -0.66325933, 0.73409545, -0.05703131, -0.13393457, 0.49208459, 0.88799858, -0.41101998, 99.97200775, 113.23978424, 32.52000046, 0.00000000
1, 55.0950, 5806, -0.25585869, -1.73278189, 0.49145633, -22.02993393, 42.24073029, -419.32852173, -15.05407715, 9.88015175, -70.97339630, 94.81002808, 9.02079582, -14.88029957, -0.66153878, 0.73458964, -0.04225361, -0.14477314, 0.40248203, 0.74651015, -0.41175386, 99.97200775, 113.23978424, 32.52000046, 0.00000000
1, 55.1000, 5807, -0.06262942, -1.75243640, 0.54333985, -11.33663368, 50.32537079, -414.15432739, -15.05407715, 9.88015175, -70.97339630, 94.82285309, 11.06364059, -14.45257950, -0.65930015, 0.73518842, -0.02746059, -0.15513621, 0.24445221, 0.77197671, -0.46381366, 99.97200775, 113.23978424, 32.52000046, 0.00000000
1, 55.1050, 5808, -0.35223749, -1.91360676, 0.67116082, -7.24984837, 56.42935181, -401.33691406, -12.36480522, 12.01403046, -70.73954773, 94.87723541, 13.03989792, -13.99501419, -0.65681100, 0.73569494, -0.01292077, -0.16487977, 0.56787682, 0.93995106, -0.59245741, 99.97200775, 113.23978424, 32.52000046, 0.00000000
1, 55.1100, 5809, -0.54757708, -2.18314219, 0.68432683, -4.29163027, 57.41206741, -381.58175659, -12.36480522, 12.01403046, -70.73954773, 94.96223450, 14.91680717, -13.53490543, -0.65417224, 0.73606443, 0.00099668, -0.17397404, 0.79545856, 1.21729600, -0.60589719, 99.97200775, 113.23978424, 32.52000046, 0.00000000
1, 55.1150, 5810, -0.43337184, -2.26674128, 0.73678410, -7.47277927, 61.16415787, -357.47610474, -10.46477604, 14.03098488, -69.77491760, 95.05003357, 16.67127991, -13.05910397, -0.65164161, 0.73617858, 0.01427238, -0.18221082, 0.71121037, 1.30916536, -0.65738463, 99.97200775, 113.23978424, 32.52000046, 0.00000000
1, 55.1200, 5811, -0.25100011, -2.12049770, 0.53734064, -29.50412560, 62.81230545, -329.35998535, -10.46477604, 14.03098488, -69.77491760, 95.04179382, 18.28435516, -12.58181190, -0.64988774, 0.73552752, 0.02686357, -0.18953505, 0.55681497, 1.17167830, -0.45763499, 99.97200775, 113.23978424, 32.52000046, 0.00000000
1, 55.2300, 5812, 3.05449653, -1.75021613, -1.36035359, -52.41269684, 116.06156921, 77.78967285, -11.66325665, 17.68488693, -66.73487091, 99.52658844, 18.21505547, -5.60917759, -0.63112736, 0.75785822, 0.06524184, -0.15189688, -2.73664188, 0.81635672, 1.52269340, 99.97200775, 113.23978424, 32.52000046, 0.00000000
1, 55.2350, 5813, 3.13618827, -1.53381443, -1.41204190, -60.56489944, 67.58016968, 68.78101349, -11.66325665, 17.68488693, -66.73487091, 99.31507874, 17.82004929, -5.31730175, -0.63337910, 0.75683147, 0.06522858, -0.14758870, -2.82509351, 0.59731734, 1.57232022, 99.97200775, 113.23978424, 32.52000046, 0.00000000
1, 55.2400, 5814, 2.83878493, -1.36467290, -1.28609788, -52.43686676, -50.63763809, 73.04547882, -12.36480522, 17.15872574, -66.73487091, 98.95083618, 17.50614738, -5.64195967, -0.63573569, 0.75523019, 0.06178617, -0.14713971, -2.53356838, 0.42535305, 1.44090664, 99.97200775, 113.23978424, 32.52000046, 0.00000000
1, 55.2450, 5815, 2.15953851, -1.14380431, -1.18162215, -39.18249893, -167.90737915, 83.22614288, -12.36480522, 17.15872574, -66.73487091, 98.47706604, 17.21986198, -6.57703686, -0.63798594, 0.75327212, 0.05462453, -0.15023775, -1.85937870, 0.20166928, 1.32788682, 99.97200775, 113.23978424, 32.52000046, 0.00000000
1, 55.2500, 5816, 1.33288050, -0.99696815, -1.06670606, -18.92670631, -262.88784790, 99.00164032, -12.36480522, 17.15872574, -66.73487091, 97.96276855, 16.91516685, -8.01139450, -0.63982952, 0.75121093, 0.04415893, -0.15604605, -1.03795755, 0.05190530, 1.20299673, 99.97200775, 113.23978424, 32.52000046, 0.00000000
1, 55.2550, 5817, 0.48052672, -0.97890997, -0.62209535, 0.10036351, -337.60906982, 119.27160645, -12.36480522, 16.83718109, -67.52411652, 97.43801880, 16.54734993, -9.84092426, -0.64120448, 0.74906409, 0.03080365, -0.16374078, -0.19255334, 0.03018130, 0.74790120, 99.97200775, 113.23978424, 32.52000046, 0.00000000
1, 55.2600, 5818, -0.68817836, -0.88848281, -0.13795312, 13.07080173, -383.14889526, 147.92053223, -12.36480522, 16.83718109, -67.52411652, 96.92227173, 16.04961967, -11.91656685, -0.64224052, 0.74678189, 0.01513652, -0.17208980, 0.96731883, -0.06438233, 0.25258976, 99.97200775, 113.23978424, 32.52000046, 0.00000000
1, 55.2650, 5819, -1.13475144, -0.88866925, 0.07588443, 31.22051811, -390.64181519, 170.71545410, -11.07863140, 16.07716942, -68.98567963, 96.50558472, 15.42668438, -14.03429604, -0.64264518, 0.74471885, -0.00162403, -0.17999569, 1.40341949, -0.06825963, 0.03042171, 99.97200775, 113.23978424, 32.52000046, 0.00000000
1, 55.2700, 5820, -1.62045348, -1.08511055, 0.44943264, 65.87658691, -362.52316284, 196.00680542, -11.07863140, 16.07716942, -68.98567963, 96.32394409, 14.65254688, -16.01127434, -0.64190269, 0.74359554, -0.01868407, -0.18621911, 1.87567520, 0.12373357, -0.34825158, 99.97200775, 113.23978424, 32.52000046, 0.00000000
1, 55.2750, 5821, -1.71538806, -1.43156064, 0.77449852, 85.72857666, -309.40161133, 211.84738159, -11.07863140, 16.07716942, -68.98567963, 96.33625031, 13.76844311, -17.71619415, -0.64048862, 0.74322021, -0.03492075, -0.19020684, 1.95529580, 0.46588796, -0.67421377, 99.97200775, 113.23978424, 32.52000046, 0.00000000
1, 55.3850, 5822, 0.71166366, -1.62916732, 0.25644490, 34.58249664, 101.59441376, 51.24004364, -14.90792179, 14.20637226, -68.66413116, 100.02027893, 0.74959981, -23.25251007, -0.62844354, 0.75126994, -0.15028039, -0.13441779, -0.69777369, 0.64398599, -0.08403649, 99.97200775, 113.23978424, 32.52000046, 0.00000000
1, 55.3900, 5823, 0.86500728, -1.56325996, 0.37302661, 15.81478882, 82.02493286, 47.12171555, -15.34638977, 14.41099072, -68.51797485, 100.10783386, 0.48086041, -22.88874435, -0.62865722, 0.75193423, -0.14947361, -0.13054854, -0.85656810, 0.57815683, -0.19824749, 99.97200775, 113.23978424, 32.52000046, 0.00000000
1, 55.3950, 5824, 0.94865733, -1.37494659, 0.32247651, 3.28218102, 44.50820541, 45.61587143, -15.34638977, 14.41099072, -68.51797485, 100.12596893, 0.21756428, -22.70929146, -0.62909305, 0.75198174, -0.14976357, -0.12781404, -0.94455582, 0.39000002, -0.14658973, 99.97200775, 113.23978424, 32.52000046, 0.00000000
1, 55.4000, 5825, 0.90656281, -1.12411380, 0.19193627, -1.33944476, -2.00515604, 48.84240723, -15.34638977, 14.41099072, -68.69336700, 100.11984253, -0.02118640, -22.76169586, -0.62939101, 0.75161690, -0.15141214, -0.12654392, -0.90638149, 0.13936172, -0.01578581, 99.97200775, 113.23978424, 32.52000046, 0.00000000
1, 55.4050, 5826, 0.71811801, -0.87440932, 0.07613157, 0.31324819, -42.88672256, 56.25946426, -15.37562084, 14.14791012, -68.69336700, 100.12281036, -0.26085103, -23.02182579, -0.62940115, 0.75101769, -0.15443654, -0.12639675, -0.72180831, -0.11015078, 0.09993646, 99.97200775, 113.23978424, 32.52000046, 0.00000000
1, 55.4100, 5827, 0.45268738, -0.76361489, 0.11248977, 8.98676109, -73.34307098, 62.85417557, -15.37562084, 14.14791012, -68.69336700, 100.17132568, -0.50619197, -23.43774986, -0.62894946, 0.75043404, -0.15855987, -0.12700497, -0.46072671, -0.22087285, 0.06370114, 99.97200775, 113.23978424, 32.52000046, 0.00000000
1, 55.4150, 5828, 0.21978365, -0.78845382, 0.20084788, 17.13647079, -87.63883209, 66.40563202, -16.25255775, 13.56328583, -68.69336700, 100.26323700, -0.75583470, -23.92747307, -0.62813848, 0.74995476, -0.16323371, -0.12792461, -0.23238540, -0.19588032, -0.02386127, 99.97200775, 113.23978424, 32.52000046, 0.00000000
1, 55.4200, 5829, 0.02789595, -0.85288215, 0.23148905, 20.44523621, -93.44393921, 67.10145569, -16.25255775, 13.56328583, -68.69336700, 100.37429047, -1.00282741, -24.44683456, -0.62716609, 0.74951047, -0.16810375, -0.12898833, -0.04490954, -0.13110650, -0.05325200, 99.97200775, 113.23978424, 32.52000046, 0.00000000
1, 55.4250, 5830, -0.21463679, -0.92917562, 0.22616130, 19.49101448, -97.34032440, 65.09286499, -15.84332085, 13.53405380, -68.75182343, 100.48307800, -1.23544943, -24.98407936, -0.62616849, 0.74901289, -0.17300522, -0.13023798, 0.19350386, -0.05438028, -0.04676427, 99.97200775, 113.23978424, 32.52000046, 0.00000000
1, 55.4300, 5831, -0.40270978, -0.96730089, 0.18781714, 17.03419685, -98.34593964, 59.63202667, -15.84332085, 13.53405380, -68.75182343, 100.58154297, -1.43937242, -25.52179909, -0.62519675, 0.74846339, -0.17773768, -0.13168506, 0.37800711, -0.01579294, -0.00724702, 99.97200775, 113.23978424, 32.52000046, 0.00000000
1, 55.5350, 5832, -0.03963681, -0.95044625, 0.13410448, 4.19751596, 20.63552856, 27.47406387, -18.18181801, 13.41712952, -68.22566223, 101.35982513, -5.05269814, -24.58380699, -0.62578428, 0.74920243, -0.19182754, -0.10145013, -0.04810055, -0.02644417, 0.06039743, 99.97200775, 113.23978424, 32.52000046, 0.00000000
1, 55.5400, 5833, -0.07622125, -0.95405626, 0.14393376, 3.63950539, 19.78754234, 27.77642632, -17.56796265, 12.77404213, -67.75796509, 101.34302521, -5.20484591, -24.51227379, -0.62613833, 0.74900687, -0.19215672, -0.10007691, -0.01420662, -0.02262472, 0.05038844, 99.97200775, 113.23978424, 32.52000046, 0.00000000
1, 55.5450, 5834, -0.09555706, -0.95892096, 0.15046178, 4.20223570, 20.44063187, 28.34566307, -17.56796265, 12.77404213, -67.75796509, 101.35765839, -5.36374235, -24.43937874, -0.62629342, 0.74897486, -0.19254032, -0.09859823, 0.00240157, -0.01752915, 0.04374273, 99.97200775, 113.23978424, 32.52000046, 0.00000000
1, 55.5500, 5835, -0.12179228, -0.97198617, 0.16365373, 5.14851952, 21.85048676, 29.45384026, -18.29874229, 13.30020428, -67.90412140, 101.37629700, -5.52945709, -24.36064529, -0.62643236, 0.74896371, -0.19292495, -0.09703501, 0.02575153, -0.00415930, 0.03071747, 99.97200775, 113.23978424, 32.52000046, 0.00000000
1, 55.5550, 5836, -0.14455958, -0.98632419, 0.18555649, 5.55706835, 23.57304573, 30.40105438, -18.29874229, 13.30020428, -67.90412140, 101.39601135, -5.70153379, -24.27439880, -0.62657481, 0.74896109, -0.19329461, -0.09538595, 0.04550153, 0.01049330, 0.00901122, 99.97200775, 113.23978424, 32.52000046, 0.00000000
1, 55.5600, 5837, -0.16738607, -0.99298620, 0.20427041, 5.44909954, 26.73000526, 30.89830399, -18.29874229, 13.30020428, -67.90412140, 101.41342163, -5.87916374, -24.17311287, -0.62674743, 0.74896228, -0.19359295, -0.09362088, 0.06521761, 0.01748956, -0.00952124, 99.97200775, 113.23978424, 32.52000046, 0.00000000
1, 55.5650, 5838, -0.18257546, -0.99222362, 0.21605961, 5.15043545, 30.80625725, 30.75389671, -17.91873741, 13.15404797, -68.22566223, 101.42693329, -6.06012058, -24.05160904, -0.62696147, 0.74897075, -0.19377306, -0.09172892, 0.07725218, 0.01707452, -0.02116790, 99.97200775, 113.23978424, 32.52000046, 0.00000000
1, 55.5700, 5839, -0.18808486, -1.00356174, 0.22484370, 5.41062737, 35.84971619, 31.15121651, -17.91873741, 13.15404797, -68.22566223, 101.43871307, -6.24801540, -23.90563011, -0.62720871, 0.74900013, -0.19382815, -0.08965887, 0.07951321, 0.02877865, -0.02984492, 99.97200775, 113.23978424, 32.52000046, 0.00000000
1, 55.5750, 5840, -0.18531148, -1.00975204, 0.22811374, 5.67124271, 40.95278168, 31.97057533, -19.14644814, 13.00789261, -68.05027771, 101.44863892, -6.44496775, -23.73527145, -0.62749070, 0.74904633, -0.19377014, -0.08739720, 0.07335230, 0.03536517, -0.03301481, 99.97200775, 113.23978424, 32.52000046, 0.00000000
1, 55.5800, 5841, -0.16720016, -1.00124002, 0.22840483, 5.58009481, 45.58120346, 32.11711121, -19.14644814, 13.00789261, -68.05027771, 101.45491791, -6.64722347, -23.54218292, -0.62781185, 0.74910223, -0.19358853, -0.08498073, 0.05175216, 0.02726700, -0.03320100, 99.97200775, 113.23978424, 32.52000046, 0.00000000
1, 55.5850, 5842, -0.13157882, -0.98462880, 0.21841094, 5.59364271, 50.25790024, 31.73767662, -19.14644814, 13.00789261, -68.05027771, 101.45781708, -6.85224485, -23.32555962, -0.62816662, 0.74917436, -0.19326492, -0.08242129, 0.01261395, 0.01109234, -0.02311332, 99.97200775, 113.23978424, 32.52000046, 0.00000000
1, 55.6950, 5843, -0.32958269, -0.97235394, 0.27112341, 2.42224312, 27.20788765, 44.82888794, -22.36188316, 13.15404797, -67.58258057, 101.72201538, -11.87057400, -21.10130692, -0.63189161, 0.74646509, -0.20542398, -0.03611006, 0.12425755, 0.01349225, -0.07464452, 99.97200775, 113.23978424, 32.52000046, 0.00000000
1, 55.7000, 5844, -0.28303683, -1.00635362, 0.33377641, 3.63176680, 30.11144066, 44.74248886, -23.20958710, 13.09558582, -67.40718842, 101.71896362, -12.11999607, -20.99662781, -0.63210899, 0.74621320, -0.20605245, -0.03386126, 0.07331444, 0.04825285, -0.13748688, 99.97200775, 113.23978424, 32.52000046, 0.00000000
1, 55.7050, 5845, -0.24552546, -1.05932343, 0.39772370, 2.79307222, 34.86493683, 45.21698761, -23.20958710, 13.09558582, -67.40718842, 101.70630646, -12.37653255, -20.86849594, -0.63239324, 0.74593669, -0.20656271, -0.03145207, 0.03129632, 0.10200556, -0.20177029, 99.97200775, 113.23978424, 32.52000046, 0.00000000
1, 55.7100, 5846, -0.22565912, -1.08513200, 0.34879315, 0.96121854, 38.99074173, 43.90151215, -23.20958710, 13.09558582, -67.40718842, 101.67908478, -12.63073826, -20.71807861, -0.63276857, 0.74562222, -0.20691228, -0.02896137, 0.00720290, 0.12874866, -0.15343755, 99.97200775, 113.23978424, 32.52000046, 0.00000000
1, 55.7150, 5847, -0.25149605, -1.07647777, 0.22622092, -1.09298420, 40.95117950, 42.74755859, -23.70651817, 12.92019844, -67.55334473, 101.63845062, -12.88118839, -20.55632782, -0.63322282, 0.74525911, -0.20716631, -0.02645712, 0.02906207, 0.12111117, -0.03173441, 99.97200775, 113.23978424, 32.52000046, 0.00000000
1, 55.7200, 5848, -0.27229151, -1.07322383, 0.20861606, -0.39534020, 42.01012039, 42.41339493, -23.70651817, 12.92019844, -67.55334473, 101.59922791, -13.13095188, -20.38857841, -0.63365948, 0.74491429, -0.20737961, -0.02392136, 0.04565301, 0.11870694, -0.01503174, 99.97200775, 113.23978424, 32.52000046, 0.00000000
1, 55.7250, 5849, -0.25080502, -1.06321383, 0.25053680, -0.25300914, 45.03256607, 42.79909897, -23.79421234, 12.62788677, -67.08564758, 101.55654144, -13.38550186, -20.20565796, -0.63411462, 0.74456787, -0.20752044, -0.02127531, 0.01976590, 0.10947430, -0.05777092, 99.97200775, 113.23978424, 32.52000046, 0.00000000
1, 55.7300, 5850, -0.19261503, -1.06015837, 0.28958672, -1.07788074, 48.76326752, 43.80987549, -23.79421234, 12.62788677, -67.08564758, 101.50466919, -13.64856434, -20.00454521, -0.63462645, 0.74418730, -0.20758827, -0.01848741, -0.04295309, 0.10722484, -0.09770899, 99.97200775, 113.23978424, 32.52000046, 0.00000000
1, 55.8500, 5851, 0.07131283, -1.44263268, 0.18814000, 13.99583435, 15.66942883, 129.75860596, -31.01432228, 13.35866737, -66.99795532, 102.19401550, -23.89818954, -19.79789734, -0.63294828, 0.72766083, -0.25897184, 0.05310240, -0.47428825, 0.54748040, 0.00265465, 99.97200775, 113.23978424, 32.52000046, 0.00000000
1, 55.8550, 5852, 0.11493281, -1.46013534, 0.16991170, 13.04456425, 15.55851269, 132.60729980, -31.01432228, 13.35866737, -66.99795532, 102.28943634, -24.56258202, -19.86746597, -0.63238394, 0.72648346, -0.26270911, 0.05741410, -0.52839351, 0.56993181, 0.02145518, 99.97200775, 113.23978424, 32.52000046, 0.00000000
1, 55.8600, 5853, 0.15655556, -1.47029245, 0.14873736, 12.09507656, 15.33899307, 135.62861633, -31.48202324, 13.21251106, -67.05641174, 102.38354492, -25.24142075, -19.94334793, -0.63181728, 0.72522044, -0.26654145, 0.06178964, -0.58066595, 0.58526015, 0.04312916, 99.97200775, 113.23978424, 32.52000046, 0.00000000
1, 55.8650, 5854, 0.18353152, -1.48299742, 0.13090192, 11.29035282, 14.94336700, 138.78413391, -31.48202324, 13.21251106, -67.05641174, 102.47775269, -25.93514442, -20.02676964, -0.63123977, 0.72387332, -0.27047682, 0.06622839, -0.61847508, 0.60336030, 0.06134566, 99.97200775, 113.23978424, 32.52000046, 0.00000000
1, 55.8700, 5855, 0.20517813, -1.50574529, 0.11379635, 10.52632618, 14.19245529, 142.24613953, -31.48202324, 13.21251106, -67.05641174, 102.57354736, -26.64484406, -20.12021446, -0.63064307, 0.72243899, -0.27453396, 0.07072761, -0.65113682, 0.63175160, 0.07875279, 99.97200775, 113.23978424, 32.52000046, 0.00000000
1, 55.8750, 5856, 0.21572861, -1.53073394, 0.08423004, 10.05058193, 13.41405296, 146.96569824, -33.17743301, 13.41712952, -67.17333984, 102.67350769, -27.37659454, -20.22563934, -0.63001174, 0.72090858, -0.27875158, 0.07532401, -0.67290837, 0.66269875, 0.10855557, 99.97200775, 113.23978424, 32.52000046, 0.00000000
1, 55.8800, 5857, 0.20666684, -1.54844284, 0.08366626, 10.54702950, 14.31139755, 150.41586304, -33.17743301, 13.41712952, -67.17333984, 102.77788544, -28.12598419, -20.33253670, -0.62933737, 0.71931630, -0.28303909, 0.08004654, -0.67536736, 0.68662894, 0.10931113, 99.97200775, 113.23978424, 32.52000046, 0.00000000
1, 55.8850, 5858, 0.17678161, -1.58637190, 0.11265785, 11.53306389, 18.96199799, 154.40495300, -34.14206314, 12.65711784, -66.06255341, 102.87960815, -28.89977264, -20.42092323, -0.62864739, 0.71765339, -0.28730750, 0.08503312, -0.65736508, 0.73106802, 0.08031633, 99.97200775, 113.23978424, 32.52000046, 0.00000000
1, 55.8900, 5859, 0.14191782, -1.62208247, 0.15792902, 12.00457096, 24.87379837, 157.90487671, -34.14206314, 12.65711784, -66.06255341, 102.96078491, -29.65139198, -20.47756958, -0.62804759, 0.71597773, -0.29126099, 0.08999579, -0.63433170, 0.77336246, 0.03477492, 99.97200775, 113.23978424, 32.52000046, 0.00000000
1, 55.8950, 5860, 0.14574848, -1.64982343, 0.19004850, 12.80752659, 32.86978531, 161.76570129, -34.14206314, 12.65711784, -66.06255341, 103.03859711, -30.47634125, -20.50113869, -0.62740511, 0.71413594, -0.29534432, 0.09562698, -0.65027595, 0.80804491, 0.00218343, 99.97200775, 113.23978424, 32.52000046, 0.00000000
1, 56.0050, 5861, -0.51105499, -1.21823585, 0.23581143, -36.76309967, 81.97116089, 109.30632782, -47.50072861, 18.38643646, -68.48874664, 95.50283051, -47.44326782, -6.58643055, -0.63163292, 0.66103566, -0.30896536, 0.26193938, -0.22445692, 0.54298025, -0.17245372, 99.97200775, 113.23978424, 32.52000046, 0.00000000
1, 56.0100, 5862, -0.48074663, -1.23201156, 0.29952592, -36.74566269, 63.89012527, 100.67292023, -48.34843445, 18.88336754, -69.19029236, 95.02054596, -47.97384262, -6.18109560, -0.63238901, 0.65793109, -0.31051600, 0.26606527, -0.26133025, 0.56307524, -0.24263909, 99.97200775, 113.23978424, 32.52000046, 0.00000000
1, 56.0150, 5863, -0.39812148, -1.23735905, 0.30054471, -40.76028442, 49.15383530, 89.08597565, -48.34843445, 18.88336754, -69.19029236, 94.58483124, -48.43844986, -5.86853456, -0.63317883, 0.65502548, -0.31218088, 0.26938695, -0.34957516, 0.57420862, -0.24918240, 99.97200775, 113.23978424, 32.52000046, 0.00000000
1, 56.0200, 5864, -0.38055766, -1.20181882, 0.32105461, -44.84552765, 37.27740479, 77.32273102, -48.34843445, 18.88336754, -69.19029236, 94.18337250, -48.83850479, -5.63113070, -0.63404936, 0.65229231, -0.31388128, 0.27198303, -0.37199837, 0.54368949, -0.27472341, 99.97200775, 113.23978424, 32.52000046, 0.00000000
1, 56.0250, 5865, -0.40172425, -1.06311643, 0.35132834, -53.98153305, 25.58298492, 66.32915497, -49.22537231, 19.29260445, -69.27798462, 93.79346466, -49.17875290, -5.47102737, -0.63513964, 0.64958405, -0.31569743, 0.27381268, -0.35497329, 0.40926957, -0.30964255, 99.97200775, 113.23978424, 32.52000046, 0.00000000
1, 56.0300, 5866, -0.50620651, -0.86296070, 0.35800558, -60.62641525, 14.62125111, 59.10697937, -49.22537231, 19.29260445, -69.27798462, 93.42733002, -49.47899628, -5.38697386, -0.63634425, 0.64691168, -0.31768894, 0.27503645, -0.25402480, 0.21290156, -0.32076520, 99.97200775, 113.23978424, 32.52000046, 0.00000000
1, 56.0350, 5867, -0.61378855, -0.58897114, 0.34434724, -63.29831696, 4.81365538, 53.12360764, -49.37152863, 18.88336754, -70.18415833, 93.10058594, -49.74633408, -5.37264681, -0.63755167, 0.64435643, -0.31981272, 0.27577657, -0.14953333, -0.05762949, -0.31094480, 99.97200775, 113.23978424, 32.52000046, 0.00000000
1, 56.0400, 5868, -0.65495312, -0.34381646, 0.37491184, -60.60109711, -1.94890797, 47.00426865, -49.37152863, 18.88336754, -70.18415833, 93.03225708, -50.04505539, -5.55634212, -0.63770401, 0.64258665, -0.32259491, 0.27631244, -0.11153527, -0.29929119, -0.34350219, 99.97200775, 113.23978424, 32.52000046, 0.00000000
1, 56.0450, 5869, -0.59047395, -0.14358059, 0.43120989, -56.27187729, -5.14047050, 42.17609406, -49.37152863, 18.88336754, -70.18415833, 92.79462433, -50.25512314, -5.61263704, -0.63869423, 0.64048600, -0.32459837, 0.27655604, -0.17891216, -0.49640706, -0.40103963, 99.97200775, 113.23978424, 32.52000046, 0.00000000
1, 56.0500, 5870, -0.51209378, -0.03636325, 0.38630006, -54.16667557, -12.13458157, 26.55963135, -50.04384613, 18.24028015, -70.12569427, 92.60453033, -50.38568878, -5.71709251, -0.63971019, 0.63874370, -0.32633364, 0.27619532, -0.25889680, -0.60159582, -0.35811502, 99.97200775, 113.23978424, 32.52000046, 0.00000000
1, 56.1550, 5871, -0.48987040, -0.33529407, 0.31749558, -27.45676613, -196.56948853, -193.32678223, -42.70681000, 14.90792179, -69.45337677, 99.96610260, -39.99348450, -23.45662880, -0.64486927, 0.65995997, -0.36158937, 0.13360249, -0.15735833, -0.41696745, -0.18896011, 99.97200775, 113.23978424, 32.52000046, 0.00000000
1, 56.1600, 5872, -0.50445712, -0.40313384, 0.36066651, -32.06940842, -186.65338135, -197.44827271, -40.25138855, 12.92019844, -68.98567963, 100.41665649, -38.85820389, -24.42199516, -0.64395869, 0.66319740, -0.36133862, 0.12215117, -0.12771061, -0.36045784, -0.22363749, 99.97200775, 113.23978424, 32.52000046, 0.00000000
1, 56.1650, 5873, -0.54750425, -0.48740798, 0.40239087, -41.13647079, -170.53526306, -203.25807190, -40.25138855, 12.92019844, -68.98567963, 100.72447205, -37.70425034, -25.25475502, -0.64350653, 0.66609168, -0.36046559, 0.11084193, -0.06906035, -0.28773862, -0.25884578, 99.97200775, 113.23978424, 32.52000046, 0.00000000
1, 56.1700, 5874, -0.62600189, -0.57685757, 0.38259378, -47.19603348, -155.49565125, -206.57304382, -38.02981567, 12.65711784, -68.54721069, 100.91879272, -36.54525375, -25.97175217, -0.64339662, 0.66870570, -0.35905465, 0.09976605, 0.02553876, -0.20974210, -0.23405522, 99.97200775, 113.23978424, 32.52000046, 0.00000000
1, 56.1750, 5875, -0.67556894, -0.65185177, 0.34616086, -53.37358475, -139.35981750, -209.15933228, -38.02981567, 12.65711784, -68.54721069, 101.00298309, -35.38748169, -26.57374001, -0.64364851, 0.67103052, -0.35709608, 0.08897819, 0.09150165, -0.14613605, -0.19407871, 99.97200775, 113.23978424, 32.52000046, 0.00000000
1, 56.1800, 5876, -0.70740932, -0.68825638, 0.34463376, -58.47454834, -129.46112061, -209.80487061, -38.02981567, 12.65711784, -68.54721069, 101.01197052, -34.23556519, -27.10609627, -0.64412701, 0.67310035, -0.35481608, 0.07837118, 0.13981706, -0.12102354, -0.19012558, 99.97200775, 113.23978424, 32.52000046, 0.00000000
1, 56.1850, 5877, -0.72461551, -0.68707800, 0.33384025, -62.64263153, -125.82062531, -209.13925171, -36.36363602, 11.95556831, -69.19029236, 100.97597504, -33.09053802, -27.61087608, -0.64470381, 0.67494810, -0.35242468, 0.06781586, 0.17365147, -0.13322783, -0.17761226, 99.97200775, 113.23978424, 32.52000046, 0.00000000
1, 56.1900, 5878, -0.72559661, -0.66072297, 0.29755321, -65.73306274, -123.10631561, -208.68469238, -36.36363602, 11.95556831, -69.19029236, 100.92161560, -31.97232819, -28.10320473, -0.64524251, 0.67661428, -0.35007882, 0.05744634, 0.19129919, -0.17016748, -0.14002961, 99.97200775, 113.23978424, 32.52000046, 0.00000000
1, 56.1950, 5879, -0.70545799, -0.63994074, 0.24498840, -66.91716003, -116.54870605, -209.49478149, -34.34668350, 11.57556248, -69.13182831, 100.81452942, -30.83519745, -28.54469109, -0.64593369, 0.67816365, -0.34734395, 0.04707418, 0.18802840, -0.20125791, -0.08673657, 99.97200775, 113.23978424, 32.52000046, 0.00000000
1, 56.2000, 5880, -0.66314358, -0.63863468, 0.22264165, -66.97200012, -106.63796234, -211.74656677, -34.34668350, 11.57556248, -69.13182831, 100.66882324, -29.69698906, -28.92506599, -0.64670604, 0.67964619, -0.34422216, 0.03692491, 0.16286790, -0.21282321, -0.06440262, 99.97200775, 113.23978424, 32.52000046, 0.00000000
1, 56.3100, 5881, -0.56346720, -1.07571149, 0.32421574, -23.61290932, -4.83791065, -294.83859253, -15.17100239, 11.63402462, -73.10727692, 96.05372620, -1.58214831, -32.63831329, -0.64466107, 0.71084297, -0.21774407, -0.17805064, 0.52861947, 0.08140822, -0.22145292, 99.97200775, 113.23978424, 32.52000046, 0.00000000
1, 56.3150, 5882, -0.56334674, -1.07036567, 0.36860517, -19.64933777, 10.33519936, -300.13571167, -15.17100239, 11.63402462, -73.10727692, 95.94886780, -0.09500629, -32.43251038, -0.64299929, 0.71313632, -0.20798261, -0.18636492, 0.55425811, 0.07524449, -0.26769572, 99.97200775, 113.23978424, 32.52000046, 0.00000000
1, 56.3200, 5883, -0.56860149, -1.07836211, 0.41930872, -16.48175240, 26.55395126, -305.74832153, -13.18327999, 12.48173046, -72.61034393, 95.86607361, 1.41220486, -32.14560318, -0.64122736, 0.71557552, -0.19757964, -0.19427164, 0.58560073, 0.08312862, -0.31996286, 99.97200775, 113.23978424, 32.52000046, 0.00000000
1, 56.3250, 5884, -0.58966696, -1.14217758, 0.48621094, -15.30754089, 48.37255478, -313.20004272, -13.18327999, 12.48173046, -72.61034393, 95.80106354, 2.94597459, -31.74810219, -0.63942367, 0.71816462, -0.18630609, -0.20166081, 0.63311511, 0.14754200, -0.38831690, 99.97200775, 113.23978424, 32.52000046, 0.00000000
1, 56.3300, 5885, -0.59580046, -1.17926300, 0.52814060, -15.26459503, 67.07416534, -318.88900757, -13.18327999, 12.48173046, -72.61034393, 95.75307465, 4.49917746, -31.25549316, -0.63759458, 0.72082400, -0.17429535, -0.20858371, 0.66612816, 0.18603122, -0.43138772, 99.97200775, 113.23978424, 32.52000046, 0.00000000
1, 56.3350, 5886, -0.60581100, -1.24959552, 0.59050357, -15.16708851, 90.09467316, -324.54574585, -11.86787510, 13.76790428, -72.75650024, 95.72957611, 6.06949997, -30.64497948, -0.63575357, 0.72358632, -0.16142941, -0.21489720, 0.70324445, 0.25853145, -0.49464282, 99.97200775, 113.23978424, 32.52000046, 0.00000000
1, 56.3400, 5887, -0.61812133, -1.31082225, 0.60075200, -13.44372654, 105.97003174, -326.50274658, -11.86787510, 13.76790428, -72.75650024, 95.75758362, 7.61375427, -29.94949150, -0.63376987, 0.72646362, -0.14821638, -0.22049588, 0.74255586, 0.32279980, -0.50515515, 99.97200775, 113.23978424, 32.52000046, 0.00000000
1, 56.3450, 5888, -0.61798471, -1.38649821, 0.57635164, -8.01204109, 118.81021118, -325.45962524, -10.43554497, 15.05407715, -72.23033905, 95.82465363, 9.17396450, -29.18880653, -0.63160825, 0.72938085, -0.13452320, -0.22578362, 0.76927382, 0.40237230, -0.48022717, 99.97200775, 113.23978424, 32.52000046, 0.00000000
1, 56.3500, 5889, -0.58163172, -1.43426049, 0.54479140, 0.38897315, 130.90711975, -321.38739014, -10.43554497, 15.05407715, -72.23033905, 95.96529388, 10.70654869, -28.36290169, -0.62914515, 0.73245847, -0.12067671, -0.23047397, 0.75950217, 0.45483774, -0.44702774, 99.97200775, 113.23978424, 32.52000046, 0.00000000
1, 56.3550, 5890, -0.50120705, -1.45501041, 0.49673331, 9.01466274, 141.90872192, -318.04528809, -9.26629639, 16.45717621, -72.23033905, 96.18317413, 12.21434784, -27.47392654, -0.62635249, 0.73569763, -0.10669273, -0.23462357, 0.70511794, 0.48107132, -0.39596054, 99.97200775, 113.23978424, 32.52000046, 0.00000000
1, 56.4600, 5891, -0.36578670, -1.25199032, -0.00807779, 45.80630493, 47.22814178, 117.83762360, -9.64630222, 24.37883568, -67.43642426, 104.33544159, 22.35456657, -12.39524841, -0.58167309, 0.78313559, 0.03455162, -0.21716642, 0.74871457, 0.35672909, 0.23283234, 99.97200775, 113.23978424, 32.52000046, 0.00000000
1, 56.4650, 5892, -0.16770567, -1.43295562, -0.13113409, 34.26416779, 55.71910858, 122.77877045, -9.64630222, 24.37883568, -67.43642426, 104.55591583, 21.69117737, -12.26819992, -0.58155876, 0.78471315, 0.03145286, -0.21219234, 0.54034472, 0.53465128, 0.36082315, 99.97200775, 113.23978424, 32.52000046, 0.00000000
1, 56.4700, 5893, 0.12343771, -1.53488743, -0.38936815, 18.48876572, 55.18014908, 126.54206085, -9.90938282, 24.52499199, -66.58871460, 104.69231415, 21.00970268, -12.15188408, -0.58199835, 0.78586209, 0.02835515, -0.20711055, 0.23882791, 0.63345367, 0.62320864, 99.97200775, 113.23978424, 32.52000046, 0.00000000
1, 56.4750, 5894, 0.56277019, -1.61503673, -0.58982909, 5.78216648, 47.28290558, 127.39189148, -9.90938282, 24.52499199, -66.58871460, 104.74842834, 20.33375740, -12.07931805, -0.58287054, 0.78658974, 0.02514027, -0.20225346, -0.21106990, 0.71016276, 0.82686532, 99.97200775, 113.23978424, 32.52000046, 0.00000000
1, 56.4800, 5895, 1.11032748, -1.64311481, -0.70378149, -4.72566700, 47.16557693, 121.21345520, -10.84478188, 24.14498711, -66.06255341, 104.75351715, 19.68769455, -11.99977779, -0.58403033, 0.78701532, 0.02222532, -0.19753899, -0.76909447, 0.73467660, 0.94340211, 99.97200775, 113.23978424, 32.52000046, 0.00000000
1, 56.4850, 5896, 1.74332929, -1.64082730, -0.81443769, -15.55140114, 55.74669647, 102.17193604, -10.84478188, 24.14498711, -66.06255341, 104.72642517, 19.12276459, -11.85090733, -0.58537436, 0.78719568, 0.02027479, -0.19299938, -1.41149616, 0.72916317, 1.05619526, 99.97200775, 113.23978424, 32.52000046, 0.00000000
1, 56.4900, 5897, 2.37932229, -1.55119085, -1.10336483, -29.35422325, 61.82757187, 75.88797760, -10.84478188, 24.14498711, -66.06255341, 104.64400482, 18.68544579, -11.63822746, -0.58698070, 0.78699535, 0.01953440, -0.18897164, -2.05456734, 0.63712758, 1.34649742, 99.97200775, 113.23978424, 32.52000046, 0.00000000
1, 56.4950, 5898, 2.64146924, -1.37576091, -1.12408197, -40.24462509, 53.54759598, 49.61021805, -11.54633141, 23.47266769, -66.17948151, 104.50946045, 18.37784004, -11.43037605, -0.58871806, 0.78644711, 0.01953471, -0.18582372, -2.32211876, 0.45942122, 1.36658168, 99.97200775, 113.23978424, 32.52000046, 0.00000000
1, 56.5000, 5899, 2.51350951, -1.17409027, -0.88409275, -31.77671814, -66.80879974, 38.50157166, -11.54633141, 23.47266769, -66.17948151, 104.22818756, 18.27317429, -11.82152081, -0.59017122, 0.78512055, 0.01674850, -0.18709153, -2.19746304, 0.25550741, 1.12302399, 99.97200775, 113.23978424, 32.52000046, 0.00000000
1, 56.5050, 5900, 2.11422706, -1.04840088, -0.78740621, -27.55623245, -153.83961487, 39.38790894, -11.45863724, 22.94650650, -66.64717865, 103.82880402, 18.26684570, -12.65776062, -0.59153354, 0.78316814, 0.01165149, -0.19131173, -1.79886889, 0.12801909, 1.01963091, 99.97200775, 113.23978424, 32.52000046, 0.00000000
1, 56.5900, 5901, 0.35437626, -0.51267123, 1.35603368, 37.00297165, -86.82009888, 116.68245697, -9.12014008, 20.57877731, -70.94416809, 99.96028137, 12.19816685, -28.75151443, -0.59919047, 0.75460649, -0.12287797, -0.23757288, -0.14439237, -0.45197949, -1.18803573, 99.97200775, 113.23978424, 32.52000046, 0.00000000
1, 56.5950, 5902, 0.23169148, -0.46535692, 1.16966939, 45.92079926, -93.37781525, 123.21274567, -9.47091484, 20.63723946, -70.76878357, 100.07178497, 11.67229366, -29.32995605, -0.59843189, 0.75416970, -0.12984829, -0.23716441, -0.03002304, -0.50041670, -0.99919039, 99.97200775, 113.23978424, 32.52000046, 0.00000000
1, 56.6000, 5903, -0.02407163, -0.53678238, 0.69661444, 53.91043472, -86.41211700, 123.20697021, -9.47091484, 20.63723946, -70.76878357, 100.23531342, 11.14182568, -29.87357330, -0.59742016, 0.75397664, -0.13671173, -0.23647082, 0.21783943, -0.42958808, -0.52403241, 99.97200775, 113.23978424, 32.52000046, 0.00000000
1, 56.6050, 5904, -0.50532532, -0.83716142, 0.20986766, 56.73254776, -62.62849426, 115.74604797, -9.99707699, 19.61414719, -70.71031952, 100.44126129, 10.62863636, -30.29205704, -0.59635496, 0.75411302, -0.14273171, -0.23516373, 0.69140536, -0.12951268, -0.03534964, 99.97200775, 113.23978424, 32.52000046, 0.00000000
1, 56.6100, 5905, -0.75744617, -0.98181534, 0.05718396, 49.45625305, -36.30215073, 107.56291199, -9.99707699, 19.61414719, -70.71031952, 100.63918304, 10.13321972, -30.57260323, -0.59558922, 0.75435483, -0.14771725, -0.23324241, 0.93532467, 0.01446977, 0.12023294, 99.97200775, 113.23978424, 32.52000046, 0.00000000
1, 56.6150, 5906, -1.14290893, -1.14868605, 0.01068434, 31.18875122, -1.61956370, 97.01985168, -9.99707699, 19.61414719, -70.71031952, 100.77931213, 9.65828228, -30.67135811, -0.59552634, 0.75452405, -0.15126470, -0.23056641, 1.31267285, 0.18047813, 0.16836855, 99.97200775, 113.23978424, 32.52000046, 0.00000000
1, 56.6200, 5907, -1.38318658, -1.18875349, 0.13405874, 19.87875175, 20.32153511, 90.15058899, -10.08477020, 19.81876564, -70.56416321, 100.88240051, 9.19672966, -30.65526199, -0.59590107, 0.75465113, -0.15389904, -0.22741768, 1.54464579, 0.21937677, 0.04644213, 99.97200775, 113.23978424, 32.52000046, 0.00000000
1, 56.6250, 5908, -1.53340292, -1.18478978, 0.26068088, 16.83870316, 41.14320755, 85.00711823, -10.08477020, 19.81876564, -70.56416321, 100.98686981, 8.74078465, -30.53160858, -0.59645444, 0.75492704, -0.15578894, -0.22373445, 1.68667388, 0.21430299, -0.07857874, 99.97200775, 113.23978424, 32.52000046, 0.00000000
1, 56.6300, 5909, -1.52268529, -1.14653790, 0.30131328, 17.15799904, 69.19791412, 78.66130829, -10.49400711, 19.38029861, -70.30107880, 101.11324310, 8.28909111, -30.26367378, -0.59711456, 0.75551331, -0.15673822, -0.21928741, 1.66803241, 0.17521536, -0.11686136, 99.97200775, 113.23978424, 32.52000046, 0.00000000
1, 56.6350, 5910, -1.32493174, -1.12339640, 0.21243003, 18.01932335, 101.34381104, 67.46376038, -10.49400711, 19.38029861, -70.30107880, 101.26541901, 7.86077166, -29.82696152, -0.59784448, 0.75648665, -0.15648356, -0.21406326, 1.46297896, 0.15164752, -0.02475697, 99.97200775, 113.23978424, 32.52000046, 0.00000000
1, 59.3000, 5911, -0.04493927, -0.99411988, 0.07172122, -0.40659255, -1.21462727, 2.86091042, -24.32037354, 15.08330917, -67.78719330, 94.68930817, -2.66804504, -11.08726883, -0.67588902, 0.73028070, -0.08672837, -0.04839795, -0.00173265, -0.00157374, 0.00820659, 99.97200775, 113.23978424, 32.52000046, 0.00000000
1, 59.3050, 5912, -0.04900059, -0.99396539, 0.07356005, -0.26392269, -1.24816954, 2.85829473, -24.32037354, 15.08330917, -67.78719330, 94.68838501, -2.68179393, -11.09463787, -0.67589849, 0.73025978, -0.08685565, -0.04835413, 0.00208425, -0.00172147, 0.00634075, 99.97200775, 113.23978424, 32.52000046, 0.00000000
1, 59.3100, 5913, -0.04987580, -0.99624801, 0.07455043, -0.44110787, -1.28622985, 2.92974758, -24.05729294, 15.69716454, -68.34259033, 94.68656921, -2.69588470, -11.10223484, -0.67591363, 0.73023313, -0.08698599, -0.04831015, 0.00271305, 0.00056877, 0.00531522, 99.97200775, 113.23978424, 32.52000046, 0.00000000
1, 59.3150, 5914, -0.04906250, -0.99760139, 0.07555363, -0.26120034, -1.45869052, 2.92334676, -24.05729294, 15.69716454, -68.34259033, 94.68571472, -2.70987439, -11.11068439, -0.67592221, 0.73021156, -0.08712158, -0.04827111, 0.00165273, 0.00193037, 0.00429239, 99.97200775, 113.23978424, 32.52000046, 0.00000000
1, 59.3200, 5915, -0.04437729, -0.99764514, 0.07687373, -0.29770419, -1.35708296, 3.03138971, -24.05729294, 15.96024513, -68.57643890, 94.68464661, -2.72444391, -11.11866951, -0.67593271, 0.73018861, -0.08725752, -0.04822579, -0.00328788, 0.00198226, 0.00296294, 99.97200775, 113.23978424, 32.52000046, 0.00000000
1, 59.3250, 5916, -0.04400736, -0.99800873, 0.07698680, -0.26402631, -1.21586287, 2.96422243, -24.05729294, 15.96024513, -68.57643890, 94.68371582, -2.73873210, -11.12591648, -0.67594248, 0.73016727, -0.08738717, -0.04817781, -0.00390712, 0.00235609, 0.00283303, 99.97200775, 113.23978424, 32.52000046, 0.00000000
1, 59.3300, 5917, -0.04621640, -0.99638748, 0.07684395, -0.18913373, -1.55998147, 2.81485820, -24.05729294, 15.96024513, -68.57643890, 94.68321991, -2.75213814, -11.13483047, -0.67594832, 0.73014784, -0.08752244, -0.04814497, -0.00193665, 0.00074570, 0.00296187, 99.97200775, 113.23978424, 32.52000046, 0.00000000
1, 59.3350, 5918, -0.04552701, -0.99380445, 0.07592089, 0.02665161, -1.73462760, 2.91310525, -24.23267937, 14.90792179, -68.57643890, 94.68386841, -2.76596069, -11.14465427, -0.67594677, 0.73013407, -0.08766643, -0.04811398, -0.00286054, -0.00182379, 0.00389622, 99.97200775, 113.23978424, 32.52000046, 0.00000000
1, 59.3850, 5919, -0.04728207, -0.99193227, 0.07073957, 0.24809173, -2.33198452, 3.21151757, -24.05729294, 15.37562084, -68.51797485, 94.67431641, -2.90318990, -11.25349331, -0.67602789, 0.72989291, -0.08916107, -0.04788525, -0.00348005, -0.00358398, 0.00889529, 99.97200775, 113.23978424, 32.52000046, 0.00000000
1, 59.3900, 5920, -0.04749533, -0.99245906, 0.07473910, 0.24851184, -2.33532047, 3.35164142, -24.05729294, 15.37562084, -68.51797485, 94.66992950, -2.91194248, -11.26637745, -0.67605466, 0.72985047, -0.08929265, -0.04790867, -0.00348760, -0.00305463, 0.00487502, 99.97200775, 113.23978424, 32.52000046, 0.00000000
1, 59.3950, 5921, -0.04627788, -0.99205530, 0.07614024, -0.03389685, -2.51189852, 3.35102749, -24.58345413, 15.17100239, -68.22566223, 94.67050171, -2.92764378, -11.28024673, -0.67605275, 0.72983140, -0.08947336, -0.04788958, -0.00492148, -0.00345337, 0.00343438, 99.97200775, 113.23978424, 32.52000046, 0.00000000
1, 59.4000, 5922, -0.04911054, -0.99418628, 0.07507470, 0.14936034, -2.96282959, 3.33794665, -24.58345413, 15.17100239, -68.22566223, 94.67211914, -2.94309640, -11.29636383, -0.67604315, 0.72981679, -0.08966734, -0.04788453, -0.00235655, -0.00130487, 0.00451115, 99.97200775, 113.23978424, 32.52000046, 0.00000000
1, 59.4050, 5923, -0.05699051, -0.99576986, 0.07427962, 0.18534184, -2.99732184, 3.33666635, -24.58345413, 15.17100239, -68.22566223, 94.67391205, -2.95853019, -11.31265736, -0.67603236, 0.72980309, -0.08986242, -0.04788050, 0.00525506, 0.00029672, 0.00531744, 99.97200775, 113.23978424, 32.52000046, 0.00000000
1, 59.4100, 5924, -0.06163048, -0.99370813, 0.07494321, 0.07582612, -2.78691673, 3.23791933, -24.37883568, 15.81408882, -68.37181854, 94.67510223, -2.97356081, -11.32785511, -0.67602563, 0.72978693, -0.09004788, -0.04787304, 0.00962919, -0.00175074, 0.00466578, 99.97200775, 113.23978424, 32.52000046, 0.00000000
1, 59.4150, 5925, -0.06624006, -0.99338031, 0.07690878, 0.25133502, -2.64109325, 3.02884793, -24.37883568, 15.81408882, -68.37181854, 94.67715454, -2.98759055, -11.34224129, -0.67601329, 0.72977722, -0.09022267, -0.04786652, 0.01398611, -0.00206654, 0.00271759, 99.97200775, 113.23978424, 32.52000046, 0.00000000
1, 59.4200, 5926, -0.07089100, -0.99255800, 0.08344024, 0.45937490, -2.15603995, 3.21302176, -23.32651329, 15.28792763, -68.13796997, 94.68012238, -3.00273418, -11.35428619, -0.67599666, 0.72977388, -0.09038945, -0.04783833, 0.01836127, -0.00288192, -0.00377425, 99.97200775, 113.23978424, 32.52000046, 0.00000000
1, 59.4250, 5927, -0.07062084, -0.99375892, 0.08542020, 0.20582812, -1.80683231, 3.08436465, -23.32651329, 15.28792763, -68.13796997, 94.68173981, -3.01738358, -11.36452961, -0.67598909, 0.72976422, -0.09054129, -0.04780374, 0.01782857, -0.00166787, -0.00572214, 99.97200775, 113.23978424, 32.52000046, 0.00000000
1, 59.4300, 5928, -0.07021457, -0.99287248, 0.08416074, -0.04562507, -1.63166869, 2.95153141, -24.08652496, 15.20023346, -68.48874664, 94.68201447, -3.03144240, -11.37386036, -0.67599016, 0.72974789, -0.09068328, -0.04776859, 0.01717749, -0.00253861, -0.00445452, 99.97200775, 113.23978424, 32.52000046, 0.00000000
1, 59.4500, 5929, -0.07352094, -0.99113119, 0.08359867, 0.25684839, -0.29273760, 2.41876030, -24.52499199, 15.22946453, -68.63490295, 94.70955658, -3.14547276, -11.39369869, -0.67586112, 0.72980809, -0.09148972, -0.04713392, 0.01848887, -0.00413285, -0.00343124, 99.97200775, 113.23978424, 32.52000046, 0.00000000
1, 59.4550, 5930, -0.07157184, -0.99279988, 0.08064338, 0.32347172, 0.05848630, 2.32112694, -24.55422401, 15.02484608, -68.31335449, 94.71121216, -3.15706682, -11.39434338, -0.67585576, 0.72980857, -0.09156250, -0.04706218, 0.01634456, -0.00244571, -0.00044655, 99.97200775, 113.23978424, 32.52000046, 0.00000000
1, 59.4600, 5931, -0.06564427, -0.99443841, 0.08308198, 0.13738573, 0.68930042, 2.09316635, -24.55422401, 15.02484608, -68.31335449, 94.71178436, -3.16777658, -11.39175129, -0.67585826, 0.72980583, -0.09160902, -0.04697788, 0.01021956, -0.00079932, -0.00285710, 99.97200775, 113.23978424, 32.52000046, 0.00000000
1, 59.4650, 5932, -0.06535982, -0.99355185, 0.08176218, 0.02975351, 0.72732955, 1.92018211, -24.55422401, 15.02484608, -68.31335449, 94.71179962, -3.17764020, -11.38889503, -0.67586404, 0.72980064, -0.09164865, -0.04689789, 0.00976031, -0.00167394, -0.00153572, 99.97200775, 113.23978424, 32.52000046, 0.00000000
1, 59.4700, 5933, -0.06727245, -0.99252963, 0.07893366, 0.13507928, 0.80206764, 1.74536192, -24.52499199, 15.22946453, -68.45951080, 94.71231842, -3.18666434, -11.38559437, -0.67586631, 0.72979945, -0.09168075, -0.04682024, 0.01151968, -0.00268210, 0.00129478, 99.97200775, 113.23978424, 32.52000046, 0.00000000
1, 59.4750, 5934, -0.06784622, -0.99047017, 0.07897633, 0.06070763, 1.04759836, 1.64700437, -24.52499199, 15.22946453, -68.45951080, 94.71237946, -3.19528508, -11.38102341, -0.67587191, 0.72979695, -0.09170221, -0.04673804, 0.01194399, -0.00473289, 0.00125823, 99.97200775, 113.23978424, 32.52000046, 0.00000000
1, 59.4800, 5935, -0.06886948, -0.99178314, 0.07755654, 0.30786723, 1.18988431, 1.61219740, -24.23267937, 15.40485191, -68.75182343, 94.71365356, -3.20380282, -11.37573051, -0.67586994, 0.72980213, -0.09171894, -0.04665127, 0.01282100, -0.00340818, 0.00268704, 99.97200775, 113.23978424, 32.52000046, 0.00000000
1, 59.4850, 5936, -0.06734633, -0.99247646, 0.07674810, 0.51663667, 1.54320908, 1.47775257, -24.23267937, 15.40485191, -68.75182343, 94.71584320, -3.21177912, -11.36862278, -0.67586261, 0.72981465, -0.09172133, -0.04655653, 0.01115881, -0.00270290, 0.00353191, 99.97200775, 113.23978424, 32.52000046, 0.00000000
1, 59.4900, 5937, -0.06533026, -0.99359560, 0.07617256, 0.51422799, 1.71975553, 1.37683475, -24.23267937, 15.40485191, -68.75182343, 94.70343018, -3.25362134, -11.36152077, -0.67596424, 0.72971517, -0.09191639, -0.04625675, 0.00871231, -0.00156572, 0.00402092, 99.97200775, 113.23978424, 32.52000046, 0.00000000
1, 59.4950, 5938, -0.06339809, -0.99295390, 0.07563218, 0.37208048, 1.68618214, 1.27268755, -24.29114342, 15.37562084, -68.60566711, 94.70486450, -3.26064134, -11.35361862, -0.67596155, 0.72972453, -0.09190779, -0.04616405, 0.00635725, -0.00219067, 0.00446671, 99.97200775, 113.23978424, 32.52000046, 0.00000000
1, 59.5050, 5939, -0.06386918, -0.99127567, 0.07147548, 0.37050927, 1.79311097, 1.17009974, -24.14498711, 15.20023346, -68.37181854, 94.70771027, -3.27379894, -11.33771133, -0.67595601, 0.72974402, -0.09188478, -0.04598371, 0.00660836, -0.00384489, 0.00867366, 99.97200775, 113.23978424, 32.52000046, 0.00000000
1, 59.5100, 5940, -0.06205072, -0.99014997, 0.07343566, 0.44090104, 1.83105552, 1.06495154, -24.14498711, 15.20023346, -68.37181854, 94.70943451, -3.27983046, -11.32899284, -0.67595130, 0.72975653, -0.09186531, -0.04589228, 0.00467829, -0.00496541, 0.00674618, 99.97200775, 113.23978424, 32.52000046, 0.00000000
1, 59.5150, 5941, -0.05978814, -0.99001718, 0.07640740, 0.51045680, 1.97009003, 1.10243225, -24.14498711, 15.20023346, -68.37181854, 94.71147156, -3.28611422, -11.31960487, -0.67594498, 0.72977126, -0.09184317, -0.04579504, 0.00229915, -0.00509409, 0.00381369, 99.97200775, 113.23978424, 32.52000046, 0.00000000
1, 59.5200, 5942, -0.05644205, -0.98937321, 0.07883895, 0.43933120, 1.96945667, 1.10332251, -24.84653664, 15.46331501, -68.86875153, 94.71313477, -3.29240108, -11.31021404, -0.67594111, 0.72978377, -0.09182090, -0.04569808, -0.00116244, -0.00573317, 0.00142311, 99.97200775, 113.23978424, 32.52000046, 0.00000000
1, 59.5250, 5943, -0.05773766, -0.98947620, 0.07507493, 0.51328272, 1.72726214, 1.06155610, -24.84653664, 15.46331501, -68.86875153, 94.71524048, -3.29838276, -11.30202293, -0.67593372, 0.72979826, -0.09180464, -0.04560977, 0.00003617, -0.00561501, 0.00521794, 99.97200775, 113.23978424, 32.52000046, 0.00000000
1, 59.5300, 5944, -0.05667384, -0.99080074, 0.07747503, 0.47897616, 1.62251902, 1.05949628, -25.25577354, 15.52177715, -68.25489807, 94.71720886, -3.30430841, -11.29434872, -0.67592692, 0.72981137, -0.09179126, -0.04552498, -0.00113558, -0.00428568, 0.00285328, 99.97200775, 113.23978424, 32.52000046, 0.00000000
1, 59.5350, 5945, -0.05779391, -0.99238849, 0.07975564, 0.51380503, 1.66014695, 0.95479321, -25.25577354, 15.52177715, -68.25489807, 94.71933746, -3.30973315, -11.28644562, -0.67591900, 0.72982615, -0.09177359, -0.04544194, -0.00012034, -0.00269294, 0.00060221, 99.97200775, 113.23978424, 32.52000046, 0.00000000
1, 59.5400, 5946, -0.05711190, -0.99341559, 0.07979380, 0.58733940, 1.48423386, 1.05482078, -25.25577354, 15.52177715, -68.25489807, 94.71796417, -3.31207538, -11.27932835, -0.67593169, 0.72982192, -0.09174144, -0.04538606, -0.00086962, -0.00166150, 0.00057209, 99.97200775, 113.23978424, 32.52000046, 0.00000000
1, 59.5450, 5947, -0.05618010, -0.99441051, 0.08110744, 0.66265196, 1.13677883, 1.04558027, -24.46652985, 12.21864891, -68.28412628, 94.72098541, -3.31772947, -11.27407169, -0.67591715, 0.72983968, -0.09174231, -0.04531643, -0.00187491, -0.00066311, -0.00072465, 99.97200775, 113.23978424, 32.52000046, 0.00000000
1, 59.5500, 5948, -0.05566165, -0.99735498, 0.07995399, 0.55543995, 1.17147183, 1.01271975, -24.46652985, 12.21864891, -68.28412628, 94.72344971, -3.32324719, -11.26863861, -0.67590606, 0.72985435, -0.09174103, -0.04524708, -0.00248683, 0.00229235, 0.00047064, 99.97200775, 113.23978424, 32.52000046, 0.00000000
1, 59.5750, 5949, -0.05101763, -0.99665487, 0.07576106, 0.52992767, 0.36721575, 1.13408351, -24.46652985, 15.43408298, -68.28412628, 94.73570251, -3.35118055, -11.25481892, -0.67584628, 0.72991627, -0.09182156, -0.04497690, -0.00760558, 0.00164487, 0.00488561, 99.97200775, 113.23978424, 32.52000046, 0.00000000
1, 59.5800, 5950, -0.05070891, -0.99753428, 0.07458845, 0.74518937, 0.22821242, 1.19813442, -23.91113663, 15.02484608, -68.28412628, 94.73941803, -3.35724044, -11.25417233, -0.67582572, 0.72993404, -0.09185441, -0.04493131, -0.00801391, 0.00253711, 0.00611667, 99.97200775, 113.23978424, 32.52000046, 0.00000000
1, 59.5850, 5951, -0.04905503, -0.99717247, 0.07787046, 0.49614483, 0.22682968, 1.16621959, -23.91113663, 15.02484608, -68.28412628, 94.74188232, -3.36313558, -11.25351238, -0.67581296, 0.72994459, -0.09188572, -0.04488769, -0.00978222, 0.00218018, 0.00288737, 99.97200775, 113.23978424, 32.52000046, 0.00000000
1, 59.5900, 5952, -0.04889438, -0.99495602, 0.07925023, 0.50305426, -0.33177984, 1.22292125, -23.91113663, 15.02484608, -68.28412628, 94.73323059, -3.31571937, -11.25402927, -0.67584610, 0.72992945, -0.09160769, -0.04520129, -0.00958504, -0.00006408, 0.00145732, 99.97200775, 113.23978424, 32.52000046, 0.00000000
1, 59.5950, 5953, -0.05101818, -0.99619281, 0.07674214, 0.79279256, -0.71714795, 1.42036057, -24.87576675, 13.76790428, -67.81642914, 94.73744965, -3.32249331, -11.25818634, -0.67582071, 0.72994578, -0.09167555, -0.04517906, -0.00710262, 0.00115389, 0.00393003, 99.97200775, 113.23978424, 32.52000046, 0.00000000
1, 59.6000, 5954, -0.05304509, -0.99330533, 0.07953959, 0.75586993, -0.58073145, 1.52923870, -24.87576675, 13.76790428, -67.81642914, 94.74144745, -3.32987022, -11.26170254, -0.67579722, 0.72996098, -0.09174276, -0.04514935, -0.00520761, -0.00172492, 0.00120453, 99.97200775, 113.23978424, 32.52000046, 0.00000000
1, 59.6050, 5955, -0.05095762, -0.99082732, 0.07854909, 0.57722014, -0.48122475, 1.67409348, -24.26191139, 14.96638393, -68.31335449, 94.74451447, -3.33801341, -11.26478481, -0.67578018, 0.72997034, -0.09181132, -0.04511292, -0.00743276, -0.00418866, 0.00225872, 99.97200775, 113.23978424, 32.52000046, 0.00000000
1, 59.6100, 5956, -0.05313786, -0.99081850, 0.07971064, 0.65504509, -1.03753269, 1.65984297, -24.26191139, 14.96638393, -68.31335449, 94.74816132, -3.34585428, -11.27063560, -0.67575824, 0.72998112, -0.09189598, -0.04509430, -0.00539356, -0.00418638, 0.00115176, 99.97200775, 113.23978424, 32.52000046, 0.00000000
1, 59.6150, 5957, -0.05375922, -0.99002028, 0.07912103, 0.76330614, -1.11203897, 1.90205431, -24.26191139, 14.96638393, -68.31335449, 94.75238037, -3.35487270, -11.27695656, -0.67573309, 0.72999400, -0.09199076, -0.04507044, -0.00492185, -0.00496880, 0.00181188, 99.97200775, 113.23978424, 32.52000046, 0.00000000
1, 59.6200, 5958, -0.05655668, -0.98963249, 0.07944166, 0.65431547, -0.90580410, 1.97846150, -25.08038521, 15.84332085, -68.28412628, 94.75597382, -3.36436367, -11.28228569, -0.67571247, 0.73000365, -0.09208173, -0.04503817, -0.00228848, -0.00534208, 0.00155004, 99.97200775, 113.23978424, 32.52000046, 0.00000000
1, 59.6300, 5959, -0.05720638, -0.99260831, 0.08643143, 0.55191928, -1.25567651, 2.00647783, -24.20344925, 15.60947037, -67.72873688, 94.76195526, -3.38325310, -11.29557705, -0.67567778, 0.73001373, -0.09227944, -0.04499076, -0.00198599, -0.00234962, -0.00534295, 99.97200775, 113.23978424, 32.52000046, 0.00000000
1, 59.6350, 5960, -0.05315386, -0.99209464, 0.08460586, 0.72669858, -0.97812474, 2.11602497, -24.20344925, 15.60947037, -67.72873688, 94.76595306, -3.39338398, -11.30131721, -0.67565465, 0.73002481, -0.09237693, -0.04495650, -0.00620662, -0.00284443, -0.00343882, 99.97200775, 113.23978424, 32.52000046, 0.00000000
1, 59.6400, 5961, -0.05419526, -0.99310315, 0.08070157, 0.76456505, -1.15352035, 2.18146682, -24.20344925, 15.60947037, -67.72873688, 94.76801300, -3.39198256, -11.30760860, -0.67563844, 0.73003298, -0.09240960, -0.04500091, -0.00523310, -0.00182067, 0.00051206, 99.97200775, 113.23978424, 32.52000046, 0.00000000
1, 59.6450, 5962, -0.05283390, -0.99416947, 0.08261984, 0.80410630, -1.46815121, 2.24356842, -24.61268616, 15.96024513, -67.72873688, 94.77255249, -3.40255642, -11.31584930, -0.67561108, 0.73004496, -0.09252584, -0.04497810, -0.00668137, -0.00074789, -0.00134720, 99.97200775, 113.23978424, 32.52000046, 0.00000000
1, 59.6500, 5963, -0.05183946, -0.99494195, 0.08478813, 0.87784910, -1.67720485, 2.27269888, -24.61268616, 15.96024513, -67.72873688, 94.77753448, -3.41318798, -11.32515335, -0.67558056, 0.73005855, -0.09264934, -0.04496083, -0.00786385, 0.00003887, -0.00343076, 99.97200775, 113.23978424, 32.52000046, 0.00000000
1, 59.6550, 5964, -0.05416443, -0.99489617, 0.08194163, 0.69940776, -1.61083901, 2.34665680, -24.29114342, 14.70330334, -67.78719330, 94.78160095, -3.42420983, -11.33415318, -0.67555624, 0.73006678, -0.09277285, -0.04494000, -0.00572365, 0.00001543, -0.00051564, 99.97200775, 113.23978424, 32.52000046, 0.00000000
1, 59.6600, 5965, -0.05550984, -0.99412537, 0.08214356, 0.41888410, -1.92832005, 2.41276479, -24.29114342, 14.70330334, -67.78719330, 94.78434753, -3.43543959, -11.34476757, -0.67553973, 0.73006570, -0.09290732, -0.04492840, -0.00457362, -0.00073943, -0.00066562, 99.97200775, 113.23978424, 32.52000046, 0.00000000
1, 59.6650, 5966, -0.05783673, -0.99430156, 0.07844223, 0.45968014, -2.37884998, 2.33140278, -24.29114342, 14.70330334, -67.78719330, 94.78745270, -3.44608307, -11.35760021, -0.67551982, 0.73006529, -0.09305264, -0.04493336, -0.00242561, -0.00054169, 0.00307856, 99.97200775, 113.23978424, 32.52000046, 0.00000000
1, 59.6700, 5967, -0.06165140, -0.99080670, 0.07803805, 0.67504674, -2.51868749, 2.43048477, -24.34960556, 15.69716454, -67.43642426, 94.79167175, -3.45715261, -11.37116909, -0.67549264, 0.73007053, -0.09320556, -0.04493899, 0.00120160, -0.00401875, 0.00354666, 99.97200775, 113.23978424, 32.52000046, 0.00000000
1, 59.6750, 5968, -0.06498051, -0.99077344, 0.08017580, 0.81625181, -2.41466236, 2.50127101, -24.34960556, 15.69716454, -67.43642426, 94.79656982, -3.46861362, -11.38424397, -0.67546159, 0.73007989, -0.09335791, -0.04493865, 0.00432427, -0.00403661, 0.00148180, 99.97200775, 113.23978424, 32.52000046, 0.00000000
1, 59.7200, 5969, -0.08176757, -0.99293900, 0.08188917, 0.46239686, -2.71526122, 1.83261919, -24.58345413, 15.69716454, -67.78719330, 94.83640289, -3.55824375, -11.52520275, -0.67519367, 0.73012847, -0.09479636, -0.04516238, 0.01953022, -0.00171830, 0.00041549, 99.97200775, 113.23978424, 32.52000046, 0.00000000
1, 59.7250, 5970, -0.08156265, -0.99343264, 0.08473378, 0.59951699, -2.32692671, 1.66486871, -24.58345413, 15.69716454, -67.78719330, 94.84017944, -3.56556273, -11.53751278, -0.67516810, 0.73013479, -0.09491912, -0.04518486, 0.01918986, -0.00121616, -0.00236844, 99.97200775, 113.23978424, 32.52000046, 0.00000000
1, 59.7300, 5971, -0.07883316, -0.99172282, 0.08803894, 0.63193870, -2.08128023, 1.60020673, -24.75884247, 15.17100239, -67.99181366, 94.84404755, -3.57267022, -11.54856205, -0.67514241, 0.73014277, -0.09503263, -0.04520122, 0.01632571, -0.00291766, -0.00559577, 99.97200775, 113.23978424, 32.52000046, 0.00000000
1, 59.7350, 5972, -0.07422300, -0.99101877, 0.08858439, 0.62932140, -1.87159336, 1.57018590, -24.75884247, 15.17100239, -67.99181366, 94.84784698, -3.57971501, -11.55856514, -0.67511755, 0.73015124, -0.09513909, -0.04521185, 0.01159202, -0.00360948, -0.00606462, 99.97200775, 113.23978424, 32.52000046, 0.00000000
1, 59.7400, 5973, -0.06909328, -0.98927855, 0.08677956, 0.80661005, -1.86583936, 1.39280510, -23.85267448, 15.22946453, -67.46565247, 94.86003876, -3.59950399, -11.56889629, -0.67504495, 0.73019868, -0.09532550, -0.04513575, 0.00623595, -0.00532052, -0.00410541, 99.97200775, 113.23978424, 32.52000046, 0.00000000
1, 59.7450, 5974, -0.06601508, -0.98841977, 0.08532850, 0.77125603, -1.89929676, 1.32235348, -23.85267448, 15.22946453, -67.46565247, 94.86453247, -3.60529494, -11.57893181, -0.67501503, 0.73021233, -0.09542510, -0.04515400, 0.00294049, -0.00615040, -0.00249673, 99.97200775, 113.23978424, 32.52000046, 0.00000000
1, 59.7500, 5975, -0.06565771, -0.98861694, 0.08362252, 0.55882031, -2.00312090, 1.21742642, -23.85267448, 15.22946453, -67.46565247, 94.86801147, -3.61051917, -11.58944225, -0.67499113, 0.73021984, -0.09552401, -0.04517954, 0.00249270, -0.00593925, -0.00072941, 99.97200775, 113.23978424, 32.52000046, 0.00000000
1, 59.7550, 5976, -0.07081222, -0.98996806, 0.08197262, 0.41772035, -2.10798049, 1.18167102, -24.70038033, 14.99561501, -67.72873688, 94.87080383, -3.61552548, -11.60046387, -0.67497134, 0.73022312, -0.09562463, -0.04521003, 0.00756571, -0.00457562, 0.00095815, 99.97200775, 113.23978424, 32.52000046, 0.00000000
1, 59.7600, 5977, -0.07574067, -0.99027050, 0.07979602, 0.52451235, -2.13933659, 1.07440746, -24.70038033, 14.99561501, -67.72873688, 94.87414551, -3.61998367, -11.61159325, -0.67494768, 0.73022991, -0.09572293, -0.04524421, 0.01241728, -0.00425991, 0.00317491, 99.97200775, 113.23978424, 32.52000046, 0.00000000
1, 59.7650, 5978, -0.08016656, -0.99398935, 0.08326025, 0.52283746, -2.00010157, 1.07774770, -24.61268616, 15.52177715, -68.10874176, 94.87742615, -3.62451625, -11.62202263, -0.67492479, 0.73023689, -0.09581721, -0.04527385, 0.01675741, -0.00053693, -0.00024966, 99.97200775, 113.23978424, 32.52000046, 0.00000000
